Period,Planet 1 h fft,Planet 1 k fft,Planet 1 p fft,Planet 1 q fft,Planet 2 h fft,Planet 2 k fft,Planet 2 p fft,Planet 2 q fft,Planet 3 h fft,Planet 3 k fft,Planet 3 p fft,Planet 3 q fft,Planet 4 h fft,Planet 4 k fft,Planet 4 p fft,Planet 4 q fft,Planet 5 h fft,Planet 5 k fft,Planet 5 p fft,Planet 5 q fft
inf,10.839174655427446,3.6963812139643424,5.7731785274338945,3.132029502927378,11.641089368736726,4.279613647271685,5.763401699140388,3.143486871116811,10.606835379407247,3.7652457269912505,5.769113934866957,3.186105754377099,10.15652280295861,3.6271916607005155,5.668483600999781,2.9498410359396465,13.433576696105753,4.665985727355496,6.433631749089377,4.930842555694085
1000100.0100010001,11.19252827036452,4.254861577325353,0.038382864101211986,0.1326050939737039,12.0326559123318,4.877596587242699,0.04776396903069524,0.12058709079511588,10.963820133589063,4.334270977271211,0.04104548563516448,0.07764840146751135,10.568021464803671,4.240214481916652,0.13831725793590555,0.31145815493141105,14.181391844320627,5.893885402452405,0.6696201201383184,1.6958262647021516
500050.00500050007,12.419107959030947,5.949413995207725,0.05204971593562132,0.14011845608252635,13.395915999792097,6.7232662656614774,0.0589039303531774,0.1283200093225798,12.222882679604789,6.052677894479093,0.04997692004637135,0.08426810095408939,11.857887775806438,6.080594201711466,0.1399961785136089,0.3097999776021848,17.193518665282223,9.840946160259893,0.7942940836523814,1.783565557973115
333366.6700003334,15.127318894831188,9.192936211527059,0.0756627247517783,0.15524937801064628,16.40993475247331,10.291747058141842,0.08207745563003635,0.1431090572161885,15.003114730829795,9.385440311448914,0.07124533560859442,0.10296108018703297,14.865032968766828,9.613734378024951,0.08981065893341679,0.30923096510360326,21.553104866692525,15.153325642912723,1.0236278355060269,1.9462580958776294
250025.00250025003,22.177361147989174,16.736896278179547,0.10537434289046078,0.17810808378788215,24.244327977514356,18.644885031000264,0.10824900220244779,0.16403706461231773,22.24418095995992,17.108435679397772,0.09518373071245288,0.11603294006916075,22.5308019974337,17.784946957665017,0.10172556768082208,0.35913020298885645,37.417332070769845,31.779611791049646,1.3552993792672865,2.2213687007263774
200020.0020002,58.78524360264891,53.76398609396194,0.1526914922087792,0.2201453961569997,64.92543160090322,59.76168193517273,0.14126915147997401,0.19264486235911307,59.780442204715165,55.0681940257887,0.08829089205694897,0.10347847579104107,61.778642146948,57.4672090207101,0.48843519769875177,0.726928247450986,124.58714727078272,119.55999421354416,2.0682217733090615,2.888908390685918
166683.3350001667,44.78452400418335,49.35278852384492,0.30650242963141755,0.36870158660235114,50.190521144171115,54.87324599758687,0.30743589105428276,0.3561649068703868,46.660356997499456,50.936397274819036,0.3113990730464129,0.3299082873665239,51.208429711229826,55.031077517425764,0.15937941523933444,0.1387845398485319,137.24921116620862,141.67128405960366,3.4989971049266,4.243593081453715
142871.4300001429,10.434668423849894,14.601111833075118,0.5454538610557323,0.5991407335943103,12.038155459520537,16.317052131485458,0.5345097990003241,0.5755930963567345,11.475267827457044,15.370663201295976,0.4986033259209986,0.5104936376766254,14.564491892732738,18.0681306270258,0.19567906729743098,0.4453933318287185,66.33322344593013,70.31429531733197,6.260586484032503,6.918566039929455
125012.50125012502,4.167840305683195,1.4740016670474692,3.0984450632934637,3.155127414543142,3.9677930425033523,1.8434059095237445,2.945248937721451,2.9896073587317167,2.9332059486690363,1.8755668742659053,2.621636480801672,2.636151655605463,2.647544342841501,5.744057577922451,0.7167386990399348,0.8545877253835591,93.43554440504157,97.06646194831067,35.27307941183531,35.96243435284074
111122.22333344446,22.97940250691113,26.647212367373754,0.768155953016018,0.713772804362268,25.430079652680554,29.133342867113708,0.7271407826855407,0.6839860057510531,22.624800800431945,25.99679406680257,0.6383249252685816,0.6254302788352569,18.52110306835612,21.464808973539323,0.2169947328619167,0.13310795258154326,85.13759193083726,81.82207973813352,8.621936244286497,7.935097279403361
100010.0010001,9.084114956608014,12.4951257547012,0.4115939036425131,0.3611662989008919,10.287724926213698,13.741686074634124,0.38520935013935104,0.3460893305916465,9.33130423856078,12.468203088064895,0.3337860774237853,0.32369510133905405,8.76843505256706,11.510896568750251,0.1859931942021738,0.18599463785642098,17.037243184271333,14.021312985148732,4.541872359680065,3.910262641065169
90918.18272736366,6.1060234398139395,9.30139643647946,0.31797652460738,0.2718074038244956,7.018611706816093,10.253186687118555,0.2972397205782747,0.2618216251755942,6.415967787252465,9.352584364970655,0.25326006691101466,0.2456571961940763,6.419855323820375,8.97322042659349,0.1643616106709598,0.2671684021759787,7.715257086557051,4.991613692221972,3.432834347545758,2.8616184364966615
83341.66750008335,4.3752222378914665,7.371849883956282,0.18665090604788906,0.14355675821136507,5.115452530750188,8.153823109136802,0.17325553306054547,0.14032801828133315,4.738458260459416,7.490291037395637,0.14915076954536838,0.14302696456518774,5.1554256581975295,7.533233347883645,0.15860018497372128,0.24550019992526864,2.326888094454768,1.3449958955767705,1.9700779384826905,1.4326945315702873
76930.77000007693,3.6167662251450396,6.435898605721619,0.16227572827377718,0.12122327370833641,4.26430231320384,7.122151890781912,0.1494009928462337,0.11834972668077058,3.9774886202205813,6.559256696917011,0.12447274532347775,0.11988193404023244,4.243797473685917,6.5238516175789805,0.16967240034960665,0.23858971731759643,1.9684980652610087,1.3527521171188535,1.6949007662840472,1.1786782800619031
71435.71500007145,3.002522723819469,5.665017379364178,0.14389306075594308,0.10457034378177232,3.578574151060404,6.2808719344043356,0.13187048952861,0.10227235830846222,3.3362574786652006,5.787374034040513,0.11114134665049931,0.10726173457464455,3.842624550363158,5.956877428840032,0.18125446051934552,0.27741138685719297,1.4010613490797525,1.6316959420795485,1.452055527685233,0.9595287679519191
66673.33400006668,2.567103946407436,5.083070848252253,0.13077604382503835,0.0933607212162595,3.0873888619823546,5.646454278773775,0.11903108649788878,0.09117178479581158,2.895203466100951,5.208116005353947,0.0990349514534459,0.0967305761035012,3.4082701543094065,5.424084434034474,0.1984404918347431,0.29342526014942966,1.0880200657435386,1.7928604074262522,1.2841190282162591,0.8141461504341211
62506.25062506251,2.2304100657057107,4.611908319938403,0.11973114531104327,0.08389498945800496,2.703396581805751,5.132757615359169,0.10827774387969599,0.0817573213442023,2.548106545850152,4.745220341952989,0.08917955932806831,0.08761968406036469,3.1282808572836496,5.031236383720181,0.20568353186066468,0.3044875136035109,0.8951455179648958,1.8905008926984244,1.1438472279751613,0.6949079233909744
58829.41235300001,1.9701841929517,4.228902962840056,0.11136483935164018,0.07694669639875469,2.405164036328216,4.716455935007024,0.0999747428813438,0.0746937142370834,2.2799914224481665,4.36769271364005,0.08133265014529543,0.08000296455266132,2.869102476653911,4.686356967540874,0.21738826008693296,0.3136959883027967,0.7869341615769733,1.9239310448236002,1.0326606172774777,0.6037130140094051
55561.11166672223,1.7616455638200592,3.905864168248046,0.10494699680031226,0.07201119552841877,2.162375935429613,4.365213516972495,0.0935126222131597,0.06957580270791058,2.0597114759443222,4.054034492637808,0.07451574872066766,0.07478118366253143,2.6930792062780697,4.417593685227458,0.2279868691256771,0.3269432265417473,0.721783145267899,1.9148170157478148,0.9428501914143216,0.5320325021082896
52636.84263163158,1.5915165301059016,3.630250808496462,0.10057593259250494,0.06794576072970598,1.963093866922802,4.066878078970039,0.089200872326642,0.06503150989415961,1.8822677515680855,3.7788595259508364,0.07236712286548587,0.06697879468997288,2.5319883941925894,4.205963574724079,0.2476972693943851,0.33104426356403394,0.6791966455625104,1.8902531143199848,0.8706262040532147,0.4726551084936044
50005.00050005,1.4523553148626427,3.39009820350755,0.09664142164274298,0.06575738612287282,1.7961819935182086,3.80767192424454,0.08516037275519324,0.062470495897508596,1.7298090743656813,3.5487709177054865,0.06860636230179686,0.06363011985439672,2.420681582644522,4.021164843150179,0.2548228930493083,0.3444309125630695,0.6448401793493965,1.8423860523298607,0.8045990008279147,0.4267375077867605
47623.810000047626,1.3319707775456247,3.17798996850164,0.09451346848333703,0.06336850457189044,1.6521770402206701,3.578774919110996,0.08311045047195922,0.05913668904354993,1.601553215669013,3.3316286944087268,0.0705982223828748,0.053759635639555825,2.332963011852991,3.922576699513652,0.29212687403056276,0.34002531810529174,0.6208589531169573,1.7992893172739262,0.7474921165336148,0.387530852937567
45459.09136368183,1.2411518777742236,2.993250502174693,0.08447286672830177,0.07012680345424266,1.5418287124074612,3.382859303650984,0.06699774760413887,0.0709989827570249,1.5614101117149504,3.1738530762110253,0.011980730453611727,0.12471281337236194,2.1328708054411996,3.7461663813190844,0.14179519639154986,0.5636367339599839,0.57597733437549,1.739415529921635,0.6841294141460439,0.3626413940300046
43482.60913047827,1.1485955329354347,2.82449396822378,0.08932725333558596,0.06382633241017395,1.4251887298849555,3.2016620303559566,0.07527529509657696,0.059897500587377576,1.3986817765959008,3.0240366068032793,0.04504469643400067,0.06650773643450986,2.287489821749968,3.5381412047123653,0.29400755831377073,0.4220319400206843,0.6273879758039727,1.7936537153813517,0.6447831536290608,0.32798019574771614
41670.833750041675,1.075695650962894,2.6729396768430163,0.09162489177728536,0.0616745440978013,1.334651316948322,3.0381421423166155,0.07683983639291636,0.05736748619524607,1.3278626400852727,2.8623131269677553,0.050844620378333344,0.05626285176963832,2.1421831614640143,3.5781048585172606,0.3207388882298939,0.443475972888099,0.5398994950489611,1.6358563873424687,0.6509869026479813,0.2880369196607504
40004.00040004001,1.006456392881234,2.5353246348176186,0.08923362542023043,0.0656635703493001,1.250209094449483,2.8924266673659633,0.07500461312276158,0.05883845213020513,1.2425717664776466,2.7496739516746675,0.04457909319721998,0.05679021661741953,2.1871245556501986,3.480352517042139,0.33544930845053633,0.4834664814641585,0.5298710402991436,1.582234391321819,0.6168049501577323,0.2745446825961163
38465.38500003846,0.9432237488564068,2.396494392478908,0.09083916026521202,0.06629839124791173,1.175825998977619,2.76588648252492,0.07459808743639766,0.05949480243528466,1.1778674887300282,2.622589419396392,0.042732999885677275,0.05382521921871822,2.10497287355659,3.5156819145703224,0.37488915969528036,0.49688673379845383,0.47725206637577755,1.3982262330397504,0.5680156874696373,0.25801385009541333
37040.74111114815,0.9116567945788808,2.296586782481401,0.09599358774951412,0.06534308966731402,1.109526944423799,2.6325692490114654,0.0749802701283165,0.06107045186391523,1.121562115433888,2.5351062898375445,0.03638496693370357,0.05655957605634892,2.200559105019885,3.4078562585249714,0.4124103747609979,0.518956054629642,0.5110149551420313,1.5006346435710685,0.5222258278109392,0.2412861060193571
35717.85750003572,0.8587181075380205,2.1790762259014604,0.09175933998309721,0.07660281319877282,1.0499597159830112,2.519115922252884,0.07717716481831895,0.061352884092073665,1.0679193494363517,2.4318196706049435,0.04142755690339944,0.0481716319441251,2.2249968409491783,3.4427375571532934,0.4648307194788041,0.5557131587836217,0.4820194831791106,1.4488074623164993,0.504507717099012,0.2192751193380882
34486.2072414138,0.8020022382350703,2.0298457964206964,0.09823008559647037,0.07743586735109943,0.9948742339882041,2.435968518481699,0.07780964691844314,0.06540998302330213,1.0318215050963373,2.2997960974490406,0.030639673673286624,0.0521028723217863,2.391438456027792,3.3145546425013728,0.494811295333924,0.6171503621489115,0.4818858512268196,1.4345237844787653,0.4817896704639582,0.2059960473234478
33336.66700003334,0.8360153525385485,1.9987532972428692,0.10552966941651401,0.08061856552376552,0.9194188892065669,2.2946154437603545,0.08211515016080433,0.06777331512841919,0.9954164954215969,2.308637481412016,0.03308334531533394,0.04408250646113921,2.451149910962572,3.5803577174382815,0.5694140932931916,0.6528185434522394,0.4551128262073327,1.334254916248722,0.46062144673808947,0.1911421182762128
32261.29064519355,0.7926659110886596,1.8727206397482687,0.11099051939831578,0.08733807215930685,0.8668561459018572,2.214922806374811,0.08558117161580296,0.07273239869990958,0.9804754334664775,2.200248158301333,0.02761612342217191,0.04311308443376999,2.5865135145293165,3.586766557001676,0.6316770383431288,0.7245904149157656,0.439207991963484,1.289837197184694,0.43931338309578843,0.17754091120950066
31253.125312531254,0.7627152018076147,1.7431221851311627,0.11606343279520874,0.09394268236814289,0.8154054205702169,2.110072908743777,0.0907608367032692,0.07854312341450584,0.9420893319808844,2.120743228217462,0.023715066586793322,0.03947799363488543,2.9055908310636878,3.8987588160891287,0.7078060793200973,0.8011458663989712,0.42733116894154743,1.2313799079034975,0.419111967354545,0.16474249301503985
30306.06090912122,0.7418746916877323,1.7067651794463274,0.12868421829078436,0.10647469583941611,0.7841740820369996,2.0491380052949073,0.09928643183633029,0.08768890259294197,0.9205592847599207,2.074549892528622,0.01993806281128953,0.03546042206139599,2.7254737358730505,3.6841845253968226,0.8298164110672077,0.9214797460206825,0.4092676088177975,1.214404130270187,0.3976593857704548,0.15032589386328868
29414.706176500003,0.7530030992346944,1.57274462740502,0.14980825698983907,0.12698892972403597,0.742548106766778,1.9356219383835176,0.11146417409434743,0.10017029585391457,0.89554331070774,2.0148957092761206,0.018031972313405312,0.032710003689762304,3.2119360802884054,4.19756216366048,0.998767702043468,1.0928485413995381,0.4141511036248893,1.1443182110392915,0.37195558541186635,0.136722171614401
28574.286000028576,0.7393045832507916,1.4590762870557314,0.1694546835266536,0.14891099914803485,0.6888413843886088,1.836260671907495,0.12593226972178934,0.11542955012013013,0.8755745209764271,1.9640516733247395,0.010989404456691144,0.024135046766104843,3.681354728018691,4.634821803289793,1.1988009205583754,1.2801186588437465,0.3989073003217246,1.0934313377894853,0.3554619490571418,0.11191986141012794
27780.555833361115,0.7656194072461691,1.294523793216663,0.22592592901223277,0.2061889918292571,0.6338132164970979,1.7012107960499583,0.15880597702585592,0.1496581005873776,0.8697460343751463,1.9350316274624337,0.018132711703528898,0.02357296431746369,4.645709487585848,5.575814136930087,1.6504351094644,1.7198508970177,0.4077320224337399,1.0114845722722416,0.32671142790338087,0.08256005797369598
27029.730000027033,0.8673901475654875,0.9516592055977746,0.3739730931397087,0.3579567272866976,0.5213948074769799,1.4352930792564969,0.2583166618663109,0.2532554230322125,0.887040117326057,1.9331447353911508,0.057660159199530756,0.056167493473665876,7.591348615975351,8.450829480654098,2.9201394537029315,2.945985146867289,0.39589815909810194,0.9972508213897473,0.3569155099626112,0.04352182400710969
26318.42131581579,1.049556546107929,0.8046279842225944,0.5429615410496202,0.5269150295489229,0.631795569719208,1.3077005948420743,0.3908112911528903,0.3758089313463399,0.8814686129673132,1.9285607114198005,0.11188012464034068,0.10349951921377429,8.22459178122223,9.1804470489998,4.554379586509026,4.714697628352474,0.5367618400216632,0.7396430719438614,0.27094705846283723,0.3535209472096061
25643.590000025644,1.372343369490483,0.5322625397981535,0.6143182344395338,0.5920321040389471,0.6393614991552675,1.036425304848815,0.42383830965069247,0.4094790569968733,1.0383848670103908,2.0246110596968308,0.12544429967324308,0.11009291552491837,15.08694358630119,15.764299145050273,4.885135620450575,5.031525910848474,0.6565491046200318,0.6331763137886528,0.07974761781244484,0.25440266913327575
25002.500250025,12.802418300594413,11.650574760825947,6.526441525236817,6.505247637799164,9.136711070573435,8.199184553653442,4.351233460127973,4.340357995409656,3.7839437350813685,4.697059634698706,1.8769252421860771,1.8621983129921407,126.38497299871332,127.04277879666172,53.54152836570795,53.647057958225155,6.339316743192454,5.6062655568737005,2.6951748493051086,2.9126508152258146
24392.6831707561,2.5500043001838515,3.9157843141029867,0.86922465739146,0.8883652616971003,2.2186222484260276,3.491270645299584,0.5701929705138701,0.5780548926575168,0.606976025106537,1.0657380218145496,0.3168415896303685,0.33022441514621437,22.39285869779545,21.5087685303755,7.348130590201557,7.273334337017582,1.2922372026211808,2.247786697645171,0.7468983588054852,0.5612642756413931
23811.905000023813,1.2035010206103427,2.38123406614627,0.6773390302225862,0.6832380925538422,1.2445349979973843,2.3869542884733828,0.4617859892541506,0.45793802989668314,0.5227889172047124,1.3656420312462318,0.2731270283375473,0.27780206793888484,8.622887204924803,7.819700158154224,5.677956479127515,5.725178924753378,0.6731664617949737,1.517308828576667,0.522770250928772,0.4593860003701665
23258.13976746512,0.9156327051784114,2.149743869629977,0.2637391572829691,0.28320136515371885,1.0634903606879513,2.2564099645959326,0.16930102882390538,0.1775122456583157,0.5760572559607922,1.2901919870324146,0.1375932894341798,0.15250502494029503,7.274705830294168,6.378649854353137,2.3874041542394506,2.3032191981320915,0.6456975061603589,1.506824089318747,0.47297770198525085,0.28315940861690697
22729.545681840915,0.6833379215272344,1.7267289918272974,0.16140627422993337,0.18095829777170783,0.795290593555566,1.8792450822197708,0.09915950761057808,0.1074309759710979,0.6004967917444055,1.4589956467949134,0.09920671896589499,0.11471353294058886,2.9470918025428525,2.0786027288370756,1.4876215241616555,1.3994122807957443,0.3656864341114913,1.139058803246783,0.38344808749865317,0.1938726024076665
22224.44466668889,0.6437076260091135,1.6305121605266564,0.13628573887987305,0.15575857871516396,0.7626102875597931,1.821745182871154,0.08232350758390429,0.09071132337219238,0.5785666854820548,1.4015755676453623,0.09439787335323967,0.11050538111550388,2.634156135343657,1.785585341208997,1.281936253628083,1.189768044902956,0.36228548973701286,1.1193370375296825,0.37429724295581457,0.18322314310801274
21741.304565239134,0.6316382993720422,1.5392425725421486,0.10980076145406237,0.12865220269649943,0.7262024507229774,1.7479188516710376,0.06547939075511523,0.07257901926356734,0.5686724129158587,1.389766100847914,0.08490693596040667,0.10098214566287417,2.1673984631948136,1.3581328419648004,1.0559260782191024,0.9733840119271351,0.35335883838579923,1.0756754469779275,0.35573749755692985,0.17434423995288492
21278.723617042557,0.602155712483939,1.4667325350757208,0.09245813988318832,0.11123385236454912,0.6909497933611968,1.6966561739787973,0.053755927315250286,0.0607849357027518,0.5555905825211156,1.3357413796528124,0.07971708912636823,0.09647031929182762,1.8729120042470153,1.0501317364444784,0.9083413737344045,0.8229762160285485,0.3403710032360114,1.0477197690390074,0.3427035150170309,0.16389091948313705
20835.416875020837,0.607536320670426,1.4172010103011887,0.079517002846807,0.0980275192192911,0.6648506145700587,1.6437091752327209,0.04533992172536438,0.05198745342616545,0.5753458103523069,1.3389504773420167,0.07565544493513741,0.09318550993594467,1.698407377604064,0.926614330945458,0.7966074313445275,0.7099922603334884,0.3358144683089747,1.0189850642600786,0.33051410267771425,0.155004972811333
20410.204285734697,0.5909279862292303,1.350150503524718,0.07058193332712887,0.0890302178320799,0.6438939545625578,1.5902607235997543,0.03924042652800489,0.0457317811826078,0.520787989665162,1.3205538798033807,0.07237042838843613,0.09128948675055869,1.4116608506489674,0.6359262680214923,0.7151213864812284,0.6292220886725277,0.3225458093511204,0.987100895798097,0.3200764846591352,0.14816466690104727
20002.000200020004,0.5881313944833201,1.302312057662675,0.06325266704908468,0.08144052973035319,0.6244420508386226,1.558009648754766,0.03426320333760191,0.04041589390788978,0.5128609157318578,1.2568557746476847,0.06997504575363936,0.08936859171581889,1.25395651678337,0.5207790491764226,0.6478476364145879,0.5601884334198793,0.31539408856064066,0.9617046659697404,0.3107264865684546,0.14191425034674426
19609.80411766667,0.581585418340637,1.2499884254562352,0.05804293358036449,0.07439219806123176,0.6003040781353074,1.513400389525829,0.03076631465522817,0.035409738990068385,0.5176779072037917,1.249298416182258,0.06903601207423353,0.0864823099965672,1.0827597748162332,0.3519792641631911,0.6007629141100649,0.4973638121684881,0.30678618725121976,0.9366201357681778,0.3041410236466891,0.13610700187108554
19232.69250001923,0.5749519809464635,1.211988742452776,0.052507219108332503,0.07050041984681281,0.5784228444041543,1.4809398710757746,0.027184122666165763,0.0327168222229269,0.5322499582220518,1.225207721389705,0.06504893585065523,0.08836300571184917,1.0078003485463491,0.2842371361876003,0.5481157167940971,0.4563091057781703,0.2997748163077709,0.9164568676854968,0.2946202829406647,0.13067096192195682
18869.811509452833,0.5743255913501633,1.1700975613924331,0.048342022015936306,0.06649688461076443,0.5625454822040508,1.4423731004115103,0.024332548838223885,0.029945943980848478,0.5193195971623127,1.2158850031516213,0.0664809933709978,0.08502614608400401,0.9132142305308136,0.20318823128371727,0.5032947706131768,0.42111065614064075,0.2962334931465789,0.8973958652314156,0.28684655501016326,0.1264359680196535
18520.370555574074,0.570096393732545,1.1341405568810297,0.046544611554084805,0.06158105609759784,0.5445252423919682,1.4150355601219606,0.023703585357798707,0.02579278151762634,0.542286048836437,1.2093618119471552,0.052518905620409284,0.09836631789955655,0.8069951362758082,0.12580274338868883,0.500099566366141,0.3585760935341969,0.2810771420442341,0.8732177063081933,0.27847814006159416,0.12573934338354978
18183.63654547273,0.5723271644540798,1.1011841516076513,0.0439058030571459,0.059067724227406054,0.5357304131861063,1.3832471245857745,0.022068712149770815,0.023531410488105642,0.5436152082157042,1.1616266990386863,0.03758440179464826,0.11145720884371005,0.8183689013097344,0.04954631589362242,0.4919819180059891,0.3150932844044281,0.2770751695733664,0.857977074649108,0.2776008024292901,0.12159319915441062
17858.92875001786,0.5734669765216298,1.065526563023032,0.04428089050528801,0.05396246730896889,0.5234211972958125,1.359379343018319,0.023910421408655055,0.01765647565159643,0.6130433183794481,1.2031518396475862,0.020858606955089874,0.1682353874197974,0.6171300526582267,0.18657585912072866,0.5686067098914437,0.20597085926814476,0.26703859811377545,0.8381108759165098,0.26994542584861503,0.11793808615243898
17545.614210543863,0.5714393448773064,1.04091197918479,0.0332102959648146,0.06183059876382704,0.4911211293782667,1.3353476165634799,0.005008945484048644,0.03359954962979237,0.25579870673309796,1.278126817248571,0.22638584181005988,0.11237902022281254,0.7827993289631447,0.5998164412387147,0.20610919949544437,0.6114151742407457,0.2817020044382152,0.8262049995585456,0.2611603100855672,0.10602496349221377
17243.1036207069,0.5776946614730907,1.0058809616837372,0.03743691926543094,0.05339474596508712,0.4887859069910946,1.3085266326265266,0.014020108395586707,0.021703205535186634,0.438182262620442,1.2058800878372453,0.08656960333883426,0.10029804090652904,0.5176658408063626,0.18220418494772164,0.37730135286871685,0.3452463968687126,0.26636222006859217,0.8079811337089176,0.25299469742089065,0.10956942476015455
16950.847627135594,0.5802649708379327,0.9777147972436719,0.03638990267197199,0.051318484063522796,0.4808240318911055,1.2840462247071145,0.014545413688688011,0.019198913002101494,0.4569025342766558,1.153651011566377,0.06347082909467142,0.10169795983971491,0.5358753266881804,0.12085539928893604,0.37701197348482285,0.28925000818805024,0.2600615948789314,0.7937415279398914,0.2499230013505955,0.10825487237988117
16668.33350001667,0.5887387951585857,0.9447266280777455,0.034177683145949454,0.05066303130688433,0.46855369909163475,1.2592823160806659,0.01337899292649001,0.018822857800836548,0.4575159397598941,1.1318265583574794,0.07020054860394224,0.08178520269453445,0.5034291891934558,0.16713286108552478,0.33274769480409155,0.27993145885362575,0.255981925996439,0.7788196857150428,0.24717713210544914,0.1044106019027851
16395.082131163937,0.5886725917302147,0.9174218438450881,0.033038594483642054,0.04927673510510255,0.457200282097034,1.238030515226516,0.012827708039161643,0.017609393027835846,0.4665618247008445,1.1139437258703107,0.06787172926149856,0.08332467865440608,0.49440040862809204,0.14100034111367618,0.3206477364485491,0.2606647338526972,0.2505188356400372,0.7655064401306517,0.24210158247715302,0.10222845450165241
16130.645322596774,0.5986376238500142,0.8935653305351386,0.03133141847282015,0.047127913735994266,0.4474408522236999,1.2179482039109486,0.01206597604605254,0.016955522415303022,0.463871176371569,1.0966437776490485,0.06876817633869718,0.08324851600016046,0.4776877364953574,0.16883302312348752,0.30652410002620767,0.2484243221558405,0.24689345102984236,0.7527214773794704,0.2377060421818691,0.09992023676139478
15874.60333334921,0.6107927727121716,0.8631861766600405,0.028943392937820906,0.04488063070285907,0.4357842293592532,1.1983020075959043,0.011482152678020448,0.01633798773752155,0.4697923365690299,1.0881503920345565,0.06932396023938311,0.08397807181538475,0.4490798618557372,0.1783796716690318,0.2939609761138102,0.2355703564782626,0.24205957237097123,0.7396763073352195,0.23338249915905554,0.09795578261356447
15626.562656265627,0.6346731403472076,0.8484013639641932,0.021130997268144137,0.03671323876228194,0.4240441986810411,1.1797541540176602,0.011797766358563524,0.01734843480705852,0.4760547017783788,1.0658517301271804,0.07301622403184503,0.08785797466180584,0.4576360546487149,0.20261141587340628,0.2847011713555232,0.2270377576345121,0.23845686773093305,0.7285861421792315,0.22943149789946796,0.09592611462711664
15386.154000015385,0.6650034723426693,0.8400013326383184,0.029997503422249366,0.04317811793949494,0.4060667075193193,1.1573675768044938,0.013874250310026887,0.017105969345798694,0.5283472786696721,1.0847188613344763,0.07422266018057858,0.08691008557374878,0.40327692485986905,0.22393926288037866,0.2737947170042545,0.21872749714629966,0.23304382117677203,0.715254977056697,0.22533869000371418,0.09389601507323131
15153.03045456061,0.7353014614250214,0.9252949584298502,0.005992209713354029,0.010213960688749964,0.37085212398732126,1.1248116260693002,0.016519771273775696,0.022472852522618894,0.6400690535069828,1.1672431738595823,0.08743184973302325,0.10219004686605644,0.3950000845976745,0.24739220214639948,0.27309204395326064,0.21490653170767968,0.22820833905884041,0.7038449774500392,0.22163747515743237,0.09201034673782482
14926.86582091045,0.721929582263895,1.380134607617418,0.08282290215281846,0.07089931544109244,0.33055476669325856,0.9589479940063376,0.033899991003503986,0.03849601463356547,1.114101528999835,1.833635957013329,0.12320538176428167,0.13484150655555968,0.1944760954868941,0.5436122760167535,0.27679651365592584,0.22261549245143866,0.22407282762120387,0.683427324161619,0.21771156117431675,0.09028790569679163
14707.353088250002,0.8314099687154698,0.5889771867870086,0.06521156699235918,0.05829040007667709,0.40705106028785315,1.189910671834128,0.031187365609665143,0.03411985828182,0.6350036094687169,0.7271846380999871,0.11239058308496196,0.12261213665519846,0.6339744257371758,0.10593620649228076,0.27567285853209866,0.23208620269106423,0.21988588958036434,0.68794502351558,0.2144398398932499,0.0901014451018687
14494.203043492755,0.6223257071820368,0.6163967698420552,0.411966548783891,0.420360163418084,0.41747230785868994,1.1262201343938445,0.1089889620425898,0.1016028009448945,0.3648073414843236,0.8510400153195279,0.20865666778819075,0.19010587801532433,0.44292408099947145,0.15312968751717604,0.207102893394848,0.25989922357917566,0.219021577755792,0.6727036722934927,0.206787280062999,0.09007333054238796
14287.143000014288,0.6178636552699618,0.6548023981430422,0.09005771495689889,0.07564296195892245,0.39339817460380755,1.0972408380472973,0.03652862478906617,0.0426781347435204,0.3868881179366542,0.9051624890453154,0.14089337307167163,0.15572999022904999,0.43956371242686404,0.17471179365847533,0.2739343082143005,0.21212824462933885,0.21330029969920553,0.6605169205661326,0.20547073500032847,0.08507218110893
14085.915633816903,0.6196333948852234,0.6456387131780136,0.018025344760452817,0.03207358273239228,0.39099831295212695,1.0769526278809656,0.013178907324977122,0.019345768834809356,0.3602699943810961,0.9171540034432162,0.0994610654014301,0.1149246874709367,0.37941801328449204,0.2104030336691405,0.2400066476363169,0.18325962953410257,0.20427311059673567,0.650595632734304,0.1940290238480207,0.07781507353883252
13890.277916680558,0.6799473171177953,0.5552342464380994,0.02550708919166397,0.03918550012379731,0.379661788794287,1.0730491449516049,0.006881775630069268,0.010615716024222836,0.39575908943222804,0.9271663355294151,0.06992501558967162,0.08587995201001501,0.4322776332035163,0.18309132277396195,0.23435631985749525,0.1732307478829197,0.2344186295364483,0.6768348350010893,0.2266989475936151,0.09902735874610676
13700.000137000003,0.6986764006390198,0.5635725805342966,0.01656849545746982,0.029111343566493315,0.3799229956232749,1.0509026827477699,0.01091766524695667,0.007928441146268148,0.33235939848614415,0.9243906471123187,0.0528989308052234,0.0603820010921492,0.30818053660853906,0.2680874617693874,0.1720012688904402,0.1571180288355954,0.21780361682190008,0.6391686997083569,0.2058371580215275,0.08624921079341748
13514.865000013517,0.6234197755899193,0.49585101073999066,0.042812832220828316,0.03822834517902318,0.3431272405291933,1.0387275222187797,0.016150259597782497,0.010064726684891565,0.4482459944616389,0.9395782985126382,0.059053555712380995,0.05063720511040328,0.693866786699396,0.49880558576159206,0.13147426411786475,0.18018216709500967,0.20214040077902737,0.6331001273056964,0.20163702217603055,0.08382332666991694
13334.666800013336,0.530237076817528,0.8939983973054404,0.27038200145015095,0.28266669882967244,0.43156264630863056,1.1298170430047005,0.052314841026256144,0.0548917139585367,0.30829236531890386,0.7113717066094641,0.37354654360345396,0.38007185399706755,1.894135776863589,1.3971620122804362,0.6988540780735005,0.6775006177357069,0.19483500920805083,0.6426108741092373,0.18892696120277122,0.08558447886945832
13159.210657907895,0.717967222827289,0.47722635020530557,0.03469640173438069,0.043108699233443806,0.3513578819151176,1.0145377924110133,0.014218918404178741,0.010955182390476258,0.36666005571543325,0.9166044550671807,0.07733209023526193,0.0805852657927059,0.4093374906999206,0.31514898946247905,0.17168659637142017,0.18279332874664792,0.19376918294544052,0.6085804008670034,0.18750598431707546,0.07791490506748207
12988.311818194808,0.7559683444331333,0.49257013756992,0.0610821618395545,0.07294442452984665,0.35279338878017863,1.0059090034173108,0.0049998735622579435,0.011480129092526081,0.3547352794546817,0.89578485448711,0.10344107930838968,0.1218946252619715,0.29399777144153005,0.2592969047459597,0.22333125660773148,0.14257336726522354,0.1972463717591816,0.6008657733251445,0.18884351934639632,0.07599485358689098
12821.795000012822,0.7879004420883841,0.4796370850598737,0.04484475174569404,0.058014116871605834,0.34972774514051536,0.992655402024245,0.006734902634764846,0.008165527575176343,0.3552240223543459,0.9030735154450688,0.08290355473188839,0.09853046856694986,0.2355592355672641,0.29290392450238234,0.18649559991312317,0.13365676112913877,0.196529865604027,0.59365519448791,0.18618233410711585,0.07556372108422911
12659.493797481015,0.7992987758135615,0.46898956272933945,0.04739264156724048,0.06045427830934713,0.34467528094637123,0.9883954862559647,0.006937729160294775,0.0077979710463306415,0.35882900891575564,0.8897611707416007,0.08480544118045019,0.10010455672460535,0.29526166307122553,0.22159239606705958,0.18118569452710964,0.13030787105575686,0.19366992542316777,0.5871508208237092,0.18333854955269357,0.07412865177940586
12501.2501250125,0.8261016335971285,0.4574165327104481,0.049609320102679356,0.0625612102213572,0.34134978650740555,0.9791764236056367,0.006976519852300886,0.007348967917008091,0.3491226399100367,0.8873592944310679,0.08605393882962885,0.10131107407521163,0.28928717546404836,0.2222925303955414,0.17598423989585094,0.1262888015715124,0.191278613841568,0.5796969180868164,0.1808748617957737,0.07298955265198495
12346.913703716053,0.8518799905235259,0.43822558345574353,0.053054117281645025,0.06577639625578628,0.334350252081187,0.9708017203806901,0.006923030992420949,0.006992896588800109,0.36364504793416685,0.8887321830659354,0.0886447775360624,0.10415707455066547,0.28800442317446795,0.21950601906905165,0.1723012249244297,0.12221261157650279,0.18857190405237756,0.5723319966051433,0.1785476254769684,0.07187434537541335
12196.34158537805,0.8886946265849767,0.43361943783203405,0.056238650306724404,0.06892922357257039,0.332388019260924,0.9640026947675283,0.007078988666822099,0.006712206657707175,0.34735184308736955,0.8831937912124049,0.09159674032811267,0.10711011583680972,0.27890369798178616,0.2182233242080584,0.16884397566644666,0.11938326854126775,0.18653445252338857,0.5652791794488077,0.17625716350263368,0.07081587469382113
12049.397710855423,0.9263688323149997,0.4199298487426222,0.05936710324563127,0.07182123211736635,0.32647255344965725,0.9555347365309678,0.007231490915528047,0.006112765056121623,0.3660482879353998,0.9005927854242636,0.09344981473401219,0.10938514980470822,0.2692027918481825,0.22264342905186685,0.1667340731374758,0.11325657655616078,0.18377929209277205,0.5581148907511136,0.1742376496769785,0.06933790919276814
11905.952500011907,0.9646865866691198,0.4240359106761549,0.06297638928310166,0.07564043958365582,0.3225616107689123,0.9522881194241741,0.007365487229161098,0.006073100865453933,0.355497303442382,0.8923959839971154,0.09740652408124519,0.1113812025989899,0.2727929830076755,0.20174818672542044,0.15722304538283116,0.11545109335241449,0.18213980335130886,0.5514415003536552,0.1712004224621749,0.0689819701122419
11765.882470600001,1.0128342939732518,0.4312604920445934,0.06634900980172044,0.07958325399885022,0.31908179205859855,0.944759730945851,0.007986235534419106,0.0058341060042079035,0.36385875140480106,0.9040742769903608,0.10060749833726136,0.11380968407835933,0.2759438750272706,0.21332125821126377,0.1472197346528042,0.11357135534550064,0.18107887539795045,0.5457538807736477,0.1672861685841964,0.06802454577639884
11629.06988373256,1.0602518512142096,0.44781079701311083,0.07286837939202154,0.08205830034596297,0.31716497982707326,0.9415944630706362,0.005902178898853093,0.00530073884507525,0.3627014195748514,0.8961979596784122,0.09950228341240297,0.12185677918711214,0.284230843429241,0.20784638581252532,0.18412184027541267,0.10682357687575703,0.17706342887335702,0.537582572980822,0.1738355251942751,0.06965656381496022
11495.402413804599,1.1239434813463274,0.47990920219604255,0.07659902519515076,0.08807536689404176,0.3150063366392202,0.9380479657604093,0.007303695013946834,0.005149815804896795,0.3680892718521759,0.9094197503974357,0.10625144567315398,0.12231812097442425,0.27768806955177605,0.20482302647399583,0.15427466572172144,0.1056919998192777,0.17473337856546906,0.533134675176998,0.16776337636351202,0.06578481282599047
11364.772840920457,1.1875947980982346,0.5152317020743206,0.08250590449892996,0.09394181101495487,0.31450578762783177,0.9386011898342375,0.007703140107230729,0.0049300960358550526,0.37711273773959986,0.9104565426145088,0.10450505105090738,0.1328209570579887,0.2569749851396367,0.17886917516216158,0.15409291663407948,0.09858937360417275,0.16807603082508507,0.5271381681345026,0.1635282548973021,0.06497235814552531
11237.078764056181,1.2690761420796326,0.5830524033972437,0.0903701772184279,0.10020502156991236,0.3141466103411082,0.937910877748598,0.006751932261890842,0.005384177763338111,0.35286530503508334,0.9219109814284611,0.11044240500811654,0.138192617240335,0.2880425371985413,0.18357553441825245,0.15207328926440247,0.10282004784643312,0.17473184066795394,0.5187337914369637,0.15022018228830888,0.06517585614734592
11112.222333344445,1.364203671915853,0.6563005832313846,0.09735678703967905,0.10887868725845701,0.3124334929387247,0.9405185219598025,0.008490592393149352,0.00487333838994221,0.3600685281459982,0.9648923443799697,0.12297379506874773,0.13632175068484306,0.26757796279388385,0.14752780775476235,0.13797937166177449,0.10551627392084653,0.17155247588255973,0.5103314419061384,0.16070864069973098,0.06341265880518526
10990.110000010991,1.4733545724170598,0.7496528722125403,0.10674683640772226,0.11940746851215812,0.3145929331151587,0.9424968407455561,0.009618617033657309,0.005420670989132879,0.3460541484322677,0.964457953676773,0.13910753614322935,0.13444633378414494,0.37284106002795064,0.21417430189520825,0.11611030436969555,0.12040734833411236,0.17316192027670277,0.5062906919645493,0.1605519948772832,0.06037122611418062
10870.652282619567,1.6072209942176476,0.8785895387244659,0.11884377670469816,0.12951099321941453,0.31969087663806883,0.9507681057906627,0.01045073329701406,0.004695091062092244,0.47052619334727885,0.9655295430749503,0.12999888495986903,0.15710250176284776,0.28086468405904186,0.20810782985115825,0.14518699750279668,0.07571731567500353,0.1637080623300622,0.5009506150194553,0.1570415682489719,0.062472007418129076
10753.76354839785,1.7604419611370252,1.0254690033389167,0.13319382287858164,0.14459832963425143,0.3277543099007761,0.9625012626331851,0.011968965866270977,0.0056443172671698915,0.46347686079106126,0.9738564835271019,0.14659986573101824,0.15798572823677093,0.3251272004725124,0.18740547754048995,0.12484277696645045,0.08809556626640871,0.16387774086625861,0.49607301736762044,0.15519865112127187,0.06165777662602192
10639.361808521278,1.9849631770269944,1.2439140908782145,0.15143014667841243,0.1628744000147356,0.33743519265526595,0.9785612294896725,0.013486042867416293,0.007014697720941944,0.5037524674464122,1.0414281356313273,0.1588079003035861,0.16962458482013734,0.32253717753958755,0.16618363614985823,0.1183634009692211,0.08919422808881321,0.162840457463284,0.489792286221538,0.15375001492633134,0.060962056507211246
10527.368526326318,2.2004654254022173,1.4550093531838704,0.17556241670605827,0.18671475655571762,0.3550420337297596,0.9999444669440265,0.015559554798549261,0.00935730566330299,0.5333079840705772,1.0833834898742307,0.1725301189223196,0.1873724338111545,0.34270935338572867,0.13588659387171304,0.11645893434810507,0.0874764427005405,0.1611764407157914,0.48415100576144277,0.1521454533045631,0.0601357639778792
10417.708437510419,2.5620347523384304,1.8182168867132737,0.2047663646140354,0.21572192486774394,0.38001239444648094,1.0327569522759634,0.01763110820519197,0.011481762873718661,0.6051933424408208,1.168537509001114,0.19766255798058363,0.21326262041675503,0.3602022010097794,0.11242489695881891,0.11173399195121388,0.08589513557912976,0.1600570775498114,0.47818733768876476,0.1506747821172605,0.05944419334985487
10310.30938145361,3.01825046654869,2.270543789645671,0.27925428016955384,0.28975725691719945,0.42505917287168143,1.08353922676916,0.02545415854109338,0.01938013571718046,0.6908221340247244,1.258454142566515,0.24001807408761067,0.25683960909864245,0.38701036647129544,0.09425665714399614,0.10329463255986089,0.08635299643702715,0.15856432194445041,0.47216811013240273,0.14938161208491313,0.05872671970912824
10205.102142867348,3.854849482990168,3.1051932780425373,0.4049501280533818,0.41521017972664925,0.5081710671565773,1.1737204320771233,0.03632651891425168,0.030327828406825533,0.9371593053942845,1.5145482972421511,0.34043846485330775,0.3575082413739338,0.4534671582364267,0.07250898482699202,0.08993578053620005,0.08940006023508719,0.15771680522664505,0.4654606438554432,0.1484455570196908,0.058155186954322965
10102.020303040406,4.456500841090271,3.707032581707924,0.9118086845201917,0.9218146078558428,0.5793185818227227,1.2436204804154183,0.07884253810655471,0.0729274183911015,1.0604865245794763,1.6402998535770736,0.757411364097874,0.7749095220107202,0.4662587101809242,0.10078758857888317,0.057813311295140564,0.1234519511576515,0.15550603926740333,0.46074594480352893,0.1494118203188888,0.05761100074760254
10001.000100010002,7.114124997380963,6.355098863392172,1.1756613264851903,1.1708835963924489,0.9213972981377931,1.5821021544398375,0.09168637106397384,0.09687303708074772,1.73221223604227,2.297916362208507,1.001935002367769,0.9852524276250596,0.6671538518031445,0.2526076011959414,0.2449259148092787,0.15548099783315522,0.15464988635951255,0.44847202559236077,0.13908402798925806,0.06011167303241909
9901.980297039605,13.92372366633609,13.175585843692708,0.7335905410297623,0.7417817093995388,1.7331208261828477,2.411042153192894,0.0742055818253091,0.07266012645569497,3.3418397121186594,3.921533732871701,0.48820553875649203,0.48489586086810466,1.1391023484241598,0.7335465575010223,0.09950807877990624,0.010582989396371156,0.16010197742619703,0.429781550445473,0.14329918802146416,0.0596113097972124
9804.902058833335,140.05364489648542,139.311642445599,6.3268654488688005,6.334448138561091,17.417188728417962,18.09914665942112,0.6355268770239373,0.6352617065288965,35.0386696909334,35.6133541107584,3.990538194704529,3.9898318516997535,10.410229033067415,10.009803180886331,0.51636009660004,0.49322400504264896,0.37511144054619255,0.18694819354798461,0.1565764446985382,0.08910203573401486
9709.708834961166,18.674234973026287,19.3675534372691,1.554424622212191,1.565771939657625,2.4389809183765783,1.7983145768719453,0.18250318188848583,0.17889740052208422,4.943398153779142,4.4334978097334306,0.7940748557188962,0.8081940469911624,1.3236764529014258,1.7122958660741971,0.06463976267251917,0.10739597056368029,0.13202022960802876,0.4854223735677339,0.14502543277100793,0.058441522513603274
9616.346250009616,7.804620443522692,8.516987924417593,33.59264358666723,33.5830656264689,1.0580640581249607,0.46112317695537614,4.0364718583150525,4.042119387063094,2.310188684019143,1.8391437631416254,15.44736214477774,15.429940069907024,0.4503838423588014,0.8433990429866636,3.7671555764932716,3.6818676452844112,0.13640845685293154,0.46042150026780576,0.033124869002404744,0.1409610231619455
9524.762000009527,4.679305935748083,5.3855205703285245,1.1818509478031836,1.1808184921087488,0.6959786421623603,0.30873301443473533,0.1318159146821052,0.1363033083687188,1.50002227423755,1.0776861280899073,0.6523719396558056,0.6431131119526624,0.26094765489161154,0.6465526966094098,0.19296164200983826,0.10398558648329909,0.13825787672088988,0.4537234192355607,0.13461489046592054,0.056539608924436977
9434.905754726416,3.5217008659643523,4.235365429484783,0.5165381155068924,0.5099903094538956,0.5183296507142422,0.3154670473271012,0.06273755454038094,0.06832264864571255,1.391116429587836,0.965659525215152,0.24305069242001962,0.2301873817523922,0.1117522820858982,0.4936835023595469,0.15345503292241286,0.07792042228546238,0.14174911440419652,0.44349736741999174,0.1336088787890996,0.053803225552207914
9346.729065429909,3.151520241828767,3.856456232575788,0.5326868408070113,0.5246926396447275,0.5113518684243055,0.33850792464028634,0.06673108678373417,0.07226554332920611,1.0238939844267412,0.6671795310886859,0.2235251291275586,0.20890485720413599,0.08095572246288883,0.46418111011291985,0.15716983132082513,0.08644818664638591,0.14067146004334807,0.4393783451686474,0.13233062871206683,0.0529039158231469
9260.185277787037,2.449388732109787,3.1534288737077634,0.3442476075377787,0.3349873178457656,0.4160973729108821,0.386470304639038,0.04915340656729292,0.05436613169790715,0.9676325945531167,0.6477710604467009,0.12541254129203475,0.11464455842412605,0.042318173783543474,0.41150714472477923,0.14569567773581127,0.08520051802872358,0.13909844978942945,0.4345347873162853,0.13128611436999404,0.052009766818276404
9175.229449550461,2.044169087976658,2.7353052755551563,0.3075048018898064,0.2977122432938214,0.39391000859457065,0.4471114031082768,0.049498745511805387,0.05446039979756701,0.8683585940367183,0.5454278301760833,0.1048897975633354,0.09962586769904652,0.03847079983513551,0.3761555016237782,0.14921242793686532,0.0916081402332794,0.1385675904765049,0.43042067644939885,0.13039489163021323,0.051472401648042496
9091.818272736366,2.0481384335273027,2.7425427956225774,0.23616853342076993,0.2290758463612876,0.39439754851638625,0.395476715120268,0.0341340717918819,0.039584212668324674,0.7203046035450655,0.5546591776239678,0.09969140034886582,0.09710371940743519,0.11037192595339299,0.4778179431539892,0.12362752512931015,0.05416333560660783,0.13721999176428779,0.4240443887167843,0.129288448995326,0.050883761978763056
9009.91000000901,1.6068321523954143,2.2951500831232736,0.2305701946517944,0.22156254129765207,0.33923197021820534,0.45931353807228514,0.03860865774535453,0.04362960765110211,0.75139770839777,0.5287127424393095,0.10282186514556468,0.10354119787093025,0.0024646509175605177,0.3671636410241608,0.13175296725087138,0.07308489314752875,0.13598593771142944,0.4212243310413179,0.1281889522027612,0.05048487415899813
8929.46437500893,1.4417077076323834,2.127959740061303,0.16608734810517928,0.15623819690406307,0.31298213202980857,0.4646714160382818,0.03087518041468033,0.035460983016660834,0.7397076057268532,0.5599753715300452,0.10553047347691404,0.1097652736173957,0.019434233872228392,0.35579250721200834,0.11592027478308874,0.06698773322560352,0.13453296669786388,0.4169352221354993,0.12703764212458857,0.04996637466719132
8850.442566380532,1.2924830682302233,1.9746362907278463,0.1636049446142901,0.15260838983402764,0.2924108292060334,0.47417311763318815,0.031171488239438327,0.03566466776439468,0.7356441312156224,0.5770351241189156,0.11020602884365396,0.11656453421763956,0.036308448031447095,0.33855524279678284,0.11421168487685053,0.06501780179448945,0.13321270443843064,0.41306705276030853,0.12598952872118835,0.049447788605088895
8772.807105271932,1.1903727303083336,1.8679802894331872,0.15224366665076802,0.14195857914598978,0.2820549837153535,0.4774398325152838,0.03064926757158123,0.035093612854241764,0.7105169837286363,0.5831884428171928,0.11625736940655045,0.1225370007684851,0.03478921656092805,0.3333382420373449,0.11066594926318157,0.06344111652033231,0.1321818156922483,0.4090397389090627,0.12479707247119115,0.048984899910607005
8696.521826095654,1.0890433874236134,1.7619958890847551,0.14095264967353657,0.13625970348907362,0.2695815602342197,0.4824573345147936,0.030467463098336808,0.03504270224560577,0.7071084318423029,0.5951311955435876,0.1236373532579359,0.1318684551419155,0.03850386639917439,0.3227900075926566,0.10729377467347313,0.06083517150761704,0.13102265592641996,0.40540104903172014,0.12364942598080268,0.04846132932270074
8621.55181035345,1.0123595372288083,1.6804862582195867,0.13654145954710822,0.1255829841498508,0.2619937797055156,0.4834417521734448,0.030655898084106722,0.034898773436729716,0.6864196263789648,0.6051130767880673,0.13290859177766579,0.14171972129726368,0.03905826071492698,0.3150457560241573,0.10336876253266455,0.05965905593801484,0.12999082634075393,0.4016336014927935,0.12233897334670475,0.0480789325857063
8547.863333341882,0.9437237797816749,1.6077326113265034,0.13003241788732967,0.12005188404324883,0.24743127689100566,0.48548381262351026,0.030822958364798564,0.03522282001510953,0.7138165748342078,0.6480292483062161,0.1443459571403185,0.1510989771890821,0.042344391781505675,0.30481827514963417,0.09796085918593735,0.057989236389854884,0.12889818109408666,0.3979838831281214,0.12134157786386254,0.04753882984156011
8475.423813567797,0.8733728729038611,1.532234282889919,0.12449584609163986,0.11751430225947751,0.24033334306701126,0.4904004963255513,0.031845512060085596,0.03575468096893843,0.7013421054391428,0.6515993984011911,0.15522135061292336,0.16507132948427447,0.05931850716821971,0.29889920114482327,0.09990725730731916,0.05156504652925988,0.12759354281375612,0.3949309918635814,0.12077785728061875,0.04646718185874579
8404.201764714286,0.825240292576375,1.4793186782488186,0.12332302752309034,0.11263044801368463,0.2327251949341969,0.48584447726766133,0.03281256628723095,0.03669379727967764,0.7164583769907368,0.6711338284598751,0.16719324728485138,0.17927902015246427,0.05519715344476615,0.3081013229998805,0.09273485877222011,0.047308753010639956,0.12678038904532626,0.39205104105633737,0.11867380056410054,0.04592292697827745
8334.166750008335,0.7734202452152192,1.4238581904300065,0.12215086291400325,0.11040984237244625,0.22452466364652374,0.4919221636314521,0.03305974562602543,0.039358868018208426,0.7398593014171695,0.687576366138712,0.19204251024423508,0.18653259143727804,0.028947685397978214,0.2669746812258952,0.06713526702401673,0.07309972126241238,0.12420814392653012,0.3895077127438163,0.11486533319604939,0.04327207473476494
8265.28933885124,0.7392512176560176,1.3819369540949678,0.11910840489002839,0.11126123114403225,0.22085710005926223,0.48246147704181586,0.03710544880230679,0.03790560582319867,0.7126987652978074,0.7062698286955202,0.19076593042007975,0.22153074571317233,0.07380743374381991,0.30751660527344643,0.1344099158461159,0.06392859651901929,0.12342122609258076,0.38362326356362125,0.12177618627086416,0.04734999710416815
8197.541065581969,0.6982855787960345,1.335940486035388,0.12006676837661864,0.11080576778053622,0.20713737136776975,0.4797676608976447,0.03836344497488663,0.040772100390788456,0.7787439594354586,0.7798796332193991,0.2151541372248895,0.23530024961074386,0.06231831793221302,0.28374277811803317,0.1061626537763811,0.048215643976835504,0.12249666952400275,0.3804145727374398,0.11841365264850112,0.04626142230679238
8130.894390252034,0.671850472543379,1.3057615104421252,0.12133084863874628,0.1118743321874636,0.20220167031793984,0.4810019344289487,0.04049445224384463,0.04344118794297689,0.773399476105075,0.794535698811494,0.24032527293514944,0.2547545171644854,0.06573050100942394,0.2854599773315267,0.09702017423061372,0.05080671961859915,0.12584123697209562,0.37781627783137495,0.11671435476624492,0.046467994726127636
8065.322661298387,0.6529472804245474,1.2800047176914544,0.12315126149342107,0.11323970857825619,0.19594878147518724,0.4730242287596944,0.04296616572270744,0.04644713120605624,0.8232750630002845,0.854580511758527,0.26843900436620244,0.2767465121227639,0.06262323182363093,0.2748212443728168,0.08531926423411713,0.04815861339237283,0.12148405849650547,0.374052969141441,0.1156225359060859,0.045278412514616964
8000.800080008001,0.6277891997992328,1.248435577703106,0.12725168842875578,0.11749079135130182,0.18872550785886602,0.46693550813317614,0.04703536175819441,0.05028436591424123,0.8619656420747951,0.9043139270388066,0.3007725222616181,0.31149826139475123,0.07975810141968383,0.2783643287446586,0.08357897380271405,0.04459890009591301,0.12024222651285245,0.3719285641608926,0.11470813773281233,0.04497589718485838
7937.301666674605,0.622239830343981,1.2385316237337705,0.13161283929413886,0.12192809936690051,0.17798921300520318,0.4567030942206714,0.05126818303239339,0.054293434316502145,0.9792219685572764,1.0069667189899991,0.3347217110198623,0.34807692228090514,0.07778720646019907,0.2622291693629927,0.08032568916076517,0.039303464435230896,0.11701049804326524,0.3684736428055851,0.11376754650525256,0.044696956549794484
7874.803228354332,0.5985256314300409,1.2074059850841583,0.14541417438257837,0.135640899950301,0.1650518464982721,0.45735334187883736,0.05960253033127665,0.0628165826751783,1.0264151112337003,1.091414767017228,0.4005884593186959,0.411500151972754,0.07439769564683367,0.24993135055932827,0.0726236204310141,0.039181549719323465,0.11807302485855813,0.36589691868450286,0.11300248256594293,0.04431255732350655
7813.2813281328135,0.606471503207298,1.2104789776650267,0.15305469545102726,0.1433447505641106,0.16209187737075428,0.4441820011805708,0.06567579419491817,0.06881340590738136,1.111407897840132,1.207116177834485,0.4498890014860184,0.4622919677034083,0.08728045092195566,0.23564093512511514,0.0680604533913982,0.03743612241896917,0.11705478131587845,0.3624478246326755,0.11214395815852873,0.04403256087959047
7752.713255821707,0.6060478416369403,1.2025775813828872,0.1705997022359307,0.16090101920665362,0.15419353755671472,0.434392406534342,0.07692986849830562,0.08005093094610181,1.235922829534442,1.340883606655172,0.5374145475167873,0.5502020740913923,0.10774248109029887,0.21643262874571764,0.059974862516766696,0.03599321799399183,0.11567423137313546,0.3595857705712224,0.11140934460776204,0.043779774044703686
7693.077000007693,0.6394083915910891,1.2298375161958222,0.20521122769527395,0.19553374794870082,0.16902031477112991,0.398906155703405,0.0971770133085671,0.10037721342799194,1.3933632723184748,1.5656998299064113,0.6918692183132329,0.7048329554696142,0.13048302076915996,0.2215851932306724,0.046795922698817195,0.03929333537052876,0.1150532598908921,0.3561194562356067,0.11083780262556756,0.04356099252983176
7634.35122138168,0.6666935454078585,1.2460610957776599,0.2548197070581014,0.2451165566437295,0.1670386169900321,0.3774646646791131,0.12951906804388008,0.13250504343937286,1.7440266062743377,1.9238363436128483,0.9451613510486846,0.957048907080459,0.15392734455903515,0.21225208842979323,0.038133330019806934,0.04690135378553412,0.11340754636939476,0.35317850362962505,0.11044994491751571,0.04362239221501972
7576.515227280305,0.7985755854684042,1.3727590242553207,0.3151317682803613,0.3056315413891357,0.2303644294434817,0.3047670346115895,0.16296067068979528,0.1664448162663016,2.2656656459357616,2.522802508939239,1.2012673537393637,1.2160056863282853,0.23000474533401177,0.18799747634466826,0.018994715984097674,0.08054575049472208,0.11243841997573333,0.3495968109729102,0.11032889334360825,0.04336878716963654
7519.548947375941,0.8954024383117959,1.436767992813308,0.5431674148702,0.5335415681842037,0.2955894497974108,0.28933597126456156,0.2971360373802623,0.30025174462648246,3.3615715885590487,3.6107103979302435,2.231831896658648,2.244768591812803,0.3147205450309911,0.24871619333355507,0.11559182166463236,0.1638872581279047,0.11022575667229843,0.346253234707047,0.11140662732737469,0.04481141338312581
7463.432910455225,1.3180543476477005,1.8573133131254327,1.8689374754966637,1.860626655397029,0.5751637983782188,0.28408150588229986,1.0573792415135004,1.0614449238301071,5.6745091368501805,5.99130484766028,8.030922501496937,8.049387374482663,0.6168519690244061,0.43290325881212355,0.6582694866807242,0.7343974329329706,0.11173085549801488,0.3341147845227305,0.12161867852624374,0.04484357275869563
7408.14822222963,2.397401998907312,2.9106773841757314,2.2034181917421547,2.2122235639915924,1.3019427901238818,0.9688650997243192,1.3010492748075229,1.297115962709601,12.356198510972984,12.67581341060083,10.036372506314375,10.018598739382844,1.196167013961022,1.0063394867590534,1.0666394712104634,0.9990550185292473,0.10309971538023048,0.3238068594954048,0.08663678938658706,0.04243240123019387
7353.676544125001,7.190641894508809,7.642177726920168,1.605651081810638,1.6151334934617894,4.5560070513618705,4.253833867279787,0.9733991627631194,0.9705335707845817,41.930671360877035,42.22811674376501,7.675725652319045,7.663795257117206,4.093543250888932,3.923571782807607,0.9214557786198676,0.8789234059159,0.09301590247869941,0.2787320122376174,0.09212315235240252,0.034835139640122637
7300.000073000001,30.745248632333645,30.30714407112492,2.527965438969653,2.5284206804188165,21.44145803846376,21.899112874349097,1.6026985518273933,1.5999140188187229,195.90634456236145,195.5551717374785,13.03817512348609,13.02385084740773,18.67570371902165,18.93799887563039,1.634744947841653,1.5709001272457224,0.2953195058889159,0.6399831861284869,0.09725412173574145,0.05666839711104293
7247.101521746377,6.993830278212485,7.39776494307101,1.136680260126892,1.1452386009428936,4.722247367928196,4.477659696982753,0.670162763827901,0.6663136706870014,44.20751887601837,44.46267496610868,5.2429603250590375,5.225660245107566,4.078027292529195,3.9407708468208793,0.6765726681971084,0.6109260665981453,0.08328675281322102,0.27630716459075405,0.09454312472129744,0.03910283837297243
7194.96410072662,2.804533769546085,3.366620006329161,1.636093893330966,1.6267446062054283,1.8386363515858368,1.3610843775625152,0.7657248976134171,0.7691161588563008,16.634842797017996,17.040625031143023,5.441770816903897,5.456864355524325,1.5605973008729181,1.2946142512618983,0.4954328945053523,0.5543440379486726,0.11193237564015866,0.3022126644439042,0.11107596858921108,0.04351055156732638
7143.571500007144,1.5532269447112197,2.119879834500514,0.2898624301129904,0.28735130829983385,1.0058325845621483,0.5009807876391804,0.14432687705119057,0.14185498670137175,8.473020279817334,8.894653145092152,1.0577107710598697,1.0431712625843956,0.8322134855860266,0.5439426021599283,0.16014502919289042,0.08388896276359654,0.11482058009185828,0.31316092636627896,0.10081572547662854,0.04109341667393937
7092.907872347519,1.149258087575716,1.7032596298465352,0.09185188106512082,0.09796820218832299,0.7748062807844843,0.3462082735399808,0.06953372897149825,0.0656047320575118,5.803587243724366,6.212074387997478,0.571107038930567,0.5530335858234634,0.5901246894370697,0.3127230176497604,0.14217896531222926,0.08718689749515293,0.11320724958639089,0.31952091876211897,0.09964625949120164,0.03900284683296427
7042.957816908452,0.7273142537010627,1.279000644866533,0.0486178439402202,0.057011456237133,0.4906883158364023,0.26935755045062615,0.04991807739237651,0.046261979627084476,2.967761145553917,3.3693612842943375,0.4274799990889495,0.4107773188526658,0.34124315520859444,0.1284827545177581,0.12804159121759734,0.08003374286171466,0.1099473922734616,0.32176789772551406,0.09912845280115316,0.038527716896573166
6993.706363643359,0.6340225485692599,1.1826384784034245,0.045153545701794966,0.054553939146645955,0.44050608589337054,0.2942907447326737,0.0476642439208574,0.04445164704973561,2.438430437611285,2.8311520445798513,0.4088125175328425,0.39403193400679537,0.29653287283973434,0.11762413289345824,0.12417434002979526,0.08106774345712994,0.10892064448690222,0.32039528628015845,0.09856153030385648,0.038149917753105105
6945.138958340279,0.5398312481379453,1.087390050763358,0.032239894047224264,0.0414175685064144,0.3796103434916927,0.31425781809334963,0.03917280966788508,0.03617433230789333,1.8366844610536837,2.230632660854564,0.34264754183302487,0.3285692186960028,0.23650977244964408,0.13875306897818382,0.1163656885327445,0.07566066624126498,0.10746044413051002,0.31885690760113855,0.09802251828026737,0.03788826125618157
6897.24144828276,0.4702449563120496,1.01538117722654,0.02977564877276124,0.038429602646248145,0.3400048400382456,0.3438483728027744,0.03533632738405585,0.03235242450732544,1.4034812684281825,1.7903916940782265,0.30972797015401765,0.2948766207142402,0.21835930081626886,0.14290543540973402,0.1131828218616989,0.07383962594516941,0.10643513571572041,0.3175363566630817,0.0974232135003388,0.037670289628246076
6850.000068500001,0.4328447404753705,0.9753573553501944,0.024744269645802314,0.0336653916151265,0.32052349726605334,0.3538330959993569,0.0314328078383887,0.029107192829253448,1.2056801805105486,1.5872385494717738,0.2788054234308625,0.2679893159977422,0.1954646136244485,0.1612867794848134,0.10957627162759777,0.06972846315105512,0.10551936975621992,0.3156265855130304,0.09679172020750146,0.0373423520134656
6803.401428578232,0.40368499673676284,0.942954979483652,0.021825212934734203,0.03138400189884799,0.3103621481929534,0.36651148457165394,0.028218675421305794,0.026411792247607854,1.0747542014485354,1.4481849852595798,0.25340117256538813,0.2429540312758314,0.18676002229461422,0.16348121120704173,0.10804726098869004,0.06701202640963214,0.1048610436393971,0.3137024063155935,0.0962478625806549,0.03706684993104213
6757.432500006758,0.37157008894703564,0.9090158031871913,0.02304232714317122,0.02560296117147924,0.289630434938608,0.37510393348491144,0.02746933796842748,0.023045632311236987,0.8717321513127342,1.2437037580235477,0.2374087732766257,0.22455324551927186,0.1657483249009169,0.17239465705166276,0.10011507335798214,0.07131617449786669,0.10398415408885574,0.31190480873789117,0.09535319398713367,0.03693145046532469
6712.080604033557,0.34795958882572897,0.8828749799846966,0.02034273628062194,0.025476520868470066,0.27995979661477066,0.38440368796931224,0.024693216782937528,0.022214440275379468,0.7579799742403237,1.1202429290374545,0.22008333705483915,0.21141176991568195,0.16154245554202218,0.1801353099329589,0.10209436241629069,0.06661615205016996,0.103145925927916,0.3098903417894135,0.09499112831577183,0.03678425580135419
6667.333400006668,0.32915210505730386,0.8599002155988571,0.016719166518792492,0.025159646908687126,0.2680715351547444,0.387148434757332,0.023243772589006003,0.020457687717106255,0.645923748315425,1.0130386823148458,0.20689177591440508,0.1968382180437669,0.14682603498066224,0.1798800296284691,0.09780376792076807,0.06318893351988286,0.10234201501188185,0.3080133854238894,0.09453127598700137,0.0361860579309721
6623.17887417881,0.311296357518955,0.8398818882388619,0.01703358306549287,0.02243194474099703,0.2609735887299406,0.39252621047853686,0.02204621353401542,0.018734348880553916,0.567162945502832,0.9214639309257509,0.19430098989547567,0.18487113599799532,0.14237572006410007,0.1950841768311041,0.09448891215689245,0.06500529651090566,0.10188260037020719,0.30625077228603936,0.0937063075325223,0.03601626907004201
6579.605328953948,0.29933296889537225,0.825194371564189,0.015794161952951205,0.021424544685405326,0.25431650639020914,0.39227829318355445,0.02028689611576239,0.01790022313830792,0.5229681027240051,0.8705775752099569,0.18310033930493239,0.17415651886213832,0.14655640700323277,0.19613704097452367,0.09577171100088874,0.06149071289752731,0.10097039623916873,0.3042724899685141,0.09294783787391696,0.03589755454913688
6536.601372555557,0.2861221526727484,0.8084111487259148,0.014487701921552616,0.020860563936508095,0.2475967034861096,0.3935768642028261,0.019205398688262484,0.01683734716028694,0.4572179528057069,0.8074485830439696,0.1759977324693313,0.16165606552062614,0.12898748750130082,0.20986630274316828,0.09459619396552602,0.05556393266960112,0.10004120597538226,0.30243655671244224,0.09253569309241587,0.03637001211035578
6494.155909097404,0.2761966022160437,0.7965800497909046,0.014214688768423984,0.019702869372299026,0.24270467747366628,0.3942814728420781,0.01817357590951537,0.015931543053170003,0.41321925263538356,0.7836948797059246,0.16626906900381117,0.15589536944321,0.1214753892584436,0.17760568718121283,0.09518811247534796,0.059647973436487256,0.09938812030155296,0.3002355659764173,0.09230980149445553,0.03507615967849876
6452.258129038711,0.26624795218424036,0.7836742759366121,0.013805685747682338,0.01877093977775822,0.23632463785499558,0.3929188260477269,0.017130846137604565,0.015249328401193108,0.373471083563788,0.7380394248155647,0.16213904489913053,0.14544227512120167,0.11779283485846787,0.1906270278894983,0.09873732747780527,0.05602494472867345,0.09897169109902176,0.29845254786390957,0.09129723516553477,0.03516754395964399
6410.897500006411,0.257983992592895,0.7724614701472905,0.01348747454410373,0.018066473458777686,0.23193372332034667,0.3937833243578726,0.01661330132800352,0.014407363095013616,0.34232511500565443,0.7043755973921613,0.1527078329763825,0.14243404389305267,0.11603132945623951,0.1889106442559755,0.09076305346239992,0.0571242583335416,0.09818460261436458,0.29650732179876726,0.09058550513586264,0.03498791567919751
6370.063757968154,0.24946933534742932,0.7613129960258949,0.013057089397000772,0.017319068103161916,0.22704250162029682,0.3920550677114238,0.01592159003597303,0.013730265411314047,0.308406720368818,0.6707530921331598,0.1466608251946659,0.13714588812943135,0.11006930021216264,0.1891948828404012,0.08994187109570503,0.05750464566228058,0.09769085038437773,0.2948076691555412,0.0900462423970597,0.03482113504937662
6329.746898740507,0.24067293017534902,0.7497193307841159,0.012806244794699858,0.016699220026864588,0.2218559093767536,0.39212984205829465,0.015292186073846779,0.013187537274259694,0.2658509126192475,0.6294250710195135,0.1415054258946997,0.13186034545375092,0.10574404314137627,0.19600005887758834,0.08906406892372368,0.05615823826340818,0.0965886333800633,0.2930478677976801,0.08953126131012125,0.03455963211817937
6289.937169817611,0.23468408163073967,0.7408104814361056,0.012409543883932422,0.01602554215599678,0.21857509758903249,0.39035544247600035,0.014650409537898248,0.012625058493715027,0.2516707201242399,0.6144449793383405,0.13647852731287854,0.12630761303070173,0.10523699241408266,0.1912050583755651,0.08871004164365714,0.055133318369614576,0.09612286545507275,0.2912120098481375,0.08895554722157464,0.03436519731055569
6250.62506250625,0.22744047873589548,0.7306935616402589,0.012307501648324655,0.015587965348095355,0.21264812699082428,0.38941404611215175,0.014095505657551037,0.012129478687910015,0.21381019401787224,0.5837782168151654,0.13147293152949394,0.12164565981935084,0.09662548712762113,0.1899296559075198,0.08757063045403331,0.054583250857232216,0.09549761717176669,0.2892266649369954,0.08842031252309147,0.03414429477691858
6211.801304354038,0.22195564780016397,0.7225113884025447,0.011965635738015899,0.015246911466630571,0.21049646565870095,0.388711147794907,0.01358936976801733,0.011674389291756664,0.20797678277971582,0.5731528322962185,0.12646136595337698,0.11729625778602557,0.10460817273378711,0.18353373471388365,0.08680436254506825,0.054642391150896655,0.09510402023515316,0.28753115784032324,0.0878899852942681,0.03391030972943208
6173.456851858026,0.21681452399616033,0.7146754400732901,0.012082720648565816,0.014050616710469747,0.20473737451215687,0.3862630955045273,0.013434185102654338,0.0116156401489931,0.18103321077971107,0.5466281937102063,0.12736551100578433,0.11823458021370142,0.0889189378181432,0.19129998106506912,0.08536337235597716,0.053576088173856284,0.09430627895228848,0.2857401552704393,0.08732651099537725,0.03367476533639323
6135.582883441718,0.21136652797381167,0.7061771976405177,0.011807204481485386,0.014615350313341607,0.2004021574272122,0.3848074683504459,0.013447976616823017,0.011646829420871975,0.17472036577756506,0.5384086212378274,0.12705177193287173,0.11811978921671386,0.09200873668598325,0.18253361480004626,0.08637419466829803,0.05453112394211361,0.09367914792676252,0.28402834248833425,0.08682062346634939,0.03347144847798858
6098.170792689025,0.19414602181497545,0.6838854091868919,0.017369340837101427,0.01898986566319246,0.16957380141382036,0.3929007973474489,0.013277886264271078,0.011944049278056819,0.3101061621931234,0.4358661683163708,0.12461174916940977,0.11751684105911894,0.019012609013094615,0.25617811053621503,0.0840325818194525,0.05672517187627376,0.09337717647388165,0.28208963060125697,0.08628631692334407,0.033272645537013146
6061.212181824244,0.19680296017150442,0.6861635587402607,0.012065912937240816,0.01579530170867499,0.19454086107018503,0.38632928727172516,0.014479441605707402,0.01287053066670605,0.09556272786246711,0.4565485816208184,0.13672449730538688,0.12886353534327316,0.10282555309297792,0.2041991832360888,0.08782419956735511,0.056781002751975666,0.09233927682625256,0.2805591339666765,0.08579758916290443,0.033037591956936015
6024.698855427711,0.21347597291471265,0.6987380808099342,0.036093034394901344,0.027823490897557437,0.18109884845112956,0.3725053276076766,0.0023027684962140266,0.005240947184270134,0.24100402665615264,0.5506750870166613,0.025287903864971126,0.035699209587613336,0.08347152237419837,0.17640967152644166,0.04779845099992721,0.02840252107174083,0.09198332133408738,0.2787448318059163,0.08522795241865767,0.03252651053236719
5988.622814377247,0.18225924202862842,0.6642185224461087,0.015470968867733245,0.015655753231842446,0.16290203559271427,0.3945112655029269,0.012869738526909605,0.012244322944238455,0.2889738211836583,0.35376390082436887,0.12391778042248067,0.12091797120253388,0.057826956073093475,0.21833235917398722,0.0796205379400217,0.05621794576493927,0.09120143720376765,0.2772178431469995,0.08480365575387915,0.03241690479964256
5952.976250005953,0.18952565904912744,0.6690971019600532,0.015924633532991308,0.01834766755016252,0.1734155082711074,0.3710049494254233,0.024715896435392074,0.024615079368777642,0.2670264777685295,0.5537347428876568,0.25423799909617034,0.25505956782829514,0.0908473734932686,0.16511948126289597,0.0956797685879563,0.08012202814555737,0.09106964447752476,0.2738199557381244,0.08402605112754272,0.03129012163503701
5917.751538467456,0.16869044814426096,0.6402011918847567,0.005561961588544368,0.011586658428987238,0.13265754179542477,0.40269325262381744,0.04790466867403949,0.045154503578371696,0.6248158155855923,0.5284630549512206,0.5086040299367097,0.49465531056298606,0.03295102539267866,0.26213114288266753,0.14061132685947733,0.09142678035217074,0.08756890444705816,0.2761601375626971,0.08282118172522909,0.03309666996107995
5882.941235300001,0.15186458389479013,0.5953824826557784,0.009851596437202736,0.006438156461336123,0.07669259402334601,0.46735602363969797,0.016548556108519276,0.017790786342516754,1.7008067457794829,1.50693417577201,0.19290743418651465,0.19631654689981676,0.11031555030702973,0.3294974567677898,0.061476200414631386,0.0082733477790738,0.08620956717334435,0.2741281321695665,0.08326672902601256,0.032869050096187215
5848.538070181288,0.19180230683895594,0.29959712527517723,0.013335106940017064,0.005017597906588775,0.5220946267813981,0.9158268820283068,0.04569424135144314,0.04504636969561215,5.8144842779659225,5.466509617161431,0.5204271072226372,0.5148995405887183,0.5959116661759483,0.8224148141060443,0.10118856194915789,0.057233524168421854,0.0866363437360129,0.2810326961493273,0.08312104306362363,0.0333715827745632
5814.53494186628,0.6814813010950995,1.0313060977321977,0.023291843441181317,0.020939559340175218,1.1636034903291248,1.0048485322436091,0.035326588979658236,0.03835489551408885,10.436693598195214,10.590229877882182,0.4023074932594932,0.419689691397486,1.1669866262767545,1.0428023657621248,0.06993346692041376,0.11254116865017866,0.1064993687094305,0.2653176865740362,0.08268245179172751,0.03100481981803459
5780.924913300579,0.13431154714468654,0.41537073365702504,0.020138090998201335,0.013917926400914533,0.5300959935842513,0.8123501845228429,0.027878222049323755,0.029872941878967725,4.666108787306362,4.388488083208922,0.31593185871196117,0.32519623058749886,0.47413708850065933,0.6330479118977457,0.02237903780983507,0.04682250020029767,0.0916632915081706,0.2752606169823555,0.08242642675853117,0.03183155458434755
5747.701206902299,0.0640974119035597,0.5155039193286566,0.011936840628118088,0.016491005677834385,0.2084213983056827,0.5563646423218441,0.024011915300050604,0.02181334786818665,2.0106637153599713,1.6733817817177936,0.24466744747738406,0.2327940738263115,0.1616147603145914,0.3739203245742818,0.10172100971433219,0.0656484812129165,0.08650384095009978,0.26945262542789356,0.08099388176810737,0.03124816336628939
5714.857200005715,0.12413518743321869,0.5794962312440288,0.014078431837919231,0.013679077456093322,0.13480129749434672,0.44176759160144935,0.007428163073244187,0.007761771786415914,0.9443299400742121,0.6686928295747042,0.06762699393065388,0.07054043392382743,0.05232588809082231,0.2634297562656038,0.07013342092714643,0.04882219843870956,0.08583728825089966,0.2660322421920063,0.08089776774640942,0.031128812176463683
5682.386420460229,0.14134683150603844,0.5978301940514713,0.011941022232111312,0.011018611687615806,0.13851630224361228,0.40051627586091887,0.004523968220513079,0.002812053474335225,0.5313673480256798,0.3648224859287165,0.041935714892837095,0.02857395644571808,0.05099458038652386,0.22230694609979232,0.0700147532604462,0.04047481879405756,0.08572799793238466,0.2637050922633186,0.08044053547833717,0.031064568326952705
5650.282542378532,0.14939377053873612,0.6062135973821657,0.011834573842945636,0.00991657450660167,0.160564370446681,0.37809371229534705,0.005748691046104117,0.003705730983034053,0.1897213281029878,0.2706090264319507,0.05671328289732018,0.04187834276382407,0.0740830485409125,0.19613705139664706,0.0722236069808227,0.04085678275068923,0.08576532802063953,0.261882918401808,0.07996405560712974,0.030894514226104994
5618.539382028091,0.14689043589353865,0.6020283353339004,0.01109466287083738,0.009759940697774782,0.16705157736622156,0.3754081243915168,0.006150391576952051,0.003959794414972531,0.1162568419508285,0.257643928649901,0.061518061705320495,0.04558028511070056,0.08021632474882265,0.19826700566640587,0.07336725638935995,0.04049308410350318,0.08541409773037806,0.2603543989652614,0.07951059978323857,0.030722315472261195
5587.1508938603365,0.14542674706113254,0.5987154568021238,0.010839499667168821,0.009777004435014662,0.17096837842220694,0.3719861444425609,0.006512962637194258,0.004511931802984139,0.05752592417842229,0.28315129038673426,0.066171152889959,0.0502388812007622,0.08618033830590181,0.18827995515179322,0.07463088727061129,0.04087858017898027,0.08503635345553265,0.25892990455458853,0.0790506654906751,0.03055008405301015
5556.111166672223,0.14327347488045905,0.5941967656563206,0.010938108121994715,0.009509037021047422,0.17284664644039682,0.36932993286284727,0.006551452439761933,0.004587524528050503,0.03392167521991206,0.2864824842433059,0.06766056602250232,0.05145631699345411,0.08428974720480963,0.19800292847510853,0.07530714925133355,0.04586571299395737,0.08457257033307541,0.25735785980477105,0.07865326608990998,0.03049335824456028
5525.414419895029,0.14131195246634673,0.5900796243112649,0.010889215896185371,0.00943289393003206,0.17302345347138523,0.36636356385968616,0.006190901704089898,0.004917607787501976,0.02143617781562565,0.30662625731378995,0.06639615715270851,0.05191076001961691,0.08576968855383944,0.18811293045472402,0.07719306637359925,0.04317761919483202,0.08420025530692239,0.2559251630270068,0.07821205176449875,0.03026587105397842
5495.0550000054955,0.1390062107337732,0.585408735194849,0.011157322812599306,0.009486201987026734,0.17174333517625026,0.3644051713982362,0.004374650167221265,0.006699655277340832,0.02246887415193013,0.30484954405433123,0.06748969193679567,0.05260048456198604,0.08689393963680048,0.18866912316613202,0.09432015951177532,0.040302972424719745,0.08370031403479392,0.2545844477037401,0.07790840151158683,0.03010606992838207
5465.0273770546455,0.1370252428668215,0.5809958296800688,0.010493938342064253,0.008959810918098575,0.17278050030853392,0.3619234522583194,0.008498813562340158,0.002268737426626278,0.023311166474231173,0.31678731734009363,0.07019607271206603,0.04436877419763662,0.08196458815413007,0.18637774669403565,0.0597448684728827,0.048247265800429234,0.08331045060806722,0.2531744220223836,0.07726026932727148,0.029621532809934275
5435.326141309783,0.13468133410139566,0.5765509876624256,0.010775793480688776,0.008794487435824951,0.17159769575724734,0.3594297420118245,0.0068757020417262015,0.0037093016655201034,0.01616375542672359,0.3078412916763661,0.058409867518231136,0.05470406284337421,0.0816198513153339,0.19766689943017482,0.06550371369957629,0.053867419212775124,0.08297123185057897,0.2516600204184421,0.0768571634970815,0.029827977650102068
5405.946000005407,0.13243003602369685,0.5718990177531192,0.010542014822671806,0.00898693434174929,0.17134089160185603,0.3585008793345598,0.00661896979554918,0.004082822355233033,0.03595911185997142,0.31997094073012666,0.05546827896806575,0.055131041777957315,0.08497681872826897,0.18425738419284232,0.05927134882874212,0.041636036697883336,0.08260294760877185,0.25051748761536097,0.07618790853847143,0.02959748894057269
5376.881774198925,0.130592574603664,0.5675912481360335,0.010540929216642311,0.008714686003567106,0.16994667533083474,0.3561610564570739,0.0067079587080997455,0.0037292715153034186,0.025890838899767704,0.32596719301113464,0.0711094391390818,0.03978737163750639,0.08229944903716675,0.17893057160563636,0.07313678506031851,0.027391913851799003,0.08187200509199528,0.24898489295561838,0.07566957469660712,0.030058912534162447
5348.1283957272735,0.12789586263342484,0.5626274984735384,0.01057446419069147,0.008658992378521939,0.16947467339757902,0.3550054801857815,0.006365846759174997,0.003887351772708544,0.028994915625389927,0.3196752937007107,0.05902765345829718,0.048865541383185204,0.07463665899426628,0.17897000500706442,0.06448211904236792,0.036377328072120324,0.08140753342545388,0.24774212210012364,0.07575616230472673,0.029341989141549302
5319.680904260639,0.1256300694263931,0.5585233127081395,0.010518182326262511,0.00859650010359346,0.16838825532184845,0.35291592286771356,0.006218321076431856,0.0038830145011364272,0.03710033081783498,0.3289523967236164,0.05986520573740582,0.04665417252652428,0.08480766937870456,0.1657490275481968,0.0669457860673724,0.03929787739772806,0.08106448525971112,0.24636388553903363,0.07515158674284414,0.02889240350179801
5291.534444449736,0.12335770474000105,0.5536570578850857,0.010548261650968987,0.008457226922020344,0.16711636018923232,0.3509305650709272,0.006087845386389375,0.003844209601710231,0.030854294780025524,0.3156608881565384,0.058107466546168836,0.04656254792827161,0.08275967000645965,0.18243214810622152,0.06552185279999205,0.03813315355359407,0.08059973473165115,0.24514987404474242,0.07475325476408651,0.028864834335677943
5263.684263163159,0.1208906566568216,0.5488818057521567,0.010579486346772643,0.008360689598489797,0.16605836323718334,0.3494561361747686,0.005994801136771701,0.003776265718344605,0.03413776253897857,0.3164935456359924,0.05662016522120061,0.046551799426871626,0.08441590132401273,0.17793662397452467,0.06436822177379102,0.03868884834933865,0.08024215155743937,0.2438309011721928,0.07438171317386606,0.02869975552770314
5236.125706811519,0.11841654886896663,0.5439294490859206,0.010597300708176539,0.008246529943048272,0.1645527633749411,0.3477852514137945,0.005862228733086916,0.0037348329700410965,0.025822768120297247,0.31237997912312737,0.05632463175775295,0.04572366698697979,0.07986881825295492,0.1767440256120527,0.06483168783657407,0.03837817296218764,0.07989245795267656,0.24249086985435553,0.07400849732065791,0.028540116430801152
5208.854218755209,0.1153693303277576,0.5384162649711672,0.010675049663445088,0.008139027602496584,0.16380763552052557,0.34652374689638243,0.005726440794878386,0.003664543778521422,0.034470862401519475,0.3093837609378143,0.055374893114545014,0.04465651341058314,0.0814990579342966,0.17848742107975307,0.06443112225043855,0.03777656379171719,0.07945283738518329,0.24119896519502868,0.07361511533424667,0.02837705765753516
5181.865336792747,0.11159740524337776,0.5315183515740339,0.010801391131929785,0.008040166495090628,0.1622326152141083,0.34482741775587394,0.0055655318645666954,0.003570965171800978,0.029396053152687927,0.3118116639539561,0.054474319916177856,0.04379717930933044,0.0805620022463578,0.1744822836433773,0.06410304949180112,0.037629886475899585,0.07904883213471911,0.23998508039941233,0.07320484479950934,0.028219973601579348
5155.154690726805,0.10767532823998473,0.5238671966445639,0.010906815933992486,0.007974479579642816,0.16032617387127013,0.3438708986638536,0.005509726400543964,0.003545967827100625,0.02822082561903703,0.30140898343044403,0.054400033568738404,0.04380527233126944,0.07866811681539203,0.17956818313423745,0.0640867854284293,0.037704488368411275,0.07863916189434664,0.2387184131224032,0.0728523072993806,0.028089267840593877
5128.718000005129,0.10017000483414443,0.5066706752969995,0.011215512907245774,0.007953030285177192,0.1568370751342293,0.34366863814529763,0.005370577842877552,0.003515517106782629,0.025827841505748888,0.3016550277684705,0.054231889066351346,0.04402700279996896,0.08138045939508613,0.17691871341692525,0.06390676240805368,0.03847442589773345,0.07833261441414956,0.2374070774821955,0.07245148430097861,0.027952225750575384
5102.551071433674,0.12981965069519621,0.5493309243037384,0.012029222011855339,0.007409276333437659,0.16538148105671896,0.33693711347061645,0.00548129029157412,0.0035719350058710476,0.025295631746750716,0.2906872866369717,0.06437863224747911,0.05439259265092991,0.0625270110886681,0.19215855538640458,0.06944767307180909,0.043036685969045176,0.07763890657167748,0.23641920065420943,0.07212304980983425,0.02775018677930837
5076.649796959391,0.10670766549675187,0.5174159664080623,0.01177816537380649,0.007918459269019908,0.15791225876392834,0.3380175055733878,0.004247420872125305,0.0022202528972933636,0.01983760166273198,0.29474191211261425,0.042078838227198725,0.029656615269990503,0.06491828353777633,0.18359076865784565,0.05768743806684823,0.0278993463327548,0.07740685936550039,0.23510982501228472,0.07154416782522326,0.027474685663391046
5051.010151520203,0.09797339159216158,0.48312070352729775,0.01126942223392333,0.009017114356085059,0.15106453806712702,0.3385888939731846,0.004918261076375277,0.0028868803393911325,0.054338837981986056,0.24799367283813184,0.04000747689128037,0.026906114253793665,0.07613385120730944,0.24889762024910256,0.054846618146600586,0.024962555484029328,0.07721810588123981,0.23345697405263496,0.0715166425950986,0.02755206870397579
5025.628190959799,0.2865733779451717,0.6819544285596039,0.010406193898731651,0.0047916234105448334,0.17583059778078203,0.315910945006709,0.0033837813786893297,0.0019327868543514203,0.17779725128919563,0.37904888807349124,0.025243347492121256,0.01688197667390009,0.3570154308620144,0.34914580000822343,0.05164961280685627,0.02743105956614195,0.07423978010913145,0.23248905949558896,0.0710695952252211,0.027352635054163504
5000.500050005001,0.14670261067094092,0.5582468876539081,0.014990237809854168,0.00736003931598598,0.1619031418740452,0.32486032524661007,0.002233922482004538,0.0005005850867783712,0.015767161975670217,0.30229930808288963,0.015564195826701597,0.005355172607107662,0.07204148355134571,0.19839937597816967,0.03557728308370325,0.023184497566818157,0.07622901108810427,0.23136639617073368,0.0705971311661613,0.027169984901641908
4975.621940303484,0.13127889950506214,0.5406268382856286,0.007461926158824024,0.013765503793287273,0.1602189102448343,0.3303290915460252,0.010624853359035366,0.009027107322850295,0.07897424160809324,0.23343987954724618,0.15076131864480832,0.14823210506382337,0.073309048609925,0.2130790368128512,0.13000312160881425,0.12687225571715258,0.07595224974839687,0.23020459062728382,0.0704985070638338,0.027653754273075662
4950.9901485198025,0.12269805528066266,0.5300756929008634,0.006911454999984182,0.007832623485368184,0.15923832685671596,0.3273662622555435,0.006272396832356863,0.00454686791800054,0.03346910475685445,0.2978434076596989,0.05071376022350735,0.04728196773870312,0.0733145298133978,0.16634840033302808,0.056173002007893,0.051713313684436255,0.07553242731237395,0.229348041108402,0.06987653764058493,0.027070596028255765
4926.601034487686,0.11712734507197888,0.5221262497710363,0.008334991231852495,0.007030072405619222,0.15611449177416564,0.32948282176430327,0.005901554696151671,0.0038137074155801215,0.05346300939920369,0.2502761791522427,0.048245951853038115,0.03722670541595239,0.07187540880090773,0.17430879104303704,0.0571726745521475,0.037239893467169785,0.07504600298140836,0.22832101191377413,0.06957072840467247,0.02690342327381149
4902.451029416668,0.11306575439741628,0.5160865400345757,0.00903421808383786,0.006853487210252643,0.15721839378049876,0.3288536267883201,0.00372732633203717,0.0019141418000663583,0.06992390018913142,0.26557706611711185,0.02643483854097593,0.01732323941671606,0.08527100536269386,0.16695718707308377,0.054682858825069264,0.037345997421412536,0.07479212986498215,0.227159801439965,0.06931521758652419,0.02672113450572419
4878.53663415122,0.10873916618020026,0.5099030242528738,0.009759585857206049,0.006401182564687512,0.16682921878358,0.33330064622265143,0.004949601729902158,0.003431308391217134,0.20544155057622462,0.2951447392885239,0.04121173100188822,0.034536616309079296,0.10328390996892174,0.1840931021056577,0.056312130280462454,0.03805676800769396,0.07455583860205485,0.22611824846741788,0.06897876006877882,0.026585178255582573
4854.854417480583,0.11870342055306314,0.5185800463137747,0.010311605783890804,0.006095123160318986,0.18406762060849277,0.30320561103258425,0.00564158821433935,0.004960518230133776,0.4509978053124285,0.6930917945635929,0.054514339514901214,0.05609749306860095,0.14487671620188985,0.13126348531950383,0.05777165990496916,0.04616007964360196,0.07440183758873821,0.224613063927201,0.06864158950148291,0.026414858526291093
4831.4010144975855,0.11112554309054501,0.5047982155313777,0.011949122136245901,0.005593705292367439,0.12037120332806468,0.3137850539677652,0.0054882912011276,0.004037682816853108,0.35321363091808805,0.4443540579173636,0.05514264274183815,0.04525422969880405,0.02999666694624868,0.16656349995028097,0.06194507609304279,0.03811493805063784,0.07311273140528243,0.2237422034341576,0.06828003285356166,0.02634669404652659
4808.173125004808,0.11490185505612852,0.5096165959274966,0.010721338114001734,0.005186294353354897,0.1570233534953601,0.29457464723943405,0.006352337466804762,0.004943490663627459,0.2879117370649921,0.575086998901506,0.06276462296117062,0.058242819340897464,0.09402472596033759,0.12345050858169133,0.06306610523696446,0.043733025430294274,0.07329455621018834,0.2223570518644238,0.06793500561720381,0.0261894606566922
4785.167511966508,0.1071329990162395,0.5009062409826479,0.013104867718153742,0.003760970733552262,0.16170828708696283,0.31032768157237356,0.004077266533227999,0.0025614038728085653,0.1739137273067348,0.4283974973128788,0.03587357660905999,0.030392862443419686,0.09206489050706325,0.1462535117382081,0.05690138925354359,0.038140041358660164,0.07312482304504278,0.22153939130066896,0.06764239523692242,0.026096747483481356
4762.381000004763,0.10356818695030903,0.4949292959141658,0.01580558091139944,0.012188484089772918,0.156870506985582,0.3156208273845898,0.0036472870539154497,0.004203028639118918,0.1076466666926293,0.3342710234204546,0.044827577833891616,0.035723176726619656,0.08864248799242103,0.15682307470504547,0.058133582832847544,0.0390323620757575,0.07265807481158129,0.2206028396627808,0.0673285540876749,0.025973794125643757
4739.810473938389,0.1022298274800534,0.4906270963579909,0.027886884988797843,0.019853298398047173,0.15261228593352186,0.31531733184306976,0.002628363628775594,0.00532958358065692,0.06602250571249206,0.3021221669533497,0.044965383973093825,0.03636921419687378,0.08156853089359463,0.1575554139699383,0.05718941021770763,0.03992470630571894,0.07228367878163464,0.2195322596656881,0.06699968998299273,0.02587643334519207
4717.452877363208,0.0994824707638225,0.4889460976126912,0.017081583569218746,0.027144214811451812,0.1493611392133596,0.31394788050250033,0.007939974964998903,0.003204840842920288,0.03981367055942789,0.28376425577816045,0.04037816765291531,0.037775199125413,0.07800258803087953,0.15961986636184644,0.05975295180745417,0.039798136449259454,0.07194196164422766,0.2185244088392102,0.06651179830996994,0.025883719829132977
4695.305211272301,0.09739775219338861,0.48679271165398746,0.0031461761979115956,0.012712254415530637,0.14784453246702195,0.3117188207816664,0.005106477310849058,0.003131539332471434,0.028643046273819604,0.28978461344692646,0.04071357441811731,0.03712109982961223,0.0762171046243937,0.15489096949696832,0.05792555942721532,0.04264620356737874,0.07154422319818239,0.21753794928392708,0.06648597480595429,0.025388523407578977
4673.364532714954,0.10232076084252169,0.47796837767297684,0.008084852324430366,0.00852788307581875,0.14660367486584489,0.31047259048382697,0.004443413043856078,0.0030218114228297783,0.02341904788805627,0.2860474770362402,0.03804856381387998,0.039606684308679946,0.07348978644612512,0.15864477608976635,0.055349260064245925,0.04647001062057902,0.07120730295546665,0.21654679258327234,0.06621523184253762,0.025415623652955605
4651.6279534930245,0.09511606393195243,0.48130873858404183,0.004583731144108205,0.016417030029342042,0.14564589671034808,0.3082332543551881,0.005918776455784722,0.002517005834843724,0.0233251643894148,0.2880313198325663,0.040132310011696606,0.03971072687762588,0.0745488525654048,0.1559133064887916,0.06110412966475896,0.049216467407990114,0.07089136953303604,0.21542826906374132,0.06548020704591012,0.02531882069295908
4630.092638893519,0.09678782451171589,0.47598299592594356,0.0030492436257320526,0.01050680773317627,0.14472907840256502,0.3069143550243076,0.005008885775761061,0.002393838327506145,0.022913517560891605,0.2821156373962735,0.04049239333547995,0.04780657359791731,0.07659279215072387,0.1607150718713629,0.06198483871276929,0.06209859491259047,0.07062164447830252,0.21439567471215143,0.06537537997235256,0.025277961575318583
4608.755806456222,0.09769127277351126,0.4721350021380247,0.005166702856683295,0.009420992885016,0.14435720074848032,0.3054316093707038,0.006788341422602013,0.000941729179296626,0.014456631556649073,0.29585832101393544,0.06450543019189237,0.1303204299474855,0.04338873112899452,0.16074062255757657,0.08590830297636971,0.1571063735387162,0.07032598625787329,0.2134075564833704,0.06456063741367402,0.025538107949629078
4587.614724775231,0.09558649425894733,0.47041886519737325,0.004897800881976197,0.008478447357135849,0.14240232277225573,0.3042267927734216,0.0038768564485289476,0.0034948526381176613,0.025947749360113445,0.280846130322434,0.07118192750184875,0.001314752439818745,0.08376495882007944,0.15433756565868667,0.0959187397861094,0.02649155260639791,0.06982836333453908,0.2124755755994673,0.06502420334074471,0.02477628539406838
4566.666712333334,0.0942397880126281,0.46846580884080236,0.005455115911270678,0.007990281275174108,0.14177003779083452,0.30295266854764924,0.004533877576889089,0.003189642312332066,0.019834121790597417,0.29603661716218416,0.05085920812192507,0.027577561676620888,0.07710010207263092,0.14019425200775043,0.06586700495767682,0.012692381874151233,0.06954912465299865,0.21152875069671456,0.06451971448632349,0.024632057444910933
4545.909136368183,0.093681960182949,0.46518985562497145,0.005796883555312754,0.007746221400070781,0.14060232771963338,0.30132460699605423,0.004339338965338761,0.0028968525647736173,0.01711226891362998,0.2855761502853037,0.047527788551537976,0.021873821421546362,0.07683811818489797,0.14841947479793755,0.06447055339753596,0.019009146069740208,0.06920582886949486,0.2106296677469485,0.06427316483358302,0.02458364077465839
4525.339411769231,0.09293242925715002,0.4634490681108762,0.00596265055929255,0.007613533699476643,0.13992099267674915,0.29999921800083246,0.004296302332105883,0.0028272430836981514,0.01599018081403998,0.28199058880923195,0.041994528490520655,0.02608347154818037,0.0766874875980862,0.14882420317756698,0.05919253422579543,0.025510159066199307,0.06895829608387011,0.20959029581393337,0.06393118519997867,0.024517581488996246
4504.955000004505,0.09236012302900441,0.46028997240073,0.006087542331708245,0.007436739374916004,0.13886979757350112,0.29846127619498297,0.004253838711510692,0.002766241597502393,0.018421536663292847,0.28398524647623835,0.04200061548106867,0.025410857815650622,0.08101449125640069,0.14751147640648474,0.05920769627065472,0.025737670728076638,0.06868024956264779,0.20853956962743606,0.06364702743779252,0.02443585894316452
4484.753408076234,0.0922322487817199,0.4585364657956229,0.006245986797466264,0.007247488674781987,0.13783495492010323,0.2970335705805625,0.004203931746949514,0.00272076366080791,0.014709400585460148,0.27664094684592544,0.040805794532991206,0.026107786293831706,0.07550977741888616,0.1540802118131737,0.05788005311453145,0.02584718105441279,0.06836154518615324,0.20766266155647542,0.06338083824369883,0.024334072595235925
4464.732187504465,0.09136844253045613,0.456648251605669,0.006320283753446292,0.00711595339959027,0.13701376094767648,0.29575818591649666,0.004156560064307495,0.002700755791906697,0.012859057142524397,0.27835399198616856,0.0399193449593052,0.026389511728818628,0.0769020897044809,0.15058818724384385,0.05714334623308953,0.026390808670637773,0.06793111964682491,0.20676686537799885,0.06309714507216452,0.024218548121517414
4444.888933337778,0.09189531026804373,0.4540244485127871,0.006392479355376821,0.006990139659668031,0.13605292309457204,0.29422333004719964,0.0040718176800164695,0.002646045495236204,0.01167411318339522,0.2780906616017489,0.03927230979877434,0.025842175647024547,0.07489086941500887,0.14986122739299676,0.05697126860171374,0.026482292068613474,0.06764996728876607,0.20583680668984564,0.06281581297188804,0.02411244913128006
4425.221283190266,0.090935760201324,0.4523417275391362,0.006443958091633322,0.006876226554797825,0.1353515222393233,0.29254025595937116,0.004035817946033283,0.002644385196814015,0.016378525607318787,0.27798785245846724,0.03885049167899433,0.026107005198217837,0.0826528137820853,0.15440951007739862,0.05656094506429973,0.02663731386088123,0.06730377751238614,0.2049343568122057,0.0625365436861784,0.024012227682035422
4405.7269163039655,0.09167611942131289,0.44973625658853983,0.006501825764849416,0.006784623080713213,0.13387441623959173,0.29062300803066005,0.003967417207318666,0.0026158273513147054,0.022421768252041722,0.2852706326233564,0.03826845284498941,0.025761005877804753,0.07702000630287045,0.1466419547376751,0.05635072838515142,0.026645356251826603,0.06705855504146922,0.20399501754099786,0.06226371253452695,0.023904632415245194
4386.403552635966,0.09232532590800083,0.4489496960218234,0.006408183228566631,0.006814104742716193,0.13228562909086658,0.28890032567958507,0.0040177263250777435,0.002760462020422385,0.021030028138507205,0.2788142916138441,0.03997819790393072,0.028314816278714454,0.07656376733986456,0.1540639308009516,0.05796164148354736,0.028042532313955378,0.06666053508467465,0.20305161179799802,0.06198555671735994,0.023797190876840558
4367.248951969433,0.09661391120797448,0.4493793227888451,0.006525627869019741,0.00655301784465952,0.1297346954499738,0.2864293473152403,0.003897156772044834,0.0026331253024827867,0.032704480637738516,0.2892770683193866,0.03749061689776534,0.026033327325133426,0.08065436304828176,0.1492377726819455,0.05581628971951561,0.026204279227863673,0.06625067540158246,0.20210007584553244,0.06171395873916766,0.023689050085620042
4348.260913047827,0.09587884292990839,0.4382894541673044,0.0067590853922909885,0.006628501630036533,0.12509481309114867,0.2857453918077953,0.0036217926690918115,0.0026848934236390113,0.044942399242103186,0.28089932577313514,0.039613761710510245,0.027695872491160126,0.07574530553644064,0.15927940806988944,0.06217175548953398,0.02392340535129234,0.06554751436742014,0.2014699513091914,0.06152213579265712,0.023562720506733276
4329.437272731602,0.09020287047072349,0.447678940890141,0.00567555868476063,0.007585001390072576,0.1284454898188917,0.28217040355524076,0.005748626259551527,0.004985245381124609,0.059950518268867124,0.3117518791703681,0.02310925795819899,0.012206721214057562,0.11505517590357328,0.14756996632349637,0.04281543797515434,0.014866210424636307,0.06637250147461,0.20039094653206246,0.0610031852970073,0.023334072855805046
4310.775905176725,0.09573232404170551,0.43975685843906936,0.007294763256512058,0.0050142719356357085,0.11514000271873916,0.2766890466429692,0.0033247258218121974,0.0012610709845231496,0.1219194152510737,0.3140948854672824,0.03539551010782351,0.02721670326895157,0.13225676659390628,0.20154073697735486,0.05766224711310974,0.04631836254227178,0.06551547122055416,0.1993854165880688,0.061193590950079854,0.023942679434053815
4292.274721034335,0.10739922506635409,0.3976990678707612,0.005458573366321518,0.004801405264337689,0.07469426125532791,0.31298714600761235,0.004819279307587033,0.0024243831998612938,0.4071665860049062,0.3432940438999859,0.04426568331749257,0.04226444660697614,0.2665068982640184,0.20035644657166066,0.06053341547367198,0.07489482301327241,0.06391171688504119,0.1994103979063079,0.060204399705370504,0.02328841148401864
4273.931666670941,0.12684957554066922,0.4452347175727912,0.007297816703282866,0.005493271341542966,0.23180721698173107,0.3527258900175311,0.002471311332833762,0.0016002964505022381,0.6897434874116796,0.6537903847228874,0.06570353743769357,0.055831504727499766,0.29117586337624407,0.2750928502116179,0.09445247698641582,0.06409830360615412,0.06782988072515499,0.20042217941394516,0.06062360220805954,0.023062232603604307
4255.744723408511,0.0399833378294719,0.39347764449494504,0.01017935811207006,0.005114792639741994,0.12753798187816112,0.3257468046561722,0.0030615640511324187,0.0008012244630062452,0.30792612314933987,0.05814275929414165,0.06258204603617593,0.056272151602667575,0.18862652624837514,0.0665455986573303,0.08362852938136121,0.0742022245508505,0.06398919486983307,0.19857732087997712,0.059999586252400414,0.023041808285068726
4237.7119067838985,0.061832420546273054,0.409184866492923,0.007158268660950666,0.01080703565918541,0.11740792382288938,0.2917168093833667,0.004268959891240426,0.003405979675463292,0.10912060167214421,0.2093846330806274,0.02619626903000188,0.015421565620239601,0.13479309222118588,0.12281759595410062,0.04563719919452204,0.006860584403489239,0.06385081914719778,0.19655039992875964,0.060014327121506596,0.023033251447820185
4219.831265827005,0.06679131151249164,0.4135210603449914,0.007694091127373313,0.008447620216568091,0.12517547236884183,0.2855303994441007,0.0033242865303588862,0.0024036874063712854,0.04019922247155548,0.22540753473932162,0.03837804060412344,0.028726151062559418,0.09430962682721683,0.13808029256634902,0.060020383944838274,0.030818710968538658,0.0639064034119661,0.19548295212355693,0.05970432337279879,0.022966395584395654
4202.100882357143,0.07064764314992023,0.4132551946550234,0.007405463882518876,0.00748802163642983,0.12539521877086582,0.2815385606995752,0.003373935952462721,0.0023508096602689313,0.024188436121036643,0.24775571650840852,0.03434111228271864,0.026267092694619697,0.08831369798583544,0.13978976448313085,0.053902405111598654,0.032174978245066044,0.06385418279588101,0.1945951053956454,0.05938456434820174,0.022848892928376267
4184.518870297072,0.07128982751173003,0.41501799457547395,0.007154821912835052,0.007202615708861719,0.12718720101623573,0.2800705579553265,0.003500966711707361,0.002484144210554853,0.006304779081447364,0.2507497237152946,0.033812572341906946,0.02564500256228025,0.07515372300809277,0.1387877732643725,0.05201667558931327,0.029759727363390106,0.06372768241302323,0.1938195470048,0.05911404458588381,0.022731154517053653
4167.0833750041675,0.0773710607237962,0.40797077628514616,0.007140846700650609,0.007151537555879246,0.12661873031413445,0.27814625352554057,0.003428366251162197,0.0025155545481043338,0.02216672354710745,0.26708736928183946,0.03313386579961888,0.025880130850585832,0.07441153714235287,0.1309006645288064,0.051474212699591404,0.02990867191672864,0.06348519153461914,0.19303721991272274,0.0588554015546486,0.022619068952681218
4149.7925726182575,0.07833752247300178,0.4038633289281098,0.007158959711350063,0.006822871366453295,0.12418317591828147,0.2789554981030371,0.0034570416873534304,0.0024560981929174107,0.037189997072430384,0.2354469977816569,0.03280633194853748,0.02539759567459035,0.06107659120530738,0.13750254997253528,0.0509779907103024,0.028458728013915625,0.06322802737063339,0.19226863449729661,0.058608192380240426,0.02251967689538815
4132.64466942562,0.07571868823482289,0.4041876844862198,0.00533144463573702,0.007130766285879367,0.1273548469039314,0.2776416256260369,0.0036311253897526666,0.002351346316547538,0.011037622477100712,0.24858273959668695,0.030024369580810107,0.025940634799134624,0.07136432015888323,0.13202721271950899,0.04882652598050589,0.028294683051669087,0.062956896558272,0.1914365553083004,0.058347622052183676,0.022417640171366382
4115.637901238684,0.07509101216106016,0.40439303644423163,0.008316308794796543,0.007312824188649318,0.12467728994172118,0.27740976883601176,0.0030087107031819774,0.002637849645359615,0.022360155287320566,0.22688277274886454,0.02962512956447896,0.024546860281241076,0.06515680958067026,0.13579399832214906,0.04932054646038719,0.027980696881931038,0.06270831004944566,0.19066289518293472,0.058125761220439054,0.022317865422232783
4098.770532790984,0.08114007135398812,0.3965406092260232,0.011271627658756308,0.012459917421946564,0.12391657602482169,0.2760209860312737,0.0026897743637257117,0.003300559911234358,0.012376099843659557,0.23733938229789475,0.028826221171283084,0.027004569955447727,0.06684647710176654,0.13191122329756513,0.04693348085619732,0.03197745719256163,0.06241634758193508,0.1898941768747273,0.05788637748992059,0.022199450693757908
4082.0408571469393,0.072150981680764,0.40286809671902823,0.009430188253866777,0.0030816620585054962,0.12383326593078688,0.27378615492428143,0.0028140085006223637,0.002952835225505252,0.011819192920945088,0.24114516178669687,0.027619902769979533,0.027737928719541578,0.0644067772744316,0.1315916138688757,0.050608692077854046,0.02275248954190117,0.06219457674923376,0.18919470884066383,0.05765140236609782,0.022116906247198843
4065.447195126017,0.09118903439077194,0.39559520979503016,0.024039679571961067,0.015975245660208002,0.1219205154558596,0.27353957702748943,0.0008622218238455733,0.005686673433114022,0.010309229429923256,0.2423395709563674,0.013470071076305283,0.04021295092013327,0.06201273175739785,0.12859047264763537,0.04572402399135924,0.02401320075642894,0.061973563432106984,0.18832164270470955,0.057448553862335966,0.02198135692629287
4048.9878947408915,0.09291471044200605,0.37749244813569804,0.004734574269783601,0.011592643648865022,0.12322216664158649,0.27337925025226717,0.006446625922676542,0.002218594554426377,0.004152171668454169,0.23916717848316382,0.04622598781910604,0.010495778376847275,0.06583128262224833,0.1291051365774082,0.04965594126224503,0.028171191145519237,0.06174285319815805,0.18752206429958038,0.05710446403769495,0.0216070985985826
4032.6613306491936,0.11739507006211315,0.3668137185716933,0.005272783071482802,0.0056491606243172406,0.12052502836834887,0.2734709806259905,0.004357096235557913,0.0013245369620149832,0.007646089962497009,0.2367601420516438,0.03676092890156266,0.016053057758714493,0.0660662096348177,0.12820264191161782,0.05008365680806583,0.026269365104609012,0.061405655467735444,0.18682954898578402,0.05677736524276009,0.02221408472297073
4016.4659036184744,0.16737090039062338,0.2952855172168784,0.0070266023105639425,0.004649952108829819,0.12628441144876829,0.2766355198809088,0.0032420534020789166,0.0019550060190173784,0.008024564658835873,0.23478475852226174,0.03174292175805534,0.020610880788506418,0.06449296686495311,0.12766228072722843,0.05097094296926837,0.025987305484477217,0.06110069946797169,0.18604946468493186,0.056395016026841945,0.021981951519381548
4000.4000400040004,0.12877233718692657,0.5858293696428738,0.0046146314767235245,0.006165692161752172,0.12346563105251268,0.2551284560050225,0.004987253195046095,0.0011794844547211771,0.005851631783361456,0.22978583372179515,0.034745627246859964,0.017024175599592507,0.06849557667883639,0.13192222474412715,0.042850226824792524,0.029851502352981195,0.06096757171044515,0.1854691419361823,0.0570019700435705,0.02162200066675449
3984.4621912390444,0.06097350432614436,0.4445684840156185,0.005852571580632677,0.004923575063055907,0.12715247727277865,0.2637679879196138,0.004165799350159224,0.0012350227668030747,0.009726404043166572,0.23338373074668112,0.029719956723293216,0.021697143426924675,0.06115915342323281,0.1266906431881746,0.041754875499891216,0.028531509093961443,0.0607523058773946,0.18466514848342136,0.05644473412829916,0.021506843940429034
3968.6508333373026,0.06928080625639112,0.3839986538703567,0.005991881269135278,0.004869800818659218,0.1227036173537039,0.2671782647333389,0.00361620802491799,0.0017560941351349056,0.00902213488479123,0.22801743270409694,0.040903525221161904,0.011900212133096725,0.06790432889018891,0.1279131133156275,0.056947923600087845,0.01248329959486854,0.060541107602281416,0.18383916547316426,0.056167512465251174,0.02144196383673806
3952.9644664071157,0.04704718739729891,0.40499462203042264,0.006047892834839725,0.005064646356721105,0.12263101694514024,0.26447691582296573,0.0037189652945174966,0.0015371200902904233,0.010745986175789571,0.22712581171305302,0.028771673829857312,0.021546779622747887,0.0630854679486306,0.1280390731887136,0.04386155192753378,0.028439998760328978,0.060223381311174835,0.18310508198849365,0.05589227281246128,0.021404754878326063
3937.401614177166,0.05623561759524759,0.39336570498573015,0.005932806239411679,0.005202049481424059,0.12044318773490623,0.26428567080271803,0.0035291976035037808,0.001632527802035676,0.010587746525710588,0.22390252144889275,0.03196344855705869,0.018875540894844944,0.06555202413293143,0.1286280689558663,0.04930874486340135,0.02851704132380651,0.059959911833132123,0.18246117841125098,0.055675015270678536,0.02133030600396509
3921.960823533334,0.0551888369077979,0.3916649847781349,0.006002809874181978,0.005166090307813777,0.1201455861267727,0.2633468163278097,0.003475949105955877,0.0016866321165714948,0.011485805420857116,0.223130607458759,0.031129938913820415,0.01883452468196775,0.063992583267178,0.12703521822369768,0.04825340026724953,0.027062129669822618,0.05973129746555719,0.18182381138043308,0.055453188400332414,0.021245804549673272
3906.6406640664068,0.05561181955173935,0.38947609589248233,0.006003848680996209,0.0051823415465029,0.11909900224922826,0.26248748048596166,0.0034236240933036635,0.0017202814895664789,0.014985762562404076,0.22077296339024602,0.030990011704396275,0.018507424319613976,0.0635235146087382,0.12635993298277465,0.04817158950578596,0.026166382834409,0.059597420417464686,0.18109045445664684,0.05523100326106675,0.02116654079570988
3891.4397276303507,0.05810820992734455,0.385921383743843,0.0060100936389320654,0.005179678591997455,0.1182851117387463,0.2619809145155576,0.0033784844725368098,0.0017449764876820506,0.016918893450939037,0.2171129599994653,0.030488386778866425,0.01855556452621353,0.06312768102834031,0.12589350917333547,0.047770053497015484,0.025860689537007642,0.059316644222242636,0.18030472583236734,0.055015904615483176,0.021084685906487877
3876.3566279108536,0.06108532253594253,0.3801135715506542,0.0060064660506010115,0.00516000127841487,0.1179086779889792,0.2614592844982819,0.003329450486058199,0.0017491467395036263,0.01898256286437433,0.214383047891547,0.03003324322608893,0.018324929330824222,0.06406907748915178,0.1254983294495749,0.047517932450384284,0.025643969065467336,0.05905192121825901,0.17965172228006288,0.05479724131970336,0.021002965642080363
3861.390000003861,0.05719123088842277,0.3809794264689148,0.006010942128334876,0.005149962932968089,0.11758666068445081,0.26042347982747927,0.003296697821688066,0.0017720197130086277,0.021028156442275125,0.20972435985510285,0.02981031670283658,0.01827573192277568,0.06314753138420165,0.12698079455276967,0.047290527690789626,0.025589544454443027,0.05880461434930771,0.17896420786566133,0.054589698322177714,0.020923672812674595
3846.5385000038464,0.05335224223584068,0.38340680461784704,0.006028561040296895,0.0051526976767630435,0.11686665665132798,0.25959310578158573,0.0032358825534595423,0.00177402410740708,0.02174386108056442,0.20723113587463732,0.02949634587445826,0.018463937000712947,0.06722961486111126,0.125079441721613,0.04715856885590386,0.0257545587609135,0.05854844535193094,0.1783305503150205,0.054360310508699675,0.020831206012350504
3831.800804601533,0.0569313430349735,0.3782629975899794,0.006011743733067068,0.005126989510873098,0.11568299104812942,0.25901836919001814,0.0031997729720260834,0.0017712192304479729,0.029359906684228644,0.212210693978162,0.029271556685552598,0.01837492676919676,0.058183036883063095,0.11243661030243161,0.046976661758748935,0.025584675648071677,0.0584191716752798,0.17773205358263514,0.054143216536237514,0.020742919190510495
3817.17561069084,0.05410281633902531,0.37901428248635866,0.006153387462329093,0.005171526164628064,0.11528562826944805,0.25889483643248346,0.002972784075426721,0.0017233245747937237,0.03870995830087693,0.19262127176114294,0.028905109851743816,0.01849469283140045,0.05972006850054667,0.12410507653569121,0.047755337101266754,0.0260707432241448,0.0579827702384693,0.1770389955838331,0.05379822640348473,0.020683357086022248
3802.661634984792,0.05447874950365902,0.37652853507947387,0.006035532878083756,0.005561076489651917,0.1142551014369086,0.25892879861988666,0.003618737344776054,0.0025092693683082144,0.04613237133727666,0.18536277717791247,0.029690615911329217,0.01895116390194346,0.06343678064512108,0.12030956432751944,0.0456178654218004,0.02065273235642812,0.05784477152795108,0.17665004910495583,0.053950979202023255,0.021066080489286043
3788.2576136401526,0.05387512841821174,0.3751939008282832,0.006164848504775144,0.005341522830934072,0.11423262469703803,0.26068424855810557,0.0030777969104700317,0.0020250307747573357,0.07005252846865923,0.15499457801076444,0.027587753348645376,0.017387031652336623,0.061350685663281244,0.12545384262564635,0.045957953912026867,0.022897037318496224,0.057805327059272105,0.1763944237154487,0.053518153202280365,0.020719977857851835
3773.9623018905663,0.054455787913743565,0.3726566939195138,0.006036632721412093,0.005087573798415152,0.11857275596349938,0.26044450801857066,0.003190180285872139,0.0018074252531790503,0.07494009383248414,0.17383824422743063,0.02492863666460805,0.015786816288422736,0.07923718050755002,0.12020103615960574,0.04100378158471094,0.02554883756553701,0.059739772446091036,0.17538932931214268,0.053712588025936356,0.02027309678639584
3759.7744736879704,0.05294854003577317,0.3701412745104879,0.006137036193965245,0.00624999521475257,0.10850373850504373,0.26063138768291855,0.0038814910280474055,0.003053694038022409,0.10854956506644875,0.14581346289818775,0.03666255749587862,0.02860736925838776,0.052635204198618175,0.11186070927616684,0.04989270482687745,0.03247437316281772,0.05561522268606054,0.17376664747261694,0.05286517295111297,0.02010991939541312
3745.6929213520607,0.05043583630030994,0.366915089041803,0.00626274694679945,0.005163237725713143,0.11696538299517972,0.2673984418726079,0.00264223625998952,0.0015749394023792448,0.12767254489503296,0.10259053189819824,0.028696683973775255,0.0197170864931117,0.07334791716487182,0.08510187818987491,0.04827917334414359,0.028359889119290087,0.056615952950737826,0.1723583528092571,0.052802102997151136,0.01986480611608866
3731.7164552276126,0.05053363038175842,0.3680695299154019,0.0050968616219471624,0.004275946025226668,0.1579710054192232,0.26051087523530597,0.0035919101183024137,0.001816497442246372,0.3678254257451921,0.4528837569861445,0.03812460955839311,0.02722209693305258,0.03038644345347242,0.12051909814036112,0.054979836611621945,0.024836182262163588,0.05648791852951991,0.17225170368631798,0.05264244252070173,0.020349210388325722
3717.8439033494433,0.05721491023677552,0.36884142722830304,0.0064405591564368515,0.0053209539085578295,0.07313419327215462,0.23482629677178266,0.002302874109734374,0.0015887815304218979,0.40073376077185474,0.48124777082574777,0.021216589901288344,0.012206068707265278,0.09307323638342851,0.15767201604970363,0.04262506582583156,0.021642677000205213,0.05757609465646656,0.17173632025753532,0.05262141916165678,0.02012697023210728
3704.074111114815,0.05514277323015263,0.3691319239641718,0.006232993606701183,0.004566037268101734,0.1136210765462342,0.22074410714742598,0.00226530786706911,0.00072161633597254,0.24940253416979474,0.46120972704658264,0.02353112972224317,0.013060759692926253,0.03735772623300638,0.14341261144240758,0.04525653125367746,0.016095505129054034,0.05693724002908576,0.17168270658418783,0.052453606025686696,0.020245370215231533
3690.4059409631,0.05322011279407754,0.36534869459478625,0.005704121474543044,0.005320068020510003,0.11913899941991112,0.2338104486217331,0.002859097998450604,0.001783222253251536,0.1357532731632203,0.3557920717386501,0.028303436249276403,0.01956985174858626,0.041600574659751935,0.12193484944569614,0.04710705050682067,0.02569216245219342,0.05641673886950502,0.17117722509810296,0.05211333878607289,0.01994715745711744
3676.8382720625004,0.052466148732114117,0.36307776594354346,0.005607215762413581,0.005175160349336221,0.11706391251419412,0.23829512090498686,0.002696991787232799,0.0016449834742633938,0.08964563057102161,0.3079047282724722,0.024541338723584775,0.01589475688723024,0.05194106071466219,0.1149303204919955,0.043987226175131,0.022824870888590587,0.05615184450328688,0.17044232732013265,0.05198327355423345,0.019875572277052406
3663.370000003664,0.051879522682101886,0.36149669355532477,0.004154568263953987,0.005570701648419745,0.11600384340433555,0.24039605963775867,0.0029218488064095887,0.0015075114191944398,0.05963909916285442,0.27744498204921836,0.024809639811689967,0.01631698230892432,0.05146932619414491,0.11628202851410571,0.04457527823005513,0.02203974333980766,0.05587542147159851,0.16974842310876734,0.05179405715004964,0.019823394424645507
3650.0000365000005,0.05168766499032511,0.3595300001103955,0.006684279643690037,0.004952974883784225,0.11424007334413436,0.2405307520031619,0.0025625759769003476,0.001769545124366107,0.04611691222199913,0.2628373195731834,0.024897091650955615,0.01678894877346346,0.05586766205641029,0.11661857230620755,0.044070207394243346,0.022313785031723217,0.05564084769295409,0.16906032921643993,0.051613144980634,0.01974935171363876
3636.7273090945464,0.051968099446676394,0.3577571096255992,0.006268332379859753,0.004343854336640192,0.11284921691515763,0.2406455849519089,0.002737719410419566,0.0016499828565545902,0.03466564084182679,0.25031130021149656,0.0253455513594619,0.0162218451672796,0.05288263835862066,0.11838652451361162,0.043748687292765306,0.021466278432560097,0.055482616004542296,0.16853398513708706,0.05142433561768944,0.019681168384710533
3623.5507608731887,0.050764795365969825,0.3571065019187374,0.006489600717322124,0.003971351671523398,0.11252387160720476,0.24005758293833612,0.0032115302369066655,0.0021999879538091294,0.03367051803249389,0.24873422921530572,0.02779211356230354,0.017196173359478737,0.05540764496467934,0.1159975568773576,0.04262341773695516,0.020615931668040197,0.05530945220694513,0.16788141865788855,0.051234436655430614,0.019599069657896737
3610.469350184116,0.05101781445746049,0.3546718322504513,0.0039360905443178995,0.005126933163057813,0.11118014444444133,0.2394588793487125,0.001313431511231655,0.00458420935019435,0.0240946262270939,0.24315126970660841,0.006644192795199714,0.046093607491713935,0.053499169333077,0.11692483006816057,0.04625405784752164,0.016883885044004274,0.05515450466491623,0.16726688700664882,0.051110425655197626,0.019506375557235636
3597.48205036331,0.05018310210399954,0.3539975869516191,0.005304979316995408,0.004559832690455358,0.11091166802164924,0.23880622602695462,0.0027683227351348047,0.002796986587271262,0.027395351621790194,0.24007751794673526,0.016304115893458544,0.025335611826929637,0.05609279040655106,0.1163931075620034,0.03937003433201659,0.01892892392076747,0.05491254941102312,0.16661745399625125,0.05091537604111067,0.019444933131028023
3584.5878494659505,0.050680744090092746,0.35177042623238114,0.006140175510139791,0.008800531040871841,0.11051102732856755,0.23789874965798005,0.002165942690795772,0.0019444494197957555,0.020913839036282692,0.239061210792328,0.057653041889750956,0.04364063299649708,0.054996708151692705,0.11574624056782908,0.06706624733403412,0.022853986523049222,0.05470911356726892,0.16609911842443012,0.0507922816684708,0.019506411408385865
3571.785750003572,0.049868276259075056,0.35082604345916557,0.006146894600333458,0.0033251583627834412,0.10964846070691103,0.23757085406059222,0.0026518319268343535,0.002546053065397555,0.01973780728220647,0.23758740345780965,0.02466815364970407,0.027824462180330384,0.0560547522746026,0.11244734486353354,0.04248281927051628,0.026432394645796355,0.0543971485341694,0.16546467662336078,0.050186747374474566,0.019423765389463128
3559.0747686868335,0.04933344459421355,0.3499856162180264,0.00960846248985145,0.00546170484418475,0.10820938534689657,0.23633359482161911,0.0025462810103974495,0.001291552451207774,0.0288670687941109,0.2227796715008318,0.06651547524763421,0.028198828642295573,0.07384253797930491,0.12532870181821865,0.0845058705980982,0.04317375478414642,0.05434421338204189,0.16488841537536425,0.050753783637859526,0.019122557216971873
3546.4539361737593,0.04949725068645128,0.34794884247192265,0.005634551679246796,0.004795596427282249,0.10891852303954479,0.23624807310076404,0.0029962368625140534,0.0009752517603147963,0.015515434391435365,0.23207973631909792,0.02351058295489606,0.01696869192532977,0.05393497814012143,0.11221697215527862,0.038014831793589256,0.024677805871513497,0.05411530372284192,0.16418846165216844,0.05065374908986809,0.019900272976059875
3533.922296823322,0.048271759098286245,0.34724988658765366,0.006351014130568532,0.003885473919854187,0.10849864236781567,0.2351982688838717,0.003540034187676537,0.0014860269801447563,0.020409169842203423,0.22726670817224945,0.02883671667582333,0.016374897792565693,0.05272849266382892,0.1163166636675142,0.038672644742612075,0.02737433593827471,0.0538899606835924,0.16372501480426346,0.05041652153953425,0.01862689242241853
3521.478908454226,0.04772257454687508,0.3468893319468927,0.0064540472922335205,0.004259072871513709,0.1079963352623453,0.2344878671196622,0.00386768362489082,0.0008086299808996936,0.018363367187983475,0.22457854823489157,0.033020338702105405,0.00917081733565726,0.053436347552979185,0.11726999721705611,0.03960338820547228,0.02865911487336449,0.053752957035750594,0.16321726820003454,0.049896105341399814,0.018571836943278252
3509.1228421087726,0.05040154369573826,0.3414194899861009,0.006142970280947104,0.004169122657656752,0.1074871756602526,0.23385745451485163,0.002748156318494699,0.0012996448451175065,0.018912769292888293,0.22706937414929118,0.027228648872487268,0.013469470238651384,0.050349719477678266,0.11294968626889475,0.04399269775597333,0.024915863942090884,0.053537570834925566,0.16260836319443892,0.04927490850652865,0.018919186025634745
3496.8531818216793,0.04924378179075034,0.34125058668120967,0.0062169303232582586,0.0041618921698828686,0.10694413484794088,0.23321578506234536,0.002895290046792779,0.001279174059455184,0.015141977940830978,0.22272018129878723,0.029009421057007267,0.011696301605564471,0.053112566410507954,0.11423246474501736,0.044112319570351985,0.023813023383518282,0.053427321627154224,0.162057092757996,0.04927316594162003,0.018981810284338704
3484.6690243937283,0.04804408699178003,0.3409056402318115,0.0062028461353279005,0.004193760760246138,0.1066569605306466,0.2323901798369086,0.0028930722669744443,0.0011820631185654475,0.01646269342203353,0.2221090030985342,0.027556876352428213,0.012811074958585484,0.05147887398820419,0.1132038948646423,0.04268974413505979,0.025535781317843214,0.05321274575244936,0.16140080761271888,0.04916863520639812,0.01890752657653865
3472.5694791701394,0.04812161032136832,0.3392709251776695,0.006188910846628236,0.004211517158736926,0.10621732897318542,0.2316604624992091,0.002821554411223422,0.001210432753790102,0.014973233826893216,0.22144163538361022,0.027744885291509903,0.011872750255768323,0.05186244155956843,0.11169887720031081,0.04330596095637837,0.024155959956507617,0.05300354049717754,0.1608780050594351,0.049026261173377494,0.018815718554248035
3460.55366782353,0.04752340426315956,0.3382321826183953,0.006199175845034721,0.004206691637344931,0.10571577691055259,0.23087183191214705,0.002784398567756476,0.0012115057886444576,0.01496843261173139,0.21988083942438405,0.026748398000465235,0.012231049396480072,0.051140596372895905,0.1123432314934847,0.042412009183579936,0.023912884815468098,0.05274533289718956,0.16033334190717644,0.04886290669079517,0.018741932930846757
3448.62072414138,0.04725311716985558,0.3369984137866718,0.0061988702588409664,0.004202702982108673,0.1052629116205465,0.23015168982068274,0.0027246497577443317,0.001235587870135753,0.014073428812152658,0.21879888577231546,0.026306750023275895,0.012313925179010667,0.05107983747638357,0.11161696806593292,0.042355932722081636,0.02371013058452876,0.052610977746937765,0.1598086922802144,0.04869505801478002,0.01867674579824047
3436.7697938178703,0.04704233656510167,0.33555957813941295,0.00622160031750337,0.004192921988426616,0.10499337167039613,0.22948990239203645,0.002682739368373367,0.0012474062696099404,0.013417254062043787,0.2167819907138395,0.026058484862102615,0.012401646648143794,0.052219088977420156,0.1113892053198807,0.04226507341162615,0.023630121627648656,0.052424639273882544,0.15928572264862534,0.048530249696714434,0.018610876959433385
3425.0000342500007,0.046371857510424164,0.3344405179663465,0.006245079703918409,0.0041794338513767276,0.10467205771500027,0.228795004430451,0.002636760627707089,0.0012622924541493246,0.012156586412322942,0.21663639405536442,0.025635076401562054,0.012161896571207094,0.05320615779990589,0.1094959292009588,0.04204901942945549,0.023377294502615713,0.05229544777025547,0.15870253805722245,0.048365037788440604,0.018546017891560875
3413.310614337884,0.04640437586643219,0.33318186812205053,0.00628436307738251,0.004177940568552347,0.10418694569800455,0.22779528210849698,0.002608678050952515,0.001292251898270679,0.018587877734174515,0.21814806911740553,0.02581348732631197,0.012747796817278102,0.04957592293156072,0.10825896420866349,0.04215515446507952,0.02392860686932917,0.05206075104188511,0.15820972014092607,0.04820274939824884,0.01848556022067178
3401.700714289116,0.04603260049729955,0.33181647536656816,0.006329280401549151,0.004152619422791396,0.10382023291745483,0.22725962930415047,0.002571568903229816,0.0012979531080457931,0.01721513233085336,0.21908200179639795,0.025957820462187753,0.01281023821341227,0.05118712325056055,0.10375636845961392,0.04252635781642219,0.023202862871177402,0.05193317501197397,0.1576535585554438,0.04804153794562067,0.01841560044390067
3390.169525427119,0.0455674535844883,0.33087271909700466,0.006382530774003964,0.004152751322665681,0.10339259654970853,0.2264645206710824,0.0025533321938071623,0.0013110342401436142,0.02548450753889886,0.21727440088310432,0.026450118355533434,0.01296507251462873,0.03840984082118407,0.10370902489958204,0.04303306206719694,0.0227058529613343,0.051841352559270144,0.15718709685767143,0.04788349983054746,0.018360946670629298
3378.716250003379,0.045778729475967915,0.3294588423534371,0.006467482925213354,0.004142040952070271,0.10300068026288063,0.22596596637884042,0.002489265587208581,0.0013072874089609904,0.006971509463705798,0.19280535376177263,0.025454348632877363,0.01209376780551867,0.05176876685404829,0.13058398147218697,0.04234557471418915,0.022059044741289318,0.0515965909966597,0.15645244912285472,0.047718823371754426,0.018303901768841575
3367.340101013469,0.04523204877136879,0.32838157623278197,0.006533000468504189,0.004126839651711772,0.10272294297435733,0.22501215015048745,0.0024935284570904064,0.001339582690184048,0.010526427277412478,0.21145151423294314,0.025581647103974006,0.011904953335532835,0.046630266627528755,0.10832103173870769,0.04237565229926611,0.02084188718427549,0.05146456010563876,0.15602943060151755,0.047592672639616466,0.018242237906011222
3356.0403020167787,0.045124185098759574,0.3269404026398388,0.006700309178165793,0.0041200061236588105,0.10268077817037581,0.2243893926099882,0.002364977520873138,0.0013090251562746682,0.011800977675832283,0.20740694116832992,0.023161806729855957,0.011365488138499249,0.04400664802272953,0.11175951979010836,0.04014699182726333,0.023467040611506194,0.05127792050606441,0.15549653219986162,0.04740582262256723,0.018140901050575267
3344.8160869598664,0.04475736415353064,0.32595696233297095,0.006819043783351336,0.0041220656376450004,0.10238833772355693,0.22315273923537574,0.0023656608873892987,0.0013475007166405513,0.017739769772326316,0.21391208455381303,0.02371820999409121,0.01103718501324907,0.051776484005033145,0.1082456162375524,0.0406798246536671,0.021874922662595938,0.05118499362634852,0.15489529157648374,0.047264188627344404,0.018076763292986835
3333.666700003334,0.04440391650553672,0.32455194088252476,0.0070389017040244466,0.004188613178763862,0.1014681381104584,0.22246832766704305,0.002306593445924994,0.0013942266944202098,0.015439219930546741,0.21322227059308038,0.025092567290249137,0.01196910376211684,0.04453969654804898,0.10559654374089507,0.042300778746006816,0.02177712143192804,0.05059369150435036,0.15433134307966928,0.04703930479839919,0.018040451813701404
3322.59139535216,0.04411896672033078,0.32334183164023617,0.00712479105255408,0.004003090997985292,0.10267850027312367,0.22224227210118422,0.0022423225779963766,0.0013087830645954707,0.011502198061529014,0.20788792079376417,0.024374870987190444,0.011054723308419973,0.04546651763007162,0.11079672049403858,0.0417842339438923,0.020852030627089402,0.050872290238428465,0.15402095438463376,0.04693214950963965,0.01800152970414289
3311.589437089405,0.043925351729824126,0.3225832798353291,0.00743948693558981,0.003992164614291783,0.1022938193732228,0.21967714955709042,0.0022202558700714324,0.0014084219250423736,0.020378895531806503,0.2169497894044253,0.024494540489850954,0.011128138624508475,0.04029841488781655,0.11860156998965413,0.04182673796969633,0.020380634561290904,0.05049317475796344,0.1536208136388593,0.046768124987732564,0.017974052125252084
3300.660099013202,0.04430227447541071,0.32133998425369353,0.007697306020495417,0.0036677315460188994,0.0961702814484217,0.21818819974707687,0.002053515359160702,0.0013197766381782621,0.04241189361987394,0.2161583621480834,0.022297168920404578,0.009889983206947818,0.06072030973307301,0.11950639317762174,0.04018143991267091,0.020874521345630514,0.05040337399923243,0.15306251951760846,0.046634120380370146,0.017865980874394206
3289.802664476974,0.04337723406133023,0.3192420136603122,0.013599208612174476,0.008540056224090981,0.10252271756417655,0.22169777758184595,0.0012360045353183972,0.00218509194410787,0.01504055796452832,0.19728543601217555,0.024552585901654916,0.010801543867874394,0.04641492484469883,0.1035509083015387,0.041696422606187646,0.020743347935296964,0.05009809669242566,0.15245998250086074,0.04647817206819716,0.017812439226095524
3279.016426232787,0.04386975018618127,0.31754657056709895,0.011425091564222606,0.004734937801306391,0.09850807257897355,0.22192528307211776,0.0018511794130199966,0.0016152270972196966,0.019582222471478672,0.18016651185217575,0.02407676358001697,0.011390484002142627,0.05308233622141304,0.10538624780562797,0.04133216389048069,0.021523622960735907,0.04997081215633765,0.1518690655404604,0.046321588766931494,0.017738436559324368
3268.3006862777784,0.04144636711683193,0.3187291894394936,0.02306440366047417,0.015181843380237092,0.09746843343216863,0.21924060547528307,0.002557829595412929,0.0026539936796928514,0.021425609988452603,0.19189518238194034,0.02382719853097913,0.010325782200726778,0.05308021134322531,0.10883670057785433,0.04129614172992009,0.020151568283256156,0.04987612075101147,0.15146524991070348,0.04619324062475016,0.017719810263394652
3257.6547557035838,0.04210312515487934,0.31640581430685033,0.01707492968490443,0.015081178601193011,0.09756676831287331,0.2180664637584504,0.0009534082267723906,0.0031825801052878105,0.020155729296085684,0.1979938949047488,0.024454328044913636,0.00990477995216202,0.04933977782374751,0.1073555063981033,0.04178943641996692,0.02007823602049459,0.049699543485859574,0.15094328132159357,0.04603389696591913,0.017623883532673083
3247.077954548702,0.040632529657334285,0.3139738219660062,0.0961883351650519,0.09322787394761589,0.09831153909273631,0.21701807942256818,0.01169515316828104,0.015012441947405789,0.020601437574877896,0.20085682311122044,0.029095317279133392,0.005124510687244571,0.048740081842516415,0.10812576336801681,0.04228350824669154,0.01957746548092881,0.04957809288637801,0.15046390546603094,0.04602995194147546,0.017486420716715866
3236.569611653722,0.04176612034200192,0.3146523784943661,0.022519618445554064,0.023182776001163558,0.0972708425302901,0.2163033309118375,0.005800313050276568,0.0025122036732792346,0.019241135620327414,0.20009196695251913,0.022407375233442592,0.011491958874024088,0.046568308777822746,0.1071818620645719,0.04205110654318945,0.018679185146946577,0.04937529666501695,0.14995264782750894,0.04568065643245267,0.01756284384812505
3226.1290645193553,0.021402994591259134,0.33720566332509294,0.006079521122107668,0.009347134436580758,0.09749203726936365,0.2134414096218243,0.003636324817085153,0.0009322999678779035,0.01804121326985684,0.19803074641841034,0.0229521079647424,0.010610906309737664,0.04748566258511876,0.10800779043918302,0.041916019960504,0.018262822483625048,0.04921425889886185,0.14950104569022363,0.045551405437837554,0.017473377224154634
3215.755659167203,0.04294980162589991,0.3102269502720012,0.0031037204264988045,0.005794630666254125,0.09726460937973178,0.2157229371873412,0.003323440333800244,0.0014177166367894674,0.016922898917384206,0.2006761810737006,0.022237490087578415,0.010593741124967762,0.04422587330625501,0.10078660015819269,0.03805470565824451,0.013812753556369699,0.04902733308091463,0.14900835886492428,0.04544457274769723,0.017431548945768024
3205.4487500032055,0.04210678625830966,0.3103564705817697,0.002451416976219808,0.006231710504533823,0.09550031262433004,0.214308499965112,0.0012413199237076272,0.002614371881424369,0.01261939668082838,0.1967040533615498,0.030998778609293277,0.002659705320678808,0.05965858266270703,0.10755360333968127,0.06882917306092405,0.021850377752380773,0.04892027638237042,0.14857180546580068,0.04518702577786222,0.01742327606557414
3195.207699683707,0.041073693742210364,0.31006686859866955,0.002828022800612388,0.005771534829906941,0.09523689077423145,0.21426914962434201,0.0016286710015730608,0.004329125378702933,0.009492683507344224,0.1994019140489293,0.039696096974829405,0.007932077870970704,0.05738743216395473,0.09940655714109149,0.09329904097536702,0.044397364284347776,0.04875976376541422,0.1480721542403323,0.0450094622832461,0.017415270474455843
3185.031878984077,0.04155405942748403,0.3085436351085005,0.0008704938656975664,0.006789154178039448,0.0958570354012089,0.21209820413770708,0.006772409310989103,0.006585207105238156,0.020668661242062996,0.1913448525559742,0.05222455734609443,0.04286263458998109,0.04830804071048345,0.11585141569855448,0.13873576638515184,0.13182666958904835,0.048612236480252695,0.14765360616638473,0.04481538918482656,0.01700928515397827
3174.9206666698415,0.04105912453362761,0.3077525529771075,0.003058480517959878,0.004571934921889556,0.09504696243305864,0.21250560720588033,0.0017505927495270659,0.0038508094432656284,0.01443380460686544,0.19119413439080324,0.03629665344237646,0.006204968179149139,0.051883277756476595,0.10837343226676757,0.08096132984292895,0.032093966752258694,0.04845227359125885,0.14718824219140403,0.04479800150413658,0.01727753177881082
3164.8734493702536,0.040763699443035206,0.30672456937087855,0.003211032387062469,0.004321166326223525,0.09634486583203374,0.21212056872590634,0.004738900185078104,0.0024866987880325666,0.01897884905353992,0.19496417441650837,0.0115771358974671,0.020772857615948895,0.03615862560814332,0.10409971665529853,0.01290873591640152,0.0380624982697761,0.04826409558549155,0.14663983280038,0.04475144317986722,0.01720769805930474
3154.889621454259,0.040566803717038115,0.30565523174595666,0.0033294493936803994,0.004318159851023981,0.09511717022170278,0.2110238780167497,0.0031295700980981675,0.0012423101305717177,0.016030061456587467,0.19150470407386058,0.019968998061285517,0.012635371802896683,0.04826184676911725,0.10783122529981826,0.03208849544065251,0.021587432043080158,0.048117902315388546,0.14625795344881265,0.04451186320263435,0.017047556716553107
3144.9685849088055,0.04041041914226337,0.3045689014472176,0.003313442286780331,0.00437117264741813,0.09465543289217739,0.21062497135595992,0.002963297008685861,0.0012595411631807722,0.015526238090075842,0.19390141172026823,0.019571704507791686,0.012324514554898792,0.04589110027598686,0.10294773867009303,0.03300675103487052,0.019613294848224654,0.04798702651328867,0.14573584014993618,0.044412202745726985,0.01710333413603326
3135.1097492194363,0.04002483393922229,0.3037182605000295,0.003389520039635084,0.004342264357026025,0.09435662771143223,0.20995914144797595,0.0028613419665384004,0.0012259154092110586,0.0165726065361348,0.19322384698041864,0.019137040617887978,0.013033833681831933,0.04491397104787395,0.10170954535772808,0.03331319700413001,0.0207607281082236,0.047871496192616894,0.14533207881692306,0.04431344354605509,0.017025901287701543
3125.312531253125,0.03961622079082285,0.30244806834162347,0.003469633077687027,0.004308538046312546,0.09412567425977593,0.20950671255804992,0.0028966870125464554,0.0011222371016276287,0.015350841288876047,0.19149583204146736,0.019752720411037535,0.012144856173073709,0.045179276136182896,0.101848792431413,0.03325706580120861,0.021282729826589682,0.04765728423498965,0.14479309169771773,0.04420139282333075,0.016914577895910464
3115.5763551433024,0.039751348695046436,0.30166391079401766,0.0035139843500302617,0.0043059672965916245,0.09373153597589881,0.20876166288721476,0.0028153978574665156,0.0010666026413918917,0.01543622953269585,0.19059273147779554,0.019498880596052724,0.012437973597801485,0.045704841291034616,0.10207376283875402,0.03352707897717027,0.021920672249584883,0.047520369569849584,0.14438150073445954,0.044035570786894275,0.01684736599997505
3105.900652177019,0.039467451364946,0.3006301147928451,0.0035614442758704957,0.004276834472352937,0.09357999746073295,0.2080859144343218,0.0027628474024019977,0.0010464389079115977,0.015075861374585544,0.1913596354207332,0.01979540847671064,0.011893318647871087,0.04394699703060829,0.1007613701390966,0.03409133765510984,0.02155675007825609,0.04739598579333753,0.1439734084928269,0.04388579861201445,0.016796557400047096
3096.284860684211,0.03891155686907396,0.2993868485356811,0.0035894643033818102,0.0042737500643752115,0.09315447317768726,0.20745487575838129,0.002712407781194176,0.0010421400607629147,0.014880543006734685,0.1892282366110488,0.019619526904624263,0.011898044342346318,0.0449645990049504,0.10276855534500856,0.034183176987742585,0.021568404797913766,0.04728610362713837,0.14353028351802238,0.04374675261852003,0.016749038815017776
3086.728425929013,0.03896939838782145,0.2985430921229537,0.0036554488312239516,0.0042459834570150404,0.09280772136466012,0.2067962629456205,0.002673078830526174,0.0010454696626518206,0.016094416780550718,0.1888122184896168,0.019762156198355373,0.011555551139020867,0.04354350630936146,0.10209134184832727,0.034443434464131915,0.021304389744107845,0.04710877904760635,0.14308442241820055,0.04361090963810243,0.01669913411115005
3077.2308000030775,0.038817344701581026,0.29766735622982265,0.0036752614744300144,0.004249540816472354,0.09255545770582527,0.20621929663059801,0.002634281169905515,0.0010403394005946774,0.015758139652613308,0.18668755747594012,0.019807453004360914,0.011533477798281164,0.04491764421069673,0.10245788871737212,0.03465146510982213,0.021451728157190934,0.046954988130698594,0.14260614657296375,0.04347805573011456,0.016648942810758748
3067.791441720859,0.03816056979636385,0.2964392044921674,0.0037066372369309237,0.004247379068529485,0.09226448362453192,0.20576031038243633,0.0026129221359845953,0.0010479599720646115,0.016610160753626646,0.1859264182718375,0.019832980605696146,0.011445009135667417,0.043710198740594015,0.10148718704164619,0.03467143493450842,0.021264879601670506,0.046785063542911696,0.14219156200599356,0.04334344608255182,0.016595200744384284
3058.40981651682,0.037838253478536275,0.29534258520163936,0.0037198575590373924,0.004249274387627524,0.09205068174357636,0.20507269604891412,0.0025980963994702284,0.0010406957581526495,0.017638212530597264,0.18659652100456844,0.020578280752988922,0.012048629740668546,0.042137537242683654,0.10046219234466608,0.03538915860948973,0.02171867095802564,0.0466595331194124,0.14169293579379108,0.04321111409581571,0.016546710195268974
3049.0853963445124,0.037742559358335606,0.2947439965580517,0.0037424522176275213,0.004263347741142138,0.09186981881706878,0.20449789169398686,0.0025778137463717756,0.0010080240343832772,0.01546130377329209,0.18349250019991625,0.020850013418015078,0.011655602578058318,0.04290440026185865,0.10214042895188315,0.03582860668660805,0.020596176524562162,0.04650543665285491,0.14134218375736476,0.043083712300744495,0.016490956927950346
3039.817659577508,0.03827039545706788,0.29433151941870467,0.003758193463266592,0.004281185680487125,0.09142453459558496,0.2036751431175342,0.0025315455437041126,0.0010194501527352668,0.020062660529470755,0.17902519770810416,0.019818218416327978,0.01089322616601807,0.037042440724143984,0.10708579487509497,0.03498862358163275,0.02053070109049918,0.046417850810267614,0.14093034344673588,0.04294929046796288,0.01644700326198243
3030.606090912122,0.03696055968486539,0.2920540682396763,0.003747846383116106,0.004322171670662637,0.09128737471328635,0.20358100878193522,0.0024620820371812277,0.0010114245063652643,0.01188654411662003,0.16966425492170945,0.017291483105358198,0.008617567679602318,0.054373060813409806,0.11731481167147831,0.032868191101352404,0.019596135453631373,0.04623039526652339,0.14047971488127545,0.042813142062569164,0.016390945770614257
3021.450181271904,0.03805870047147988,0.2922733236607735,0.003779631092528227,0.004345057074973542,0.09083834589369724,0.2023938311200521,0.002484812222487979,0.0010591062299318116,0.02029774877069931,0.19746313605933127,0.019283630241885476,0.010891982621978623,0.051267102632152714,0.08565465588703833,0.034372074727715515,0.021097731137645487,0.04610330067820981,0.14014401267698232,0.04268780848633292,0.016345548864612505
3012.3494277138557,0.03754096386164035,0.29125324375472356,0.00377613165553477,0.004429068771990557,0.0904989908825196,0.2018337107082392,0.002424411353475105,0.0010719777317646697,0.011494277615053478,0.1835293421221276,0.017748148000928093,0.010031556606222413,0.05101561740791883,0.1020387781979489,0.03306569326153282,0.02122582093950101,0.04592730309000728,0.1395854254509351,0.042552418825892786,0.016292812884041597
3003.303333336337,0.037271741325557384,0.2900578832885766,0.0037952498741562757,0.004451414973228682,0.09018495878496877,0.20126419646287633,0.0024326376848058814,0.001043239512626279,0.00977454959338706,0.1814761070791625,0.01939503963938197,0.01021753705942974,0.05003739417091004,0.10280763623002227,0.03478974084057893,0.01997266452749592,0.045773729233489976,0.13922129153239665,0.042430658389435855,0.016242295599237885
2994.3114071886234,0.03683273610794716,0.2890909613767072,0.0038116961046479464,0.00454146223311569,0.08989518945232289,0.20087074407877537,0.0024113273217292713,0.0010856708992199684,0.015007220124587614,0.18008727742017858,0.019620015574938896,0.010682227302094472,0.04287194538672344,0.10123448221304536,0.034958589608407344,0.020693427097327834,0.0456006792812636,0.13874192887666564,0.04230354470239728,0.016197627059871048
2985.37316418209,0.03701565008092357,0.2883814463404392,0.0038185210418904274,0.004707455091962558,0.08964798969126773,0.20017401601595222,0.0023775727069256947,0.0011160879289776639,0.012075490247305112,0.17910546101640454,0.018886810475363527,0.010362332097747801,0.046286860583306756,0.1018258504183566,0.03433171183308744,0.020544910526706588,0.04548184826348433,0.13839421376160074,0.04218290017843424,0.016148409590080213
2976.4881250029766,0.03675796155977901,0.2878095753465807,0.004025603188824413,0.0046866550365627264,0.08925257055433132,0.19947362798592094,0.002346835317934058,0.0011265987889207613,0.014141440149691584,0.18082426184571448,0.01912619700331116,0.010285130381084251,0.04492786414469112,0.09899669401301253,0.03442247745224596,0.02040938912515714,0.04539966976921857,0.137992943436356,0.042054122225255404,0.016100641818398664
2967.6558160267064,0.03664974665037611,0.2869685620980457,0.004178720981013912,0.005371865875269116,0.08905082197477344,0.1990231446327158,0.0023050773253500342,0.0012266284778420782,0.010964076647639532,0.17998158156716001,0.018899761506208864,0.010166836644536811,0.049111660428006146,0.0980911048151673,0.034257467973028075,0.020523176525236927,0.04527428543785187,0.13757832837970596,0.041929642493305164,0.016044821925760046
2958.875769233728,0.035561929731644196,0.285224984976831,0.006336967771900976,0.005715762255281465,0.08908613511369125,0.19876509583808558,0.0020114217437550218,0.0013777003413810043,0.014158436198602246,0.17927558491366702,0.019557172100375612,0.010054822328359095,0.04366536454230664,0.09585924673061369,0.03448288022347574,0.020432326242160164,0.04513908952562503,0.13718240296174516,0.041806811257575266,0.015999828944499334
2950.1475221268443,0.03669743985892593,0.2853954727476803,0.005351773967948494,0.008392422789222363,0.08844792888090318,0.19780545312910158,0.0033762597883968933,0.0009160287716910943,0.013487652946316112,0.17818715232393795,0.017642181995556134,0.011742961515091799,0.04563739835444315,0.09908987102946865,0.034506059633454315,0.020359688675643542,0.04503566387932303,0.13672510551828104,0.04167386596431969,0.015956214828419808
2941.4706176500003,0.034138557659306006,0.28597261730588924,0.001776815071897845,0.005028195023067994,0.08838302837633481,0.1970813312250975,0.002654090200560136,0.0009514854654471828,0.014770374355422103,0.1788821703185237,0.01849464525825834,0.01081228848348589,0.044026776965719196,0.09841574415739979,0.03474813877847572,0.02018328663184375,0.04486280186957122,0.13634566770837597,0.04155397877418278,0.015906853310759153
2932.844604108505,0.03842431483586313,0.2789325159347804,0.002630225490513526,0.008100226917494837,0.08814694579125812,0.19711789523709242,0.0025531082861239675,0.0012865428934893724,0.01339949648700945,0.17821683267842786,0.01767238152240694,0.010680452896812794,0.04305849903344563,0.09700187455072318,0.03478610949072496,0.020657625439239137,0.044728764166773544,0.1359483231371174,0.041444051325228264,0.015868255464640036
2924.269035090644,0.03683067122056732,0.279863780796428,0.007388718618045422,0.013862764495273907,0.08795145791738547,0.19639857152065276,0.0036071056586408777,0.0024154121088779523,0.014086951462569969,0.17628095386123027,0.021145249088088063,0.010876994306363161,0.044514565005988944,0.09777555934305908,0.036030704046706837,0.02187923056605435,0.04456718217686444,0.13558430826062676,0.04127897812196198,0.01577391618070917
2915.7434693906707,0.03778790977719099,0.27911499854375066,0.06057420049509538,0.06128890620266353,0.08759227888660967,0.19576608149210625,0.008290302251816031,0.01056837919637544,0.01264457244848783,0.17623848673532672,0.014884335441239007,0.029179154594772747,0.04314278872064918,0.09781917242614135,0.027532829797903707,0.03518343477105766,0.044483769395658894,0.1352014909410784,0.041359719837531256,0.015521410682697443
2907.26747093314,0.037474682647360216,0.27844476599202184,0.007070914577632762,0.0122855722481558,0.08706198220374067,0.1952962996122558,0.004013357358933249,0.001691644435554506,0.01581740802788978,0.17401355676008376,0.02194127443141248,0.0074652043895255486,0.044797931505318286,0.09855730555277342,0.03693876370964123,0.01942230094368558,0.04437595583886483,0.1348105946623439,0.041019970688764784,0.0157279984408303
2898.840608698551,0.03059771396025349,0.28785280259101304,0.004273907639154346,0.004967650795940467,0.08631093784268427,0.19366591451995208,0.002939817598066376,0.000532771623699268,0.01793942346161123,0.17938510650131229,0.02019744199984652,0.007857445137724276,0.04171507692710769,0.09315998557464951,0.035605875751294466,0.017668189251992632,0.04422390683206933,0.1343540456578879,0.04093837654026131,0.01569564309337634
2890.4624566502894,0.036160497475975585,0.27779393160300775,0.004057705699476585,0.002839312376217854,0.08648225921347975,0.19408310713829366,0.0023655386080859145,0.0005174617293023554,0.014674339341017573,0.17384579203668388,0.019942718117767058,0.008288193391083323,0.04379063031865369,0.09754784150315478,0.037429342028381316,0.019282130888912223,0.044102365943998606,0.13397177316861808,0.04082609272768446,0.015665311039578213
2882.132593662825,0.035037665627952776,0.2767982376856886,0.004024928631969828,0.0026394042626754714,0.08640183791840335,0.1936200845418202,0.0024974904718844506,0.0002779189162262916,0.015295023131530259,0.1722932566656437,0.019330677035618027,0.009211280108748054,0.0416567627294292,0.09715415014850089,0.0358511495894644,0.023383506189462593,0.04394259603431882,0.13357653675874442,0.04072448028822374,0.015591559658426112
2873.8506034511497,0.03487438815155124,0.27631472871474505,0.004081644747691091,0.002581578101963509,0.08641644097859703,0.19279289156388546,0.002871250044802484,0.00028313553464118447,0.013669941199604355,0.17237177240826443,0.01738736798753294,0.012746527673548499,0.04294036699040119,0.0977971974339736,0.033374523242936036,0.03303758629618887,0.043831618286688245,0.1332321562726025,0.04061107422688114,0.015527735417303802
2865.616074501433,0.034436932990155725,0.27543268118819453,0.004563019743218004,0.002081065734509219,0.0859445678784239,0.19257968026673866,0.0030386505702215665,0.0012561177909255858,0.013461424892401666,0.17307182985772537,0.015794835876118178,0.01126826544297398,0.04325564675522387,0.09429837896344567,0.023958665232117364,0.019539029515170513,0.04366580241630986,0.13280913929991042,0.0405131104738402,0.015513843637490877
2857.4286000028574,0.034496092204926276,0.2747714354381943,0.004266351192955788,0.002550602369933659,0.08587224929919614,0.1919504875652021,0.0028259637501768797,0.0001945639813598169,0.013549704908001723,0.17266484131620008,0.016149653190025877,0.012098371614731186,0.04146560763315101,0.09406225226074673,0.028235797720321382,0.028498406871819978,0.04362222769752493,0.13246620972951587,0.040375094061725465,0.01544653338776937
2849.287777780627,0.03407997944604698,0.2738749177288962,0.004022261747733105,0.0026211501168199865,0.08537887648950926,0.19138703506084181,0.0020129419581620734,0.0007819741260178953,0.013360492992863795,0.1714990381849761,0.01930945186537214,0.00830763166251502,0.04345411456139589,0.09473435543120899,0.03771674445914485,0.019286223351489856,0.043467216735866024,0.13212320015806303,0.040250841788732214,0.015412562868785909
2841.1932102301143,0.03405641624216593,0.2732620528676657,0.004132076139593818,0.0025915424246898064,0.08519688547443695,0.19093621731511987,0.0021743441152595436,0.0007764395642591998,0.014375858677505942,0.1709516650359781,0.01833726444811032,0.008800545004910645,0.041419279645041225,0.09348028541708016,0.03431106066057331,0.018185811070980242,0.0433726694897116,0.13175994468290136,0.040146471431384015,0.015371991560327656
2833.1445042521254,0.033797672259392376,0.2722169161492641,0.0040768310502487465,0.0026661353558601027,0.08508745339341879,0.19027414699773648,0.002202743813108128,0.0007592151979245459,0.014215227545252054,0.17031304582751106,0.01812200309924724,0.008964877991040674,0.04095677742543796,0.09508332766473021,0.033705614449650916,0.018574152832514058,0.043236332395388766,0.13137060364830103,0.04002894767957551,0.01532579124646968
2825.141271189266,0.0336315211144162,0.27138095993060823,0.004045249823249272,0.0027198281559379133,0.08470784918126754,0.18978723285178833,0.0021981568445003552,0.0007633523602355945,0.013504806059018387,0.17021156157100953,0.017960450415037674,0.008903499367579856,0.04278089028273601,0.09474949760788527,0.03338640929161672,0.01844462915624718,0.04307932369458466,0.13096410904531763,0.039914909549310054,0.015283079334685428
2817.1831267633806,0.03352911380315085,0.2706761439107006,0.004032985542594281,0.0027384069526955133,0.0844022555564356,0.18922310396971206,0.0021976123819401026,0.0007712836027564637,0.014424976637006277,0.16906266643535708,0.017845386457409327,0.00898345663094883,0.041999878909364095,0.09484346404347743,0.03313521299073368,0.018391591847392207,0.042983604459910896,0.1306412696618035,0.03980353879209463,0.015244273780178865
2809.2696910140453,0.03333700448985858,0.2698451356113778,0.003988765485697311,0.002762493195968499,0.08409577076144578,0.1886952633645889,0.002188356693913862,0.0007753993694926423,0.013719271096751627,0.16739831704518288,0.01777884497389057,0.008801054531231907,0.043077977003865876,0.09613907140558309,0.03303359521870531,0.018243560133288685,0.04281884217433813,0.130241797942667,0.03969296285094556,0.015203283494832043
2801.4005882380957,0.03309439593482518,0.2688615003047131,0.003992174905972022,0.002797543519163775,0.08383934555954825,0.18821623334150067,0.002184484373943013,0.0007769577481520901,0.011953849870165052,0.16685470972911112,0.01753052001736563,0.008872539293206033,0.04511529242901781,0.0956026335241201,0.032671461578118705,0.018307594201582737,0.04274873482561987,0.12992395004249702,0.03958507233202404,0.015159593000505294
2793.5754469301683,0.0331784195156193,0.26849831153212284,0.003949989662546978,0.0028094465553701467,0.08359240768214908,0.18762710264777507,0.0021792815609960148,0.0007842250033968842,0.014343366535857788,0.1686187802600137,0.017548712947711754,0.008833887732263892,0.04430304087174471,0.0926912079580747,0.03263258470496398,0.01820435482088655,0.04260794040771285,0.12954212215602665,0.039475648760595845,0.015113487090864722
2785.793899724234,0.032939441364981135,0.2675988770469471,0.0039698515520733895,0.002873252133314868,0.08342780742172937,0.1874064698053934,0.0021705431233496374,0.0007766169188303325,0.013028273126999885,0.16335242360081348,0.01746236287310056,0.008760447428587125,0.04300112496569186,0.09470549832632073,0.032511605551497014,0.01829947743136949,0.042493571630029675,0.12917556560520735,0.03936494870819001,0.015073284674554809
2778.0555833361113,0.03271518070548874,0.2666433921101446,0.00393643936961083,0.002843634321944032,0.08332916787848467,0.18680494717999485,0.0021592779734173023,0.0007681721722709162,0.011564994891228374,0.16500836734149674,0.017544618025381143,0.008846252676745374,0.04291890122697364,0.09438219450984095,0.03254664087822312,0.018209071047349753,0.04239054839985283,0.12879019886400325,0.03925790886622848,0.015026578045056742
2770.3601385069255,0.03260774505274851,0.2659191972102364,0.0038331971826415694,0.002833312096474627,0.08300989458845814,0.18625854215209034,0.0021557474456842156,0.0007645863373374246,0.012052967050831484,0.16424999622277553,0.01719567773408758,0.008509259222165413,0.042975170596520375,0.09416737210212073,0.032291150490234954,0.018030101313161087,0.04227244095425041,0.12842293826655465,0.039146652116055905,0.014994018613504101
2762.7072099475145,0.03250222354091507,0.265164945635066,0.003880255609616484,0.0028727141378191885,0.08291169362487885,0.1856983848625498,0.0021461828337188678,0.0007687018634940309,0.010022958563855619,0.16326415433961014,0.01705269688062534,0.008564791072313395,0.04336138379608057,0.09560498239274158,0.03202603567877503,0.018010034657278393,0.04213841581668826,0.12808236300158862,0.039040222734860096,0.014944928846816625
2755.096446283747,0.03234420757935419,0.26441365193834643,0.003821024478624913,0.0028382688058233544,0.08262269396691793,0.1851806284412719,0.0021235199515862923,0.0007699229696753134,0.010186121777604171,0.1644181740995657,0.01657350375465053,0.008416412494895878,0.044189262342756136,0.09342349885772108,0.03159127068999817,0.018197304087742634,0.04202555777905795,0.12774560653043976,0.03893233344758917,0.014909029200678313
2747.5275000027477,0.0322460860878669,0.2636643621212797,0.0038605185683618422,0.002918974491445528,0.08257571376220511,0.18476353960110067,0.0021162210944276755,0.0007758510112244687,0.0028077896891468904,0.16468409372225357,0.01638115943810308,0.008289773311434536,0.05157247688334177,0.09280776382517346,0.03131741495786288,0.018229317193235978,0.04189198416143116,0.1274335532136026,0.03882530945861176,0.014862079996788874
2740.0000274000004,0.032065475501499976,0.2628213901403736,0.003863791613025332,0.0029641432816791585,0.08204530232443862,0.18361330642412196,0.002116838655276387,0.0007839544819769922,0.023261309589293025,0.1792262718778532,0.017396574220953028,0.00932926188401927,0.04531455228942892,0.08024381323273432,0.03219522916162501,0.018697882304994258,0.04178560142956873,0.12709862664020619,0.03872363392779954,0.01482695416134259
2732.5136885273228,0.031933098687671205,0.2622336890717966,0.0037998999269091916,0.002980850013492849,0.08174436840980144,0.18389778742744045,0.0020960005209314757,0.0007803318700759597,0.012566384220701755,0.15794559262900615,0.01659341238229628,0.008633669738739377,0.04311124831074649,0.09581109550525503,0.03159656812773104,0.018172678918574926,0.041663370722728306,0.12668759386039574,0.0386147900278242,0.01478344517194572
2725.0681471416897,0.0317951650721533,0.26142073653686565,0.0037234150347214986,0.002953339259329601,0.08141690476644901,0.18327618389703906,0.002106427127731807,0.0007875078920219857,0.01622456775783346,0.1634409704633273,0.017175173271055527,0.00918233455604093,0.0405128079546952,0.08951509490372446,0.032118802590555245,0.018059186141016637,0.04161950928158523,0.12637668408051336,0.03851374546651709,0.014742095929014248
2717.6630706548917,0.031762061588171873,0.26054936129414,0.0037163163749079713,0.00299116481757753,0.08126512662963166,0.18265883865777338,0.0020842436464785495,0.0007738086004438896,0.017722041507312446,0.1659634307878824,0.01664517326947582,0.008910682358829334,0.03922954069624614,0.08755144315680742,0.03158855397960347,0.018260404810527483,0.041461582880985094,0.1260264698823634,0.038409289875961206,0.01470334378089311
2710.2981300840115,0.0315066338972039,0.2599121466974997,0.0036621562352417395,0.003048354252479493,0.08112078432081649,0.18212511867294168,0.0020694452206747775,0.0007695801321999816,0.012986450546595788,0.1638298944734757,0.016266605245103875,0.008684774555305632,0.04335277569312321,0.08950327868592094,0.031285090946446104,0.017995894734757482,0.04135589391610918,0.1257266326058413,0.03830636049895292,0.014664065693638782
2702.9730000027034,0.03160073866153017,0.25918245185042177,0.003561730475096607,0.003238962335034889,0.08087441190561892,0.18168394413954475,0.0020620001579207555,0.0008018764332257841,0.01463531761794457,0.1632819944155192,0.016201633920960166,0.008907868418800011,0.04149444464010573,0.0892762007877009,0.03119714193707976,0.017984124048849574,0.041167944776788284,0.12533924375240443,0.038204096470405534,0.014626624985287663
2695.687358493262,0.03148967023707473,0.2582253796395788,0.0036237302834709537,0.003118852590727551,0.0808374732742833,0.18127725111489962,0.0020352543002814176,0.0008032293678485498,0.011244593258873944,0.16160737309002246,0.015993444774773834,0.00886966557669004,0.042896765775065446,0.09015411464766925,0.031112069492538915,0.017847008192476657,0.041067184034944304,0.12498631784669435,0.038100083773447854,0.01458702782165792
2688.4408870994625,0.031170243003618012,0.2576100718922179,0.0033013046868012107,0.0037999200463711648,0.08047681022380904,0.18067362601504758,0.002019864486809326,0.0008425819197051036,0.014694442752185278,0.16354121142575298,0.01595553656911495,0.008630900323696523,0.041884403216268136,0.0883151022742372,0.031022360956934603,0.017121166070053193,0.04098475934967258,0.12461803677556507,0.03799993082252496,0.014558887670537781
2681.233270780161,0.03110911630702023,0.2572204838894881,0.0062231205594562,0.004750725474703874,0.08017737161295901,0.18023381665649743,0.0016866196759703475,0.0010782864196852693,0.013977984421465783,0.16151936308222611,0.02070140406658155,0.004012520093297847,0.04168707769865463,0.08918793913330086,0.034385452215886875,0.015849511947460353,0.0409212680209171,0.12431391561313797,0.0378555208262823,0.014533782536066955
2674.0641978636368,0.030673169558193002,0.2565435572835467,0.006528636966531366,0.003939181451326281,0.08042523419318787,0.17954284594225683,0.0022351084512380564,0.00025617498646096756,0.012182255663718226,0.16121874106026457,0.012383983832465532,0.018597448955974167,0.039436464467763194,0.08960562654322245,0.028969662710241453,0.025015594388401025,0.04084461800739446,0.12400049286138908,0.037831415001000436,0.014379755084097128
2666.933360002667,0.02972622458036305,0.25684707056956363,0.00719520956699134,0.002023507173874969,0.08013215747163695,0.17967253519132087,0.00195513602668788,0.000518435301366191,0.014593963682030761,0.15510745680304966,0.014983559536547996,0.01667611743974296,0.041623897443227136,0.08985486933396411,0.031185094891502764,0.025547049449870532,0.0407117697831639,0.12367282734861433,0.037695769315422116,0.014343523651111894
2659.8404521303196,0.03151608357243418,0.25366413445410874,0.0018910868647836455,0.005341316787295965,0.07932067508474087,0.17843775526609892,0.002798140913184328,0.0014437529112759982,0.01726136748397434,0.16517604339530834,0.010272468707635504,0.019278429064756884,0.03872730925190016,0.08747117634676217,0.021876147966446022,0.023228917015968516,0.04062720905400905,0.12336505542257041,0.037658066065520183,0.014347124614248752
2652.785172416446,0.029610950158759954,0.2540216695290382,0.003967484359897164,0.004408054635173884,0.07866660488950224,0.1778846661474358,0.0005004527277079984,0.0026347294087055062,0.023999799990859046,0.1656127777960045,0.02458951274457622,0.0485499673173605,0.03577314288459146,0.0877685117395326,0.01866828680538358,0.028463692316847415,0.040416336618233524,0.12302018479670228,0.03766240525969204,0.014279209624154179
2645.767222224868,0.03148846038984774,0.2522835541160972,0.01010674587665385,0.012476469293561823,0.07926251489536644,0.17721206791659488,0.00597547175281829,0.004540727071111848,0.013504514313040575,0.1673034208399924,0.1022420368622766,0.0914762147278766,0.04094423269338098,0.08520807525297758,0.04858507383273314,0.015129634159977081,0.04037936209483848,0.12271157020424134,0.03734802495947971,0.01475447399980962
2638.7863060712407,0.03032546450727751,0.2518599633750747,0.0010918390636117943,0.005259204926544754,0.07850936829654827,0.17701619794712806,0.0005335312606744312,0.0026108359378907734,0.01942721193747802,0.16473077263871494,0.02387983093552397,0.045949458073813204,0.03799887105177198,0.08660449643188746,0.018631128864538604,0.02310466728686502,0.040173644115897834,0.12232285966361603,0.03746948744299451,0.014274314682784311
2631.8421315815795,0.02965533114343661,0.2525885303569247,0.003719920251470098,0.0021613150769486116,0.07891865614092136,0.17721233295323743,0.0012141410388893123,0.0017351118832195198,0.014223730947452015,0.15586334689289696,0.010377905420120353,0.025678267784113074,0.0422113276544693,0.0873928613205022,0.02731665640205505,0.022601896509153143,0.040161936433574665,0.12206223417992781,0.03724650091549975,0.01417895872065911
2624.934409451444,0.029989090443058034,0.251010493522168,0.0040947515162983944,0.0020708386411479153,0.07849847934754306,0.17657908459604835,0.001763289057213181,0.0012244646349943216,0.014779505363448792,0.156766338984166,0.014106445743018142,0.015843578593842136,0.03869562268559356,0.08756731138599634,0.029714846143463425,0.02042331403489957,0.04005455271427414,0.12170590514674337,0.037112920966212236,0.014153086045639125
2618.0628534057596,0.02993738238085328,0.2506010720596542,0.004150301427955796,0.002163836119599808,0.07839843376683259,0.17603304166941525,0.0019371853561015264,0.0011009587830658016,0.01200395847603332,0.15679837456555865,0.015560552134633901,0.012903970606961525,0.040861372191329536,0.08834114048136571,0.029723310938328827,0.01925383037379278,0.03993977269445031,0.12146408141168577,0.03698949324819457,0.014131839065189049
2611.227180159269,0.02952348133444883,0.25007569807906527,0.004122392736229281,0.002395436330725719,0.07808012296155549,0.1755532394927952,0.002038124930819775,0.0010397947406870552,0.014334402021294608,0.15697721501200032,0.01677595719711674,0.008942235534684205,0.03965667310941441,0.08766353688281972,0.03019228973796643,0.016301192005667237,0.03979164833416829,0.1210635122787183,0.03690295671528181,0.014106436122578317
2604.4271093776047,0.029418260010213578,0.24919679051293392,0.004032215101151032,0.002472693257772133,0.07785527857484337,0.17520097461688294,0.0019240751666034332,0.0008828013523235461,0.013809448145141305,0.15682518698422587,0.01718534174525567,0.00875975160953614,0.040443930060802345,0.08622593665922787,0.0316938144688674,0.017829359512074736,0.039702569423789476,0.12077479725398353,0.0368032782108022,0.014082813747837505
2597.6623636389613,0.029820039456024655,0.24921712665643492,0.003985874004555277,0.002558661801271474,0.07769043708041992,0.17466714776065476,0.0019468753944425227,0.0009392591576936344,0.014560691906437731,0.15590218974982528,0.017003641838398458,0.007811629706764047,0.03909101050338641,0.08593775628828818,0.031206943547177447,0.016090444247127977,0.03957097359418689,0.12044957861984219,0.03670732014596805,0.014044808415087689
2590.9326683963736,0.029478848407103485,0.24788709728382965,0.003962123081177207,0.0026087953656682935,0.07745274378786403,0.17426174460597577,0.002015600640866977,0.0008067100048183282,0.013951346509654145,0.15603102274519465,0.01668425931313619,0.007787714317155011,0.03905238559465168,0.08636392288617573,0.03013344673975243,0.017216074046673985,0.039488356452498256,0.12007545167791028,0.036615731386327385,0.01401024263831581
2584.2377519405686,0.02784040388308233,0.2458789459738986,0.003953540686645566,0.0026329356925286324,0.0771899424830112,0.17401389128371283,0.0019791892902933546,0.0007717967763398484,0.015499171646976456,0.15530114730118086,0.016706657639482866,0.007513448623681361,0.03858015236498403,0.08733607398681825,0.030429870008673563,0.017210235799837624,0.039419014142342425,0.11980024633312332,0.03651960297257623,0.013972608659374455
2577.5773453634024,0.029273897990645597,0.24642507941223854,0.003919252423979068,0.0026238625213977204,0.07689472837763818,0.1734462834657578,0.0019796122733130566,0.0007582144546058611,0.01325071959954729,0.15409646963559465,0.016789395685845532,0.007244466441143556,0.039680173411338684,0.08670510863359962,0.03042842956335289,0.01707409154003269,0.03934708243506177,0.11945431142843675,0.036428273389739696,0.013938855723646445
2570.9511825218515,0.028768094376440977,0.24584652544726027,0.003882447213048307,0.002658415052586921,0.07675402057499259,0.17299073301078002,0.001980076511470564,0.0007576854308627651,0.014712014427968335,0.15315571639584297,0.016771555467493936,0.007067790981922009,0.0388820923264931,0.0866796295181382,0.030363153663498715,0.016886999165931102,0.03929914498394305,0.11923425824879258,0.03633280657872319,0.013904395681325808
2564.3590000025647,0.028953929416686886,0.24526967192015192,0.0038941229045157733,0.002658134751460652,0.07660953481770069,0.17255162900506515,0.0019621513702667267,0.0007426303500958929,0.011933521635565452,0.15323020991139708,0.016613249822447575,0.006861191278987317,0.04053397430055966,0.08641059422534735,0.03022953336439444,0.01677153989527301,0.03916068473401103,0.11886325173658327,0.036243174056040744,0.01386733868793027
2557.800537086957,0.02864302029957987,0.244709529185635,0.0037904505981205933,0.0026337468600797576,0.07646845076611244,0.17201955836155555,0.0019810018256024107,0.0007200900338585773,0.012057967637523868,0.1533433393032683,0.016678927341691446,0.006776077959031438,0.04172024193194867,0.08611619803377665,0.03015335822098224,0.0167774472538328,0.0390645210066924,0.11865529532167259,0.036151245891507006,0.013835664393301035
2551.275535716837,0.028485641890729836,0.2437078782952268,0.003864363534621254,0.0027571517033928303,0.07617263893108338,0.17166945500250042,0.001978680237856731,0.000719502885499753,0.014916776886599474,0.15676250195661431,0.01678725169289548,0.006318789308899537,0.04034166873021515,0.0811834708802023,0.03014646098081061,0.016512177475259075,0.038862702216362094,0.1183117234045631,0.03605318394511828,0.013801694211821503
2544.7837404605602,0.028412959636815227,0.24337800176699861,0.0037999687104054766,0.0027118378298539646,0.07607717518238008,0.1712388979582713,0.001986778443878076,0.0007058377790455654,0.015332333595884508,0.1499964265935567,0.016818744044543404,0.006265505998284247,0.036439602679490646,0.08770262286593739,0.030066835797602644,0.016476537541613087,0.03881600779207291,0.1179854842767693,0.035957096330651535,0.01376865145745426
2538.3248984796955,0.028318498474232727,0.24269310074998557,0.004012953168706333,0.0029356031640856645,0.0758754991428353,0.17071382674851204,0.0019479244034826951,0.0007319663210516187,0.014141687422083596,0.1541945743591655,0.01647831159201829,0.006190637629047077,0.03850319852950543,0.08383517088422743,0.029760956762665887,0.016671214849997167,0.038704786490922155,0.1176783344613088,0.035864103244183376,0.013729742983841916
2531.8987594962027,0.028183616757809865,0.241963561424281,0.004067880771844755,0.0026480383421839926,0.07565748689214288,0.17041690303368648,0.0019217961579272504,0.0006590575758729966,0.01532596835699514,0.15284811463875014,0.01685443050346266,0.006150449631592774,0.03784006973341055,0.08260963207945217,0.029970653514432576,0.01638016005330601,0.03865077812782705,0.11729405467716317,0.0357857348702856,0.013686421153280906
2525.5050757601016,0.02823850637690219,0.2415165174762955,0.003682414742869152,0.002756384621608271,0.07554132190210874,0.16978090337000631,0.0020033081984670285,0.0007065387669375166,0.014442030000468835,0.15452844397220136,0.016987498346705758,0.00638811395819277,0.037420066791349356,0.08222463724219624,0.029948184584654234,0.016699623589380777,0.038577723921743835,0.11711937929407853,0.03570202219215994,0.013660004749878754
2519.143602017633,0.028155845581556257,0.24090608294405536,0.003497260187460102,0.0024045534247335147,0.07523981175853625,0.16941860366888753,0.002001060309440595,0.0006392226517527661,0.013991432309666306,0.15392970363048347,0.016876465148784416,0.005971168753364317,0.03901208170491379,0.08171324143159249,0.029823252323128865,0.01640513289712109,0.038506634686700805,0.11663067981703605,0.035606968976750655,0.013627624331038188
2512.8140954798996,0.02779735952549026,0.2401866738932735,0.003858189117780935,0.002594789562468609,0.07508278635675157,0.16903844884466998,0.0019514233716293342,0.0006324660266312385,0.014815943587584052,0.1518303757918863,0.017046337177473406,0.005927001139719357,0.03776473043641819,0.0824438417374532,0.02987389015574644,0.016394919576374446,0.03852498360937444,0.11660224325404334,0.0355152151254266,0.01359680468173631
2506.51631579198,0.02782117941047125,0.23957605646378785,0.003703599165199851,0.0025821700944752605,0.0747530362580629,0.16846574735182773,0.0019818735089767265,0.0006160445581802881,0.019386731057145095,0.15478491012259185,0.01726886666978527,0.005664156938642715,0.03560425692791753,0.0800178540918293,0.029943731901125495,0.01627388315791363,0.03827951544141384,0.11626130312132807,0.03542215559482756,0.013557279771208481
2500.2500250025005,0.027503382068174414,0.23880392281811808,0.003684499354565532,0.0026282580690174147,0.07467376849394605,0.168504367057922,0.0020044655080971342,0.0005947103476822767,0.01597977714465822,0.14449549536442705,0.017301561371575763,0.005108586138108328,0.035195202161821613,0.08676234907261504,0.029707057929885018,0.016050255302098918,0.03829636586612894,0.11601052455595547,0.035341254404517033,0.013526655882914355
2494.014987533666,0.02757566220076009,0.23828287703249934,0.0036929403794369107,0.0026233819861232995,0.07437235577728937,0.16762357501849168,0.0020264711302838234,0.0005862503843486604,0.017094039412153685,0.15234965707842513,0.017663876384976608,0.0048453960311991996,0.03584805356898985,0.08162587867021324,0.02974794798798373,0.016050539762952856,0.038002418247109114,0.11569708236155567,0.035246155939755344,0.013497168953013937
2487.810970151742,0.027522201421718812,0.23779843990470156,0.0036684045089260832,0.0024776909971646723,0.07445956529010615,0.16732819280023675,0.002067749013854176,0.000531073262808874,0.012506921693616294,0.14903965304912983,0.01779487264918428,0.0043563038109728745,0.03782033731547102,0.08390246307275312,0.029511153438082693,0.015996854422340827,0.03804466954798556,0.11526820910445605,0.03516110277846959,0.013460661123769646
2481.637741937966,0.02728912670393595,0.2370758727545031,0.003575387219503477,0.00270746107550001,0.07427919715115372,0.16701572232171688,0.002142420002255664,0.0005501533503007257,0.011165311097147877,0.1472006407659481,0.018623481654808486,0.0035512927219235055,0.03891087853086681,0.08429833652988881,0.02957164380743668,0.015763121729516466,0.03792403493619426,0.11518284927496217,0.035069265713934504,0.013428152566730005
2475.4950742599012,0.027451615108956596,0.236548609807025,0.003673502412178246,0.0027227316664891576,0.07390531773653114,0.1665631147817697,0.0021744331165929804,0.0005774988945873147,0.013177043403851034,0.14876078620015123,0.019239132309225238,0.0032822830226471107,0.03793554074810002,0.08231967077607849,0.029620047599038902,0.015786418771047327,0.03785832063044339,0.11470347105192627,0.03498414863974851,0.013394274879532576
2469.38274074321,0.027159956597354297,0.23595661408621169,0.003552889385928236,0.002263446098015746,0.07418485287152227,0.1659520226675586,0.002473120031377024,0.0006250482078664835,0.009962517328748427,0.15077785778458938,0.02213375359424005,0.0025569414870072033,0.037715665396230474,0.0803479649650913,0.030120803421165358,0.015145623686834137,0.037841798143672715,0.11468730582886151,0.03488691120415114,0.013367475517459657
2463.300517243843,0.02686653705134282,0.23516543142126492,0.0035853431484082925,0.0025370720129938304,0.07415353737270468,0.1663360506182508,0.0026414138257347137,0.0008655240402772881,0.013419088714331584,0.14333209549867973,0.024452666368044364,0.005404372532023779,0.03705850528080414,0.08174527170513399,0.030525847074688237,0.015765210110367085,0.03752596689677574,0.11433830378129446,0.03479717583981114,0.013324641682416162
2457.2481818206393,0.0269457542183987,0.234446276863728,0.003704512740301375,0.0024447706761627397,0.07397479277701678,0.16564887184900803,0.00385998920202441,0.0025290451168310138,0.008176298030895653,0.1428854067658391,0.03961800488585375,0.025583431386900102,0.03855165876846805,0.08438791673318748,0.033157267305634425,0.018824818435059513,0.037544373081937366,0.1140043017843538,0.034670015023758625,0.013258137992203954
2451.225514708334,0.026960870991990217,0.2339915247111968,0.0035055275401024203,0.0023105073777351234,0.07211685630485402,0.1655015716324058,0.0052802865927861695,0.006797023971471864,0.02657251508462956,0.14422070100926776,0.06550849947382456,0.07994374474555614,0.0335049151394899,0.08259308444712189,0.02411558690756707,0.03071813285167219,0.037273147538292355,0.1137915010469049,0.03474535888809276,0.013069923808190897
2445.232298290954,0.026804675539538754,0.2335736515617026,0.0033992853968815608,0.0028620841337848985,0.07318874648747443,0.16414630991025594,0.00525100156237691,0.0044836037641439955,0.010963757670972515,0.1514783857171192,0.061242559270488696,0.05819080922453982,0.03854753577713406,0.07997207911531332,0.02702802715575069,0.009386121228134071,0.03720877017059963,0.11319325074302593,0.03461085464899993,0.013389987314641168
2439.26831707561,0.026797217515056794,0.23314649783323757,0.0030052814457586846,0.003085149530091701,0.0719414917588786,0.16256794118095072,0.00845045264347478,0.00928161940392048,0.026698216018558815,0.16196753463039773,0.10904028582381263,0.11942911900343449,0.03361590202153441,0.07852320922967068,0.02119370350873603,0.023527420760600697,0.037269986591194966,0.11304833639371653,0.034729316658275916,0.013386278853046076
2433.333357666667,0.026337155845297538,0.23181010397206803,0.003644422051604405,0.00270726158968305,0.07293997900270774,0.16407693064003484,0.004965470334635831,0.002787837617007513,0.010386607258698595,0.144329845567754,0.057808796156353745,0.037176023333603904,0.0383913866108629,0.08078887812488264,0.03995622982882996,0.011490383535964845,0.03720979590974599,0.1127865077932481,0.03430406148356611,0.013243194421934935
2427.4272087402915,0.027274538221516133,0.23234464865866344,0.003527644352389009,0.0030520923114693093,0.0731541834076443,0.1624822331314151,0.005702232847318099,0.004963863674685848,0.005599323717800779,0.15264952969562628,0.07183813973344708,0.0677347313998916,0.04005132224756283,0.07865350504632569,0.03202994093526245,0.00609218169105547,0.03713423169152125,0.11278577923793831,0.034348293301921316,0.01331467993217811
2421.549661019371,0.025524224354991052,0.2310815681115282,0.0037207736480811284,0.0020095019306402145,0.07212432762829818,0.16340119305268377,0.0040809309841908755,0.005341628842450873,0.019056839435596565,0.14248170596897786,0.052219165903453935,0.06412122762279567,0.03689064788546094,0.08088455314763877,0.026289631506385313,0.029024928705982046,0.03684743170584881,0.11215027709216939,0.034280127904927536,0.012928970009277556
2415.7005072487927,0.02535555820533022,0.2294463418115836,0.0037752079760820564,0.0025249446966550235,0.07254183720383393,0.1632024244235463,0.00294136220312474,0.001396178118745262,0.010309873751372862,0.14113222433432665,0.030028082979712923,0.013050845858822607,0.03724250059184507,0.0803124024392628,0.03219267798703112,0.016184183238583744,0.03709638539531495,0.11208222015607264,0.034097996084617985,0.013056380250276063
2409.8795421710847,0.026473160588522105,0.229493186277895,0.003513563090552655,0.0026456902957242797,0.0717245429114433,0.1621232623945943,0.0015155689136832347,0.0006295707043660164,0.013594145203050474,0.1459468990181844,0.01274220592681098,0.009353132008494424,0.03674804541986083,0.08071111658804153,0.027704724930452878,0.014506282961880303,0.03660101624403896,0.11171261545935436,0.03407935549594013,0.01304362904764549
2404.086562502404,0.02597007597530574,0.2288614189829215,0.0034643785276283093,0.0025784819238735862,0.07161365512186807,0.1618639720600195,0.0012064767484175655,0.0010786955225651476,0.013521812056353617,0.14544639187434688,0.008044717648416992,0.012754364468739376,0.03788659384934956,0.07991306263296814,0.026953545896923805,0.015959975632930726,0.0367547548028793,0.11141180296339429,0.034001858646322804,0.01300739955671807
2398.321366908873,0.026757254187528324,0.22889327509588317,0.003461984273505171,0.002541867125585067,0.07138763301469016,0.16136518426197932,0.0012344831515114169,0.0011082168225596066,0.013986193462386585,0.14523334235071825,0.008514486993131521,0.012711859369544623,0.03707959205518873,0.08004249123897127,0.027135367573889946,0.01602877268991155,0.036386593427344446,0.1108186163897723,0.033924222011471446,0.012963832631580161
2392.583755983254,0.027315154594450657,0.2277226853775674,0.0034724677337955234,0.0025088619350704124,0.07087686355001067,0.16107356812404963,0.00130439016315197,0.0011599067957720262,0.014088352497828709,0.14442866868527449,0.009624258581236004,0.012832017947837287,0.03521745024815485,0.08023783351089273,0.027350126390101395,0.016586975578351548,0.037079067410155896,0.1106098108766085,0.03383907379510449,0.012930370950351258
2386.8735322219577,0.028407755903583864,0.23033734277111031,0.0034815957324738286,0.0024963042594260336,0.07105979329263175,0.16026574845453828,0.0014346169944286157,0.0010993482627666101,0.014869904537422315,0.14119193030145605,0.010981405096192732,0.01159352251680414,0.03470043602882494,0.07953111999921032,0.02743396739839698,0.016264647328443283,0.03633740311109346,0.11099585442673864,0.03375287738812412,0.012896278479273231
2381.1905000023817,0.02482679060995096,0.21966727820208842,0.0034737730636805477,0.0024842972044456396,0.07013432280508328,0.16174856678218302,0.0014908178088561001,0.001037047414873999,0.013298232501909708,0.1438024849085445,0.011670798706817118,0.010957870589593733,0.0363309422512979,0.07993567292363955,0.027507745783418393,0.01640887446004538,0.03618387506320773,0.11007308302303445,0.0336731243359128,0.01286920456889518
2375.5344655605704,0.018197430737270336,0.22130786903149471,0.003455235132510209,0.0024718888634495642,0.07186960156586654,0.16108632844371432,0.001522182816900206,0.0010236678651914769,0.01518639067915099,0.142597594766296,0.012118321254835885,0.010501208120368841,0.03381516800249517,0.07871439851923939,0.02762545136193803,0.016196582520462913,0.03660475363968433,0.11025148768304655,0.03358999748515584,0.01283641593049568
2369.9052369691944,0.0332068560404313,0.2375939377013522,0.0034820913717824946,0.00247336149565235,0.07177462777018663,0.1571469250663033,0.0015497394554430802,0.0009851236072657764,0.011011385901248248,0.14428641071792933,0.012393612182988586,0.009983154138102683,0.03781558144705181,0.07883805087589475,0.027543703574860207,0.01604132045052369,0.0360110004167259,0.10986448933397594,0.03351237953326066,0.012810514170713001
2364.3026241158395,0.018217348489832544,0.22379497389045822,0.0034654304093257775,0.002484721504269817,0.07255162551154605,0.15956022809105092,0.001563515915036344,0.0009593802307513641,0.01639121268601639,0.14480403069790648,0.012540313906454438,0.009703136001582157,0.03445991119855487,0.07784559578161243,0.027510600968491655,0.016011368491199995,0.036598904577482994,0.10930730850563695,0.03343194239297566,0.012778524059474477
2358.726438681604,0.02320808137194544,0.2229894941356821,0.0034167049797492605,0.0024533455866940896,0.0705334467462499,0.15920862914095932,0.0015800458224153996,0.0009325914886076554,0.015270823553792815,0.1417391342283736,0.012722486867675657,0.00932508543744004,0.034456962313904965,0.07861496305598746,0.02751798605364406,0.015860072996142532,0.03607934204326126,0.10937570807419594,0.03335555594734041,0.012753041598157287
2353.1764941200004,0.021221751940890547,0.22263467026506897,0.003429081294367796,0.0024806801283901005,0.07099017271551164,0.15875761802847,0.0015919444679019573,0.0009166821107577868,0.014527710019473662,0.14295158257269536,0.013014903871818565,0.009178472408486089,0.03369849374321718,0.07816456597288898,0.02761384154165797,0.015840583625700656,0.03698568794593983,0.10872180760087653,0.0332713248773769,0.01271929092572908
2347.6526056361504,0.024636757282981186,0.2216217897576387,0.0034314883390363132,0.002463642645652053,0.06975907088383322,0.158430131187559,0.0015975013805035914,0.0008999927171472053,0.017524922198450088,0.1438938878377866,0.013056202624158686,0.008872998850895398,0.029375259361764893,0.07246719237358264,0.02751685387222853,0.015760432201135655,0.03703485901620958,0.11011001260017975,0.03319412414784104,0.012693262437379994
2342.1545901662766,0.024999802239973196,0.22432858430920405,0.003416973056496522,0.002463377122467239,0.0700865372999533,0.1575210156653576,0.001600150157419964,0.0008876430541381725,0.017728294713664994,0.1361699277749324,0.013018064834411288,0.00862673789625661,0.031217644924504812,0.07988576016670643,0.02739079742692038,0.015564649695023707,0.03586279289200586,0.10988033926229307,0.033112219161146865,0.01265934307006684
2336.682266357477,0.02306254781711984,0.22107681319988443,0.0034164310536235073,0.0024534452457218416,0.06993506514547826,0.15769414591115605,0.0016031136485799397,0.0008799781965269738,0.013236700155570803,0.1414220363650279,0.01312542272770262,0.008536869759266133,0.03723670910614607,0.07213251931487989,0.027396494472340747,0.015605893837464793,0.03492902482054362,0.11014891316163831,0.03305282381398227,0.012645963833759632
2331.235454547786,0.025246228671901235,0.22265286361059958,0.003393137533607562,0.0024378913380889993,0.06950555834048078,0.1568080518995396,0.0016019006669431882,0.0008697217513849394,0.014502096217915183,0.14040361734582021,0.01303058020119311,0.008399217416363342,0.04104523713114203,0.07923424785981409,0.02725543126798279,0.015462440734937778,0.03292402216938845,0.10774587534688743,0.03296766755529437,0.012599587145091379
2325.8139767465123,0.023470247468943186,0.22112966191902841,0.0033870986173629397,0.002457144482864219,0.06961693652912909,0.15667461860835527,0.0016009204541438079,0.0008673785712386092,0.014680724062467775,0.13846957972899906,0.013082188615927975,0.008347966015588031,0.03259534853065648,0.0843334531392607,0.027259659390361953,0.015443262491130592,0.036495093518972455,0.10574341476982396,0.032893771888606975,0.012567338709492143
2320.41765661485,0.023576296353897543,0.21998355923385474,0.00338617124095939,0.0024347254404553354,0.06936997257558054,0.15656677985257542,0.001597396112884541,0.000854241696491877,0.01444449642256519,0.13740436970574263,0.013059754221265828,0.008174938137924581,0.03199206150240747,0.07665701206274543,0.027174842801547815,0.015310687003597974,0.035958842971196156,0.10865807907924843,0.032807690524483964,0.012536342352651362
2315.0463194467593,0.023920361069614815,0.21936259889652895,0.003384753453616752,0.002439446628935199,0.06890382501995203,0.1560484077887548,0.0016013593711493492,0.0008406522992164411,0.016122291104260247,0.13920499583574888,0.013114081679765655,0.008047197726844495,0.03616190670576839,0.07913712222989197,0.027108387133476308,0.015332768993689034,0.03414071433916492,0.10696490844988754,0.032728506652501675,0.012522605058459453
2309.6997921501156,0.02493658310379089,0.21977839811940567,0.0033622727818217657,0.002443285342912656,0.06867912694004734,0.15560370047727717,0.0016010373195983524,0.0008411453912460414,0.015085218223829933,0.13976944652381826,0.013112232593382954,0.00795442815056047,0.033110595960850316,0.07726168812802858,0.027079705923523937,0.015241782358937639,0.035964402212461305,0.10633217693906609,0.032661751685213465,0.012487194840761268
2304.377903228111,0.024701605066525634,0.2195111991447561,0.003361168874348537,0.0024461808768105435,0.06866255259494387,0.15531922757151906,0.0016058373951690652,0.0008366858235485667,0.014303450918584324,0.1358148917039194,0.01316675189412151,0.0077893461467827526,0.03270142867336759,0.0785535883037991,0.026993981581280052,0.015183526377141258,0.035360112856319556,0.10682417199143016,0.03258413276173634,0.01245714826240454
2299.08048276092,0.024630563719996838,0.21883510533498865,0.0033357246034009342,0.0024246529231658973,0.06842255342498597,0.15478016070611278,0.0015998932679789674,0.0008504956269293052,0.013805606855359599,0.14085923722632251,0.0130724538011841,0.008155032718360903,0.035675106516799136,0.07480553809561256,0.026919275964430008,0.01532507961779439,0.03537291248827372,0.10639598643892267,0.032509094893451,0.012428550552447737
2293.8073623876153,0.02421045563628323,0.2183123590289887,0.003334957857111967,0.0025209206274457332,0.06844812221013437,0.1545912555705726,0.0015808256660267241,0.0008344996538772074,0.01239911519822472,0.1385983495730908,0.012759003858488872,0.007749249339243185,0.03434004203158954,0.07569205877270055,0.026652691457225944,0.015009281655032042,0.035419217972668296,0.10602610355226467,0.032439068844283776,0.012401693367495168
2288.55837528833,0.02455443190231293,0.21814614662124931,0.0033618530766967056,0.002337171556007597,0.0681162095437367,0.15405837558549998,0.001582359823470485,0.0008180643104611571,0.013598573903041143,0.137438281343762,0.012760514517436332,0.007771017115964543,0.03389810646498615,0.07648155029943604,0.026607541711515453,0.014850857318390974,0.035534969533712255,0.10635477412087846,0.03236519733337789,0.012372223838137734
2283.333356166667,0.02389332327387993,0.21738335452075253,0.0032903344120388455,0.0024531856255854546,0.06806795150532768,0.15390761618258925,0.0015853848168510159,0.0008392579606756467,0.014302069892526402,0.13771341703337858,0.01302080282541609,0.007599609100049949,0.034969211596063386,0.0740657342423338,0.026821130596058056,0.01476445784046446,0.03479852322986079,0.10596412506948055,0.032290570707374115,0.012347009489969907
2278.1321412323464,0.024349205413182477,0.21695403567164184,0.0033875314523735315,0.002595612298712229,0.06795358353029614,0.153466524289132,0.0015601089878994148,0.0008486088983970947,0.012763872925394463,0.13758045198323024,0.013215466246248453,0.006939872740788005,0.03409927093329605,0.07469243478625816,0.02697851943814579,0.014333994403520622,0.03521231202041042,0.10559196702019774,0.0322175271749425,0.012317899341000445
2272.9545681840914,0.023992214692054516,0.21636616492905192,0.0036125895682132133,0.0017676528990794131,0.06777031172885992,0.15331503695968976,0.0015462067265408737,0.0008530432261877812,0.014392772916664152,0.13490607133639906,0.013807720377735333,0.009463288696508332,0.032594485375932444,0.07543583209484042,0.02744974748623928,0.01626518925876907,0.0347123424719463,0.10547703532799065,0.03213888226798391,0.01228388368995002
2267.800476192744,0.02410802817464635,0.21595798239200736,0.003452707750684509,0.0022419808432041317,0.06759900890159497,0.1526673088718817,0.0014971538913570919,0.0009969055730859736,0.013078257752887382,0.13771757417307132,0.012481661248849928,0.009597259856898072,0.032909943896898136,0.07561478091919059,0.026622527822817033,0.015220046959541983,0.03534094747217164,0.10496146486360049,0.032070352773653374,0.012255232425266676
2262.6697058846157,0.024028930449522753,0.21531525657990402,0.0033190341177346287,0.0023175939160676603,0.06711867951251363,0.1523721370982784,0.0009126635629396708,0.0012178447330662328,0.01895829052724345,0.1371086483971334,0.004585740968484874,0.014698258732361627,0.03018887406615682,0.07336190610215174,0.0244549205970865,0.015073634455555134,0.0348882047488948,0.10545319804553206,0.032013269262453604,0.01223183193303569
2257.562099325057,0.024485580398088107,0.21518625174517367,0.0033155831464818006,0.0024136325245477756,0.06726913505135061,0.15187959385271263,0.0019337564013522316,0.0005279914282909742,0.009872611540299525,0.13842809379948434,0.01964932719305167,0.011200817817371242,0.03655629141435324,0.07351744701217687,0.026783161217190994,0.011244589599543556,0.03466704098743348,0.10456583225268504,0.03193171203395935,0.012248957679790739
2252.4775000022523,0.02359131053420927,0.21480076024614522,0.003344900067363727,0.0023175739878613885,0.06714219429277131,0.15165930825976295,0.0017646437088725288,0.0007371589172140106,0.016872075242569888,0.1354058211693937,0.015873422468941988,0.0047060643061728035,0.030553461934471306,0.07413038017604408,0.027472484949038978,0.0135591318955247,0.03487335852129696,0.10475656936099817,0.031854318597736964,0.012180559391333107
2247.4157528112364,0.023451728007635852,0.214522482467945,0.0034630323775811933,0.0022832733160039437,0.067518412854441,0.15145338802497582,0.003284252556266359,0.001759093291991168,0.009281547275994687,0.1335837087381074,0.03552393814764759,0.019510907646897342,0.03568978912983442,0.07431456785024555,0.03246593394979061,0.015710002954366965,0.03450860815092835,0.1044335647079202,0.031730176463470004,0.012149735225200351
2242.376704038117,0.023257438839468476,0.21253541299490136,0.003309306326263127,0.002326748534798942,0.06684108413104471,0.1510422268967269,0.0015245424804541457,0.0007201916440001631,0.013931724088626016,0.13537868610012949,0.011771360392473429,0.0075266215445246734,0.03229624654871202,0.0751608764500944,0.02553319077713625,0.015176410822686297,0.0343228407907869,0.10443463761031124,0.031716053378281456,0.012119135841993757
2237.3602013445193,0.02472308722162884,0.2145476681404568,0.0033602519790322046,0.002229414931870224,0.06655405954837243,0.15052175645956611,0.002209126443358102,0.0015007489721696765,0.015554029586456485,0.13387390042964392,0.022219692312139976,0.015795540193985113,0.033186868167872106,0.07423035518312533,0.028152521567875243,0.017783305159038747,0.034052918842771056,0.10367874360584216,0.03162069226911621,0.012076819995427831
2232.3660937522327,0.020973360549347994,0.21210060933704883,0.003283630980244787,0.0023810164406157736,0.06728885596976594,0.1504506871231406,0.0019484630921683505,1.745284599598563e-05,0.012139218734863177,0.13384094982852984,0.0186456680596024,0.004506606411648628,0.03200826050318445,0.07463697465461466,0.02726524067968443,0.01225683977285994,0.034548171675972905,0.10395787849742945,0.031568986402067324,0.012097668076217673
2227.3942316280627,0.02144662075154599,0.20889284742001651,0.0032457837824557737,0.0023207783499325616,0.06620849356327294,0.15068333537575396,0.0013089273212166259,0.0007535910214529136,0.014741165676685776,0.13503303684340942,0.009812482919130372,0.008543507248779808,0.03434372711398112,0.07220915745287808,0.02545237630564942,0.014406853182283231,0.033937620090098784,0.1035969392647189,0.03151079610363874,0.012044416095072587
2222.444466668889,0.026082009269308523,0.21226176324265103,0.003273113373869308,0.0023104639712737815,0.06577687068989356,0.14943604048470635,0.0015728720778200253,0.0007769060338817464,0.013426164143948623,0.13314603132459493,0.013096418332307916,0.007100549427344777,0.030299627290224698,0.07452390243170307,0.026177393328591658,0.014701516561051365,0.034466551246139496,0.1032975327397484,0.0314336531439808,0.012015312842540255
2217.516651886918,0.024427719437409928,0.21190039827287627,0.0032718606470477536,0.0023143627585080055,0.06580714048051117,0.1492270702605649,0.0016197382550045352,0.0006321275967722857,0.01576834351215797,0.13307669667872377,0.013696477880117413,0.005441663077550661,0.03187795138306566,0.07338201513921287,0.026196936731264407,0.014416544000075708,0.033703195375739264,0.103198807671782,0.03136176825161005,0.011992057193522844
2212.610641595133,0.026755490530116343,0.21417968803106058,0.0032627699315036026,0.002326818593772133,0.06600746070895269,0.1484651208488437,0.0015394377708688105,0.0006599119471250849,0.014151829991248636,0.13365169191452528,0.012814879718356697,0.0060902154448642725,0.030962788334831362,0.07121985317338896,0.02612791355367653,0.014358550390148753,0.034126411354847654,0.10254081028743976,0.031291491540709954,0.011966465969081566
2207.726291392936,0.03006160551636134,0.21411044285496988,0.0032662716638982062,0.00231137842584888,0.06473135197498593,0.14749162301076835,0.0015694974627882019,0.0006649249572344905,0.015455033339339619,0.13850525220001908,0.01318196439570304,0.00597094941679792,0.03113537139809834,0.0686254082169784,0.02602325219035846,0.014278211539040646,0.033375557887273345,0.10305721506891839,0.03122367262968584,0.011941647903661996
2202.8634581519827,0.03770749286265674,0.2277220939903903,0.003264010296746132,0.00228937246375876,0.06586811806444105,0.14464269398265775,0.0015176938921308836,0.0006396958810903002,0.011790594074725404,0.13513899648095967,0.012540144210531776,0.006197002057354464,0.03513142260836287,0.0726576210921272,0.025815622219047502,0.0144543151109184,0.03372945990445708,0.1019124250575938,0.031156713623669174,0.01191682608660923
2198.022000002198,0.04580373160905793,0.20105549280096535,0.0032808283144335534,0.0022245194876746362,0.05948767267429228,0.14965407844950487,0.0014997284098827001,0.0006848403309606735,0.013107133999961704,0.13751038210358377,0.012485280480389526,0.006576900683915524,0.034642577408454056,0.0684842616760021,0.025805815851277093,0.01431242856977036,0.03359205818435745,0.10255674957590057,0.03109097484483876,0.011886682837372018
2193.201776317983,0.019575910822088486,0.18283121514885328,0.0030058426565238187,0.0022559136117601157,0.06509247956155677,0.15294388294618028,0.0015814544664154407,0.0006899579045040453,0.015864610806271977,0.1333582350783941,0.012880111305074509,0.0064114583019802066,0.03275676174863261,0.07206628584533135,0.025864034198117013,0.014393428195338375,0.03343416483172498,0.10143415358728254,0.031023162883714404,0.011862097989062927
2188.4026477045954,0.03539996202795127,0.22771543546086565,0.0031599615721699067,0.0021499313608199775,0.06781188549061563,0.14374851497735763,0.0015380542472978856,0.000661361155255686,0.016334661260285068,0.13115923662552226,0.012837599516299012,0.006416432364042427,0.029962509302077372,0.07170833696337976,0.025819457559740484,0.014367508382888644,0.033396661355442586,0.10212412226467767,0.030954589477089466,0.011831684060104819
2183.6244759847164,0.010668416265445468,0.1877231690356561,0.0032360617343150017,0.0022736639135728202,0.0700365778662603,0.15187371805495878,0.0015240718836619684,0.0006513585156159912,0.014712874205654397,0.13023051244205044,0.01289531699304493,0.006058096522655272,0.03231886944650393,0.07464293711160544,0.02591625256998187,0.013956947547098053,0.03314765790082107,0.1008385137650023,0.03088949831669162,0.011809431535731411
2178.8671241851857,0.021567176332857436,0.1922587208287046,0.003160681649849206,0.0022361091014928623,0.06377052208519644,0.1497137461648543,0.0015133862272102983,0.0006802857187389634,0.013396665016471649,0.13265146134526387,0.012494394224576766,0.00642346021843369,0.03169319183511209,0.0697336936770464,0.02561917430927579,0.014312308041621435,0.033676133487688574,0.10175409460581893,0.0308208100413958,0.011791356303431689
2174.1304565239134,0.012132110644645871,0.19505471132400082,0.003178339622844776,0.002290843369215873,0.06567124034151411,0.14897497457694173,0.0015105950190797118,0.0006702122168777046,0.014463231089742543,0.1305346362854012,0.01229463800728124,0.005965497595433804,0.03068521171670819,0.07605411612305515,0.02538237862998105,0.01405938669817702,0.033376234352471446,0.0994886808616334,0.030756935005019408,0.011771212785288301
2169.4143383969636,0.028165889970325778,0.19838389300644144,0.003175136703027147,0.002236597267785363,0.06224772716913693,0.14778359482591158,0.0014996765015816357,0.0006742217818699979,0.015009922026003165,0.12681687629576527,0.012305176423525903,0.0061973237318292,0.03178211376085119,0.07757896266300272,0.02541768841511169,0.014051972594520935,0.03322716697871923,0.10002270649032638,0.030684412503441647,0.01173905123900014
2164.718636365801,0.02218101728566137,0.20621415807011326,0.003181498803203056,0.002255904141358757,0.06477729902620168,0.1458502535239078,0.0014990619716418064,0.0006728689495281462,0.01069034496452586,0.13141878348880243,0.012320140845785615,0.006177498404273754,0.04123670071386061,0.07730108032283146,0.025343074542794032,0.014086140102860576,0.03133216506033709,0.09748859578070558,0.030610282081370708,0.011693725636727357
2160.0432181447086,0.019077561154973145,0.19856738120021197,0.003173267965961308,0.00223184706931544,0.06411700304094797,0.14693368264267992,0.0014931955274417748,0.0006722161093167065,0.012389109404283862,0.12715267322352342,0.012172407528549178,0.006128415519660952,0.04203009790022362,0.07082016645268446,0.02520634464286041,0.01403287787892402,0.029628662486151734,0.10239537142709255,0.030555527866831855,0.011689230364229784
2155.3879525883626,0.02312755874203801,0.20372684767306856,0.0031581496540671735,0.0022291999427297097,0.06365101749124306,0.14552245611839076,0.0014923849763651058,0.000666225080967522,0.01312416239199084,0.12897072437944315,0.012274738518919649,0.00610379313698452,0.031403236054807826,0.07018712414357171,0.025265028742847032,0.014034583656046349,0.033970600906658224,0.10097861592740362,0.030485379776632484,0.01166054318433892
2150.75270967957,0.01947794806143137,0.20120426607506595,0.0031538937169044556,0.0022243283876312906,0.06418819095273155,0.14555004489775372,0.0014855519899666146,0.0006736652006227713,0.013547154656074662,0.1318549994688933,0.01226001931668579,0.006183013936459052,0.035803545202338125,0.07003002232844707,0.02525522200009507,0.014029720390487587,0.03189900639030731,0.09945384273141089,0.030422189790736763,0.01163063706546473
2146.1373605171675,0.02040846474887782,0.19940602666500956,0.003142312095244622,0.002215020057942685,0.06351446245672539,0.14549702357306304,0.0014879263206599835,0.0006654304880217678,0.013801983369332053,0.1330938608122647,0.012231744658798296,0.006070319199668612,0.03454453247847713,0.06631349491358987,0.025150416971815633,0.013973219343129235,0.03246479379182465,0.10030287789986715,0.030357730334253572,0.011606613879567925
2141.541777304069,0.021510657984781183,0.1993611384153896,0.0031401525222950217,0.002202259033907677,0.06326397071382318,0.14509007262290394,0.0014807568267805934,0.0006663249147918459,0.010584300338331054,0.1306430423286428,0.012154923537679878,0.006123175172312989,0.03545987898197406,0.07039652352313315,0.02509056972411119,0.01401853948864588,0.03256074115539985,0.09971716863946431,0.03029311045548616,0.011585654677818299
2136.9658333354705,0.02476651636240746,0.2029997426316394,0.003129007827841433,0.0022146857615332805,0.06286913084831022,0.14414438263038074,0.001480305407248539,0.0006611925579880027,0.01432824728407387,0.12619285524339174,0.012177076584788267,0.006056338951207725,0.030572448898964318,0.07271751887893838,0.025060431135887254,0.013918856068286996,0.03240101463032868,0.09922460002802264,0.030231322950070635,0.011558375817816801
2132.409402987207,0.02257449043931806,0.20251602209381073,0.0031278949725898862,0.0022082465259019406,0.06329212549518891,0.14356001113212488,0.0014701457580862333,0.00066390333358202,0.011263257755568665,0.13054355146677943,0.011833157443646708,0.006239847625217474,0.034961990562944543,0.07055404291824043,0.024737236787994946,0.013937628632243574,0.032253315644199664,0.09921813569616204,0.030169889678958072,0.011532838513096883
2127.8723617042556,0.022847723854528646,0.20221998492995708,0.003127710861684177,0.002138197145900298,0.06309760023705399,0.1434231438462011,0.0014665946812913854,0.000641350555455482,0.011394089222256982,0.12809330179870632,0.011979324217169707,0.005590235374093581,0.03400900221362775,0.07050114240837245,0.024826736253789082,0.013188794896910933,0.03240302308887325,0.09876333398073442,0.030104470439948298,0.011514927021958315
2123.3545859893843,0.021389816842286028,0.20150598175843207,0.0030684384282884804,0.0022538749121220453,0.06313050265992846,0.1431150254239555,0.0014753809794202002,0.0006630595466752676,0.015551498841196965,0.12741743186336058,0.012653466144705479,0.005518414438586276,0.030855273320506072,0.07174381327733687,0.025458761695274584,0.013644180063787408,0.03221770394881551,0.0986912507262812,0.030038697791950248,0.011483641697812016
2118.8559533919492,0.022178827513668432,0.20071431233148726,0.0030416770810469704,0.0022011823906139165,0.06274452398150782,0.14302962680702525,0.0014859567994787053,0.0006549083139044217,0.01252067606550384,0.1286067435592109,0.013365662774685271,0.005211518626582029,0.033967947207577315,0.06822532875893854,0.026089388220594655,0.013672605572070208,0.03243335410424638,0.0982732659153209,0.029972318412336264,0.011461257709328576
2114.3763424968292,0.021467100297975963,0.20074960455518487,0.0030823796188710634,0.0022200621861219855,0.06299737437047696,0.14248328961893522,0.0014507682711374747,0.000667464187870705,0.01241322204592079,0.12837469549937552,0.012291042115356698,0.00620737776137801,0.03271616498198205,0.06979038615296025,0.025201031668759963,0.014249198358470697,0.032129450178434875,0.09819249736701263,0.029909578885762022,0.011428957553051209
2109.9156329135026,0.020977157368721952,0.1991900751714381,0.0030431152520209335,0.0023034172301121497,0.06261956003535876,0.1425232773018607,0.0014661770440274348,0.0006535931689731995,0.01503191930995924,0.1266595692677465,0.012749837892177525,0.006485508675247829,0.031111655775503986,0.06966483473874499,0.025525384838425664,0.015078850350736884,0.0321437049550783,0.0978381448161832,0.029846856133601773,0.011407392192189026
2105.4737052652636,0.021974868078793452,0.19981686666474457,0.003160485733667363,0.0020764255375773652,0.06244507841781141,0.14194216310610278,0.0014752411827645862,0.0006393450163195437,0.015226503962002499,0.12726633540249443,0.01104712014178169,0.006273040268191326,0.030649579548277333,0.06923360007642003,0.023364529404488854,0.013194576298321327,0.03197346753878021,0.09781223104652344,0.029788896762551628,0.011396145203382621
2101.0504411785714,0.021808638993921683,0.19978495301636515,0.0031185921735690904,0.0021916003531584688,0.06241949573660465,0.14165591653635137,0.0014410143516821886,0.0006190663814581975,0.015771534519040335,0.1240856463442929,0.011411525799535574,0.00640140549466898,0.029121538535871527,0.07263770938882963,0.024179986093547635,0.014312248227228408,0.031979403213680355,0.09760129035374626,0.02974402670253264,0.01136768129638722
2096.645723272537,0.021506177239384812,0.19876961657098122,0.0030808267771402806,0.002191490131166605,0.06247929566445567,0.14137446925345915,0.0015239111056482588,0.0005574095952406771,0.010699782752547618,0.12677888766036988,0.013254537881355704,0.004551918307202091,0.03297556655783547,0.06943892117095941,0.025206203456911713,0.013788805475711858,0.032017762206582784,0.09753258829235353,0.029660613243155134,0.011347256080303103
2092.259435148536,0.021216962232329103,0.19853516769549856,0.0030717357154778553,0.0021654926065431315,0.062118155413265964,0.14099360024601754,0.0015241289040498877,0.0007096507332885537,0.01626362271329016,0.12779427238907906,0.013179769023039013,0.006062227316383542,0.03071600473339385,0.06842396720957344,0.025066268876947226,0.013980057172244887,0.03211022881228232,0.09734766939866141,0.029598947925336648,0.011315731823058017
2087.8914613799584,0.021042802691559604,0.1979099445391732,0.0030599664725908756,0.00216319898183554,0.06206119841079019,0.14082827345637056,0.001493748369255287,0.0006729061024020521,0.012855790035724677,0.12549604799919317,0.012752945823987541,0.0059398733238076006,0.031673805983150935,0.06994459347230815,0.02488448104156923,0.014020479316515644,0.03225809046030607,0.09715427023986711,0.02952808207053977,0.011291924096082066
2083.5416875020837,0.020806658892403625,0.19702157704456247,0.003039852390782849,0.002158459010293217,0.0618461611191892,0.14060161848173028,0.0012928154943152778,0.0007666818431596795,0.015171727925252945,0.12551942423232682,0.009643291210370789,0.008009483797716285,0.030180945067868382,0.06973152109733761,0.023626108316852298,0.013987329689836769,0.0316804022106323,0.0965570341882106,0.02948784291067886,0.01126132826805087
2079.2100000020796,0.020709843952038186,0.19690489429391467,0.003046432291830753,0.0021498384400038223,0.06174927979727804,0.14034613014197808,0.0014475605162531954,0.0007002561767487228,0.013264082397269613,0.12518918626446626,0.012044439762185721,0.006243201266710815,0.032892482029098884,0.06860850587259348,0.02450788492550937,0.013782563148148703,0.03179832325335465,0.09659591014341803,0.029418666116770277,0.01124789178363033
2074.8962863091288,0.020781569143495507,0.19639616273612126,0.003030645086463526,0.0021575856215798306,0.06153052388352212,0.1401068447154519,0.0013835229278904985,0.0006178648547662683,0.014002650031365945,0.1245557772747737,0.01105523478997381,0.005860301124949796,0.03214818262375663,0.06849864522626127,0.024006881979247677,0.013215291403039049,0.03175064706457432,0.09649946662261018,0.029360845010338126,0.011222421991083172
2070.6004347846792,0.020858728472876897,0.19629799582672583,0.003028761337014623,0.0021338746255263525,0.061575373513168066,0.1398658541809818,0.0014181223508759992,0.0007264692094589978,0.012309744119819117,0.1238741058813387,0.011507634458601451,0.006794313192302712,0.032134303417475286,0.06768348161322067,0.02414837177666374,0.013832569667309138,0.031531141431720054,0.09604376969609531,0.029299812860490243,0.011199473243435764
2066.32233471281,0.02064689726165193,0.1956624787283618,0.003024899010458574,0.0021379109685238642,0.061511417420101674,0.13947599236440766,0.0014785013683129157,0.0006507344135497417,0.01331462343489035,0.12374674876704103,0.012336143726381687,0.005596219848324702,0.0305594180680881,0.06911755475725662,0.024320303414654267,0.013544367841260205,0.03154708071199239,0.09601128968482957,0.02923482028816921,0.011175366455674516
2062.061876290722,0.020964560740621495,0.1951815513275608,0.0030127991991184782,0.002129455226112772,0.061137098333253814,0.1392669052197006,0.0014348104818847672,0.0006128442303568761,0.015872517620843147,0.12322775230746831,0.011817234813046794,0.005416915015069944,0.028781931947182766,0.06872626959872968,0.02418093344876783,0.01338747523248313,0.03150038316894758,0.09575213472665858,0.02917932263454961,0.011156922664508776
2057.818950619342,0.02063386124161144,0.19484355798950623,0.0029866944055461863,0.002127443206493254,0.06122777358072501,0.1388645767788506,0.0014087798363189112,0.0006697214767528682,0.013474225778677327,0.12561088701286957,0.01148786473835251,0.006092241998358337,0.030351364674315845,0.06648250194394967,0.024120794185842023,0.013477440468636824,0.03140720164820149,0.09562635973774788,0.029116341478716553,0.011131847335120874
2053.5934496940454,0.020292094320877835,0.19404888954225924,0.003026665183205754,0.0021258529363501477,0.06095057640220943,0.1386206155690803,0.0014280939359870432,0.0006520914205902581,0.0160411147233206,0.12497424777066052,0.011718863433633413,0.005743845444540592,0.028971063971086074,0.0672444626079675,0.023989763854388717,0.013400769694665195,0.031220063094291928,0.09541089923571583,0.02906219863966016,0.011108174345805391
2049.385266395492,0.020566479436368156,0.19422484191957495,0.0030114264629639803,0.0021184015202304223,0.0608580287232773,0.1383812936387422,0.0014251711501792968,0.0006512448858873902,0.011886695250794464,0.12267447018689093,0.011756948894738911,0.005978737131083138,0.03326042145293858,0.06850025892841084,0.024018258513636564,0.013624218910843693,0.031329980408371635,0.09507148471130254,0.028997869646504647,0.011085317148765195
2045.1942944805728,0.020398892569771152,0.1943615645409588,0.0030153092594997367,0.0021411363903919216,0.06096067884153697,0.13797300331390328,0.0014358660062741848,0.0006361189254138842,0.012456122649103342,0.12347319402729183,0.01211463855353276,0.005594744735164463,0.0319025032107394,0.06693203845790151,0.024210224690242636,0.013302660959749251,0.03131900793733461,0.09497869106569765,0.028941457583569922,0.011063775844359624
2041.0204285734696,0.021137484424085314,0.19343410168776992,0.0030090187609179875,0.0020943400239364428,0.060684021154665146,0.1377871138344938,0.001421377944742586,0.0006205993381289734,0.011854298768560832,0.12224779522302717,0.012036621637394471,0.005787823552266377,0.029940999910564616,0.06763554692800487,0.024215132590822346,0.013412576009039714,0.031353505607422505,0.0947008050667913,0.028883975841817323,0.011041661185435012
2036.8635641568233,0.020385791493999286,0.19215045250672136,0.0029176451166418376,0.0021363617527052963,0.060555432039182996,0.13749486630973884,0.0014304819153037373,0.0006352422758062156,0.011249590600734907,0.12204492903698012,0.011564859674985495,0.005272852791734983,0.031068327606051292,0.06997377793510125,0.023788588874080543,0.013058745481585999,0.031108058843240912,0.09475390956412416,0.028828438719644335,0.011022122689140592
2032.7235975630085,0.02045350296682548,0.19287644082716016,0.002941963295147846,0.0020941923444662675,0.06043449002861302,0.13710831014094466,0.001411602840702483,0.0006318528573667777,0.011593506646365487,0.12416765236702765,0.011597559500264403,0.005574610992438154,0.033767789976717755,0.0654177447369758,0.023890635612720274,0.013140493036502008,0.031059816952103192,0.09449695430464887,0.028765890247364617,0.010998624576286066
2028.6004259655176,0.01924024334463549,0.19095786671244053,0.002967563671897435,0.0020968553819970576,0.06046798449267976,0.137165490982567,0.0014049900180219202,0.0006293634393919142,0.011173872688126708,0.12304505119684923,0.01132574295018838,0.005520135239421859,0.032910740339600064,0.06657168005994564,0.02352439103258384,0.013349185374654834,0.030961306334262046,0.09428043960149458,0.028699445811783752,0.010985322364463446
2024.4939473704458,0.02050072135141531,0.19104685899461935,0.0029365964097497086,0.0020867356123961305,0.060122956622782685,0.13675451542862344,0.0014080247899888442,0.0006253601323479682,0.011736296803259322,0.12168524511774918,0.011481428625500525,0.00545588829270801,0.03096210586189439,0.06799743996976085,0.02364713306431977,0.013122907790433154,0.030889703316739455,0.09406117942307628,0.028631958841232555,0.01094853623804557
2020.4040606080814,0.02008811003647533,0.19085318908716006,0.0029510365638092113,0.002093673271535721,0.059926904110885235,0.13648083322528273,0.0014019050046181168,0.0006219310023756398,0.01180043782001662,0.12121573045370695,0.011529782018977027,0.00555875259958618,0.033689474598611636,0.06758249398017944,0.023693205216062368,0.013253336886416951,0.030865062537279615,0.09386497059767054,0.02859896134250654,0.010944444649110376
2016.3306653245968,0.020313633641023496,0.19063137843736788,0.002940297035897873,0.002083027311375794,0.05987907177238203,0.13617857768694352,0.001395808919676126,0.0006229267498812417,0.011765160795408246,0.12129290623099272,0.011374585227548629,0.005509169441016312,0.03136625072467292,0.06720306905859395,0.02355059184611544,0.013175759749139324,0.030896015539062013,0.09375929716824262,0.028538488144939103,0.010906076078187533
2012.2736619738432,0.020083578263216578,0.1905553663085987,0.002935342216245321,0.002080775674117839,0.059795838318785786,0.13599175131046123,0.0013957553940982042,0.000616419844677222,0.01257658951773044,0.12069887953239741,0.011421878642264736,0.00543344251096201,0.03128689665587678,0.06565488381632571,0.023532164311765975,0.013157089592405729,0.030673328598255438,0.09349145288642419,0.02847165459520873,0.010885954097524488
2008.2329518092372,0.019933835475049497,0.18975651234625576,0.002931798333184053,0.002072948503958062,0.059655439463135146,0.135536724176867,0.0013954451318134143,0.0006193722407141335,0.01513640705542095,0.12307463288723423,0.011525942354000882,0.005486856380425974,0.028819191407924365,0.06560571017969595,0.02359426320159373,0.013127123818601883,0.0306688918981935,0.09339071695463308,0.02842287796127935,0.010865258474315045
2004.2084368757517,0.019700734678857537,0.1896405912203425,0.002924296839472996,0.0020701095732495994,0.05956956730123524,0.13529505292535604,0.0013890236485956952,0.0006140744701119555,0.013751386210744173,0.12202253451054822,0.011400130513791752,0.005406673669939093,0.02991398954610995,0.06518313522964758,0.023473306024136498,0.013099212284754235,0.030646742199699206,0.09311912716976689,0.028364923572609998,0.010843550487941389
2000.2000200020002,0.0199896609428524,0.1889782330488555,0.0029181994296667416,0.002065131669248511,0.05931656677766249,0.1352720391078736,0.0013882241001612356,0.0006116175703554705,0.015253848547164536,0.1177636767506062,0.01138403346333166,0.005382232489808419,0.028977725052189134,0.06795162564167359,0.023425219211113388,0.013075189551520618,0.030597591879544445,0.09295935875895942,0.02830871081118322,0.010820080759189098
1996.2076047924154,0.01928346740511498,0.18878285443781903,0.002913062071887898,0.0020599713857106733,0.059355326739795974,0.13484817111055414,0.0013868071193953312,0.0006154396588640025,0.014104213807965851,0.11868951926721605,0.011398181546536705,0.0054836753334626225,0.02953054181473133,0.06746084944375193,0.02339596374852005,0.013118284243444954,0.030487870366471197,0.09283318203566487,0.02825348511736467,0.010800726267270919
1992.2310956195222,0.019571371925705534,0.18851189358075923,0.002912049847298507,0.0020534788748970143,0.05924340771124158,0.13460809811662702,0.001379198573167057,0.0006120524892855271,0.011108702278741911,0.11904938300969027,0.011235833760912268,0.005376318392382923,0.03120570586615132,0.06638257378176547,0.02324192409312661,0.012906844422371819,0.030418893599472925,0.09249902344270416,0.028198437917503295,0.010778720570713326
1988.2703976163025,0.01897540674514854,0.18860635418883787,0.0029050971147587153,0.002053163720365804,0.05918152930174726,0.13391871644568598,0.0013810209738152647,0.0006229967144225537,0.013318775776622684,0.12379611629985313,0.011246772114822627,0.0054145897423194984,0.030216250423776497,0.06406306752925793,0.02318977055335201,0.012890446453300139,0.030452109295891108,0.09246025210244915,0.02813986555812735,0.010758247268164559
1984.3254166686513,0.01947306007767064,0.18907240649987966,0.0028948922723129006,0.0020467630657796227,0.05867926709997906,0.13383139419402984,0.0013469356714265895,0.0006463619343645382,0.015217853150112188,0.11992999916851338,0.011465243797305472,0.005130636795149941,0.029217793943517038,0.06439951985517492,0.02369550518190941,0.012445483306293201,0.030315361916388617,0.0920960765428153,0.02808707274399879,0.010737577054245452
1980.3960594079213,0.021367748810818314,0.18591911323576688,0.002886480483712215,0.002045255511934241,0.05863971436596914,0.13393701364270394,0.0013140076945031061,0.0005659519856972261,0.012792805606311014,0.1186776141618559,0.011517112649096495,0.005177386847300916,0.03123489759338292,0.06743005642136136,0.02408379392621275,0.013464830017823429,0.03025855512921861,0.09205189730218781,0.02802537469445004,0.010711916755380758
1976.4822332035578,0.020102429816312748,0.18765833206787258,0.0028841307788872814,0.002044638554155845,0.058415957386946715,0.13342274120602848,0.0013818273877952087,0.0006023473134465627,0.014057036644555508,0.11781572300204597,0.011472673725361787,0.005558084364264676,0.02974185022127788,0.06611405107602708,0.02329573488603214,0.013388507031531308,0.030234016311579556,0.09182749903368899,0.02798220785322437,0.010690570099237991
1972.5838461558187,0.018856982175784187,0.1881544611876931,0.002876617551999892,0.0020435177684170317,0.05856077305115711,0.13300030091532775,0.001461930998867093,0.0005028039738809991,0.015024679561095454,0.11922254690611761,0.010746780140474371,0.005860136804862788,0.02763787782320638,0.06414935137640194,0.021780280708836544,0.014308671170462892,0.03013477403732176,0.09177655025127446,0.027925597368510444,0.010662773603923524
1968.700807088583,0.020027442139815988,0.18595633952403298,0.002875451007847783,0.0020374495432274515,0.058305353597571476,0.13314296055910224,0.001379396558417011,0.0005817879508457295,0.01549835384556011,0.11632368492546119,0.011188366536326147,0.005167195051280248,0.028041636391737058,0.06622658157080223,0.02290441296104008,0.01289229036364144,0.030164520047561136,0.0914959014616076,0.027880259478663273,0.010648531393594885
1964.83302554224,0.019276795087536557,0.18620740351478463,0.0028767825247194147,0.0020194113339849365,0.05849875044958394,0.13282269135192762,0.0014466329221434079,0.0006375789585133701,0.011082894313668037,0.11607480650133147,0.01078555925334669,0.0056266340795937874,0.029323803680050862,0.06606838599839689,0.021738063600853976,0.012709377469545667,0.030015887469184446,0.0914379705563605,0.027806589105392538,0.010632108838508004
1960.980411766667,0.019148224814794244,0.18601924157797692,0.0028474214900316543,0.002033611164738961,0.05830213601123592,0.13223059194732412,0.001314640060422531,0.0005475042221745086,0.011129485517279972,0.11885999481714163,0.0110670944715915,0.005310804217347147,0.031800412911005126,0.0660471558973514,0.023418247756183147,0.013439582981261439,0.029962576645842492,0.09118317299296803,0.027743335699402242,0.010613162204064091
1957.1428767142859,0.019116033490246754,0.1851660754704924,0.0028494929010026465,0.0020148447731222793,0.05802125485262315,0.1323109335555464,0.0013192427911314635,0.0006295604302942177,0.01379095258128059,0.11675198053188666,0.011032332072414676,0.005307704428466902,0.03012482454467096,0.06490081915105028,0.02319505215535812,0.01255198921961237,0.02979011312650482,0.09091322364576893,0.027702174442592126,0.010585898329018104
1953.3203320332034,0.018999923241229448,0.1849175901622783,0.0028480803344274066,0.0020082756466109596,0.05802766496744706,0.13189968921921766,0.0013460567363681513,0.000625731200173,0.01414298078444943,0.11763610922464582,0.010888412730992645,0.005519980045287977,0.028611385415537066,0.06520453993822833,0.022738471103372522,0.012701922531811533,0.030020852940580902,0.09071228687609932,0.027653827415650718,0.010561028797844606
1949.5126900604291,0.018860663205246424,0.18463812057658582,0.0028437532614503306,0.002007639394346263,0.057984576280756685,0.13169811702361403,0.0013438600795150082,0.0006022823086489313,0.011755217724409359,0.11689852783127161,0.010901836154225058,0.005417944922882915,0.030139738978218877,0.06485446436282473,0.02271096929038008,0.012841934609960144,0.029689927614207714,0.09067105727168347,0.027596298782381314,0.010556711990303207
1945.7198638151754,0.019153533781657517,0.18423808434667202,0.002836266003876895,0.002001738048381232,0.057818216982208855,0.13146860268150828,0.0013426117226294242,0.0006041406493539265,0.012070123761680318,0.11658486331205926,0.01084362621843286,0.0054567407764682515,0.029723885062416775,0.0645123817066342,0.022620770661243197,0.012796981194790483,0.02968858813571899,0.0902922255980759,0.027544766888604435,0.010527266002965892
1941.9417669922334,0.019162193689486316,0.18371924474637952,0.002831645591695874,0.002000831811029953,0.05777239124958089,0.13112365880375224,0.0013508808725530921,0.0005859395633644656,0.01062064988859452,0.11797290023018843,0.011224792969993612,0.005101239460688387,0.031337918326803195,0.06443772092691476,0.022892475678841513,0.01269182199799472,0.02948447285098606,0.09014242251714624,0.02749204931331248,0.010510628983087147
1938.1783139554268,0.018887042172090897,0.18368100094754808,0.002822507211958931,0.001996594404647072,0.05754373283028322,0.13082116808714472,0.0013408331899075084,0.0005942254175530321,0.01431199297826414,0.11645138436339902,0.010917045183001054,0.005160986748788904,0.028073199135407925,0.06507513766481592,0.022641270524955,0.012544468568706559,0.029967796632103832,0.08962143704998458,0.027438912667983116,0.010489011668513171
1934.4294197311417,0.019224138069505993,0.1830615928317318,0.0028198698641349633,0.001995436771465796,0.05749775011988788,0.13069616264686446,0.001336101715591929,0.0005969266733613265,0.011465713943020447,0.11595981269002006,0.010926750666887877,0.00523323648149838,0.02929980304908935,0.06462392276829378,0.022636884227044133,0.012668830354118808,0.02989845081393561,0.09024363123831787,0.027387301708157646,0.010472005727947147
1930.6950000019306,0.019047672963499414,0.18244366245178642,0.0028142600645008208,0.001987255301372923,0.05717830606264473,0.13053479254944952,0.001335699003785351,0.0005837212583918893,0.015116251124983805,0.11596062636794628,0.010980310305708925,0.00500561056897434,0.02800488170211448,0.06367269569226232,0.0226325397678836,0.012528454056827967,0.029281825846620018,0.0896570302918324,0.02733257769673013,0.010446465185351453
1926.9749711001928,0.018810492015597327,0.18260612611896454,0.0028100770035294803,0.0019850974581341733,0.057316315782074696,0.13029235712668433,0.0013196835190741312,0.0005876414229504168,0.011996714661281806,0.11251569633428571,0.010839615062940258,0.005121886418534127,0.029387435960434034,0.06593485794313621,0.022604702317211282,0.012502746785482613,0.029814285808682874,0.08946116461122879,0.027282505602169382,0.010429626715605267
1923.2692500019232,0.018354235136363795,0.18161785612545572,0.002803586274580971,0.001978548906069874,0.0573744446901749,0.1298901712627617,0.0013296168011949327,0.0005944176401117622,0.00906628659966053,0.11775312000876674,0.010850992087275193,0.005164933723852368,0.03186025280184681,0.06319443463995322,0.022483068630343654,0.012576221071686695,0.029474133796160203,0.08958210764874239,0.0272276198483971,0.010407221189239646
1919.5777543205377,0.01871036241091985,0.18147362034633632,0.0027942821901592047,0.0019822688561380564,0.05698474098851299,0.1297940876290788,0.0013246204862501594,0.0005856846241958605,0.01340898146848152,0.1145351088627797,0.010792880864003939,0.005031470714309704,0.028716204751494834,0.06385860102613157,0.022425218846312416,0.012490123184285072,0.02955791536242037,0.08936653794791198,0.027176278709966042,0.010393079319362413
1915.9004023007665,0.01848966648182926,0.18099069589600983,0.002796853858871091,0.001970109835967608,0.056957065030284866,0.12955486564749505,0.0013184862202315465,0.0005818583576794633,0.01098431285564168,0.11425003863985704,0.010824643576737727,0.005211323070276227,0.030638301555813287,0.06418559586191235,0.022440169055231385,0.012648949289894303,0.028997859731402734,0.08938732603651448,0.0271242316838817,0.010369036794764927
1912.23711281262,0.01866933469844398,0.18074692113278343,0.002788597483098326,0.001963071761778462,0.05684164002832675,0.12932404823818908,0.0013135165182447223,0.0005825004832737799,0.011698559420631706,0.11553521885448692,0.010738741138939762,0.005071703935809242,0.030089274907129204,0.061782328609576116,0.022384256238739277,0.01242111954627763,0.029093006220448664,0.08866653953632557,0.02707343284007495,0.010348335695212625
1908.58780534542,0.01846708985441254,0.18041258286477946,0.002789866709703867,0.0019681666854784647,0.05669245667578951,0.12919895040089466,0.001308398177260105,0.0005837743680719321,0.01385319611965667,0.11278421929962393,0.010685703715041406,0.005104381230228752,0.027562188136559012,0.06333671484643953,0.02231851572568294,0.012434265143139193,0.029113023123537064,0.08867196455076891,0.027020537263800198,0.01032708885528985
1904.952400001905,0.018503042924099086,0.1800178119309007,0.002781504313970797,0.0019599354504246575,0.05660184251345863,0.12880385572993966,0.0013047129913414863,0.0005814136691689503,0.011458979595662978,0.11408202043904586,0.010585468580085751,0.004970439201156039,0.03023024066925281,0.06366273209733764,0.022204870539997704,0.012339022213201385,0.029294413050610424,0.0883441797137019,0.026969061798930015,0.010309559930487487
1901.330817492396,0.018379341719626935,0.17962542254942168,0.0027744664057785893,0.001956074665128881,0.05656991833958735,0.1285316498668514,0.0013082647978606323,0.0005780455457658935,0.012148490813895069,0.114157649339942,0.01068418032566518,0.005111205252617971,0.02914576408384988,0.06345761625479883,0.022223291077129465,0.012483895764088242,0.029202640147999195,0.0885243347165954,0.02691361992676713,0.010297745913974995
1897.7229791290326,0.01846226499431688,0.17937947022797768,0.0027669688022903803,0.0019508350826125183,0.056368475508329484,0.12833476719169232,0.001303862277744422,0.0005775009806333452,0.01495313113264305,0.11316946648322702,0.010700311376614157,0.005035095672355099,0.0258298675132638,0.06282458281608648,0.02224750610755013,0.012393972980942058,0.029046457249041396,0.0882324333914753,0.02687648488894699,0.010281781854464144
1894.1288068200763,0.018357768617445914,0.17897193912412718,0.0027631306078655096,0.0019467944197806835,0.05635807813253542,0.12820076744283088,0.001304123673948945,0.0005706276381526314,0.012886503201494488,0.1107195760091786,0.010704750901599185,0.00499818809711102,0.027010295006212756,0.06447955316409733,0.022207216272522548,0.012330350572691752,0.029003226612191128,0.08814132378196043,0.02682530506866829,0.010244227850916637
1890.5482230642724,0.018272713741310998,0.17859580012453,0.0027606242347730774,0.0019418564460209748,0.0561428991010443,0.12770429221152366,0.0012999890963328133,0.0005748290136025516,0.013825976220050612,0.11480393552583174,0.010672476212296587,0.005007592188679677,0.02803900586551069,0.06321101818789877,0.02214914923583504,0.012377091690329562,0.028951362953149196,0.08780042105405046,0.026764856782104187,0.010234090191263473
1886.9811509452832,0.01830738772116184,0.178340168623,0.0027500441829192536,0.0019365952064693747,0.056041929604934454,0.1276323152876131,0.0012964648513450142,0.0005711890990570049,0.013334654734022058,0.11176995671569916,0.010618335326440275,0.005001970287296104,0.02777008554277802,0.063620270800399,0.022109838970418284,0.012324994864995636,0.028938995026760717,0.0878208001020338,0.02672304327873566,0.010213841277146044
1883.4275141261771,0.01824079969663076,0.17790710190926529,0.002739289379600401,0.0019390408012051631,0.05582174099828554,0.12744596753297857,0.0012992538519183202,0.0005651176749565055,0.016259560946815327,0.11279242449399422,0.010685405494484424,0.004867932197482007,0.025943381268258237,0.06147822946788834,0.022099357170063876,0.012238223626646439,0.028841502868532366,0.08758800160260849,0.02666900667708763,0.01019032059243069
1879.8872368439852,0.018250069618058303,0.1776564487817477,0.002745355909851777,0.0019284530223458583,0.055908710146819036,0.12710680349194217,0.001289947562345969,0.0005721415920772407,0.011074597308644647,0.11217803084976632,0.010626162042901855,0.005015814805030788,0.029561973660260216,0.06325249523297975,0.022079238139324168,0.012299207896645957,0.028740602630370742,0.08749209009086614,0.026617878682576274,0.010175003125314308
1876.3602439043154,0.01807414379170856,0.1772398066755439,0.002738521538926755,0.0019340307146339295,0.05589432589264407,0.12707469109570163,0.0012851156635827717,0.0005682281858730273,0.01066046949213837,0.11007366533386757,0.010516505518730552,0.004953610891024324,0.028922379160741366,0.0630755092992019,0.021970585500860482,0.012297574782754938,0.02875796285746837,0.08718588581537035,0.02657010920464909,0.010153878695602374
1872.8464606760303,0.018122805770220178,0.17688809768048655,0.0027297692545117792,0.0019355536617363083,0.05574816095922075,0.12669882606775032,0.0012811190075420471,0.0005738734689381745,0.013180316072822893,0.10915002448265712,0.01040938208935497,0.0051058209418565256,0.025731233825911363,0.06557762929930763,0.021867056377819966,0.012265597788750167,0.028661019610467284,0.0871138238553111,0.026518748369181458,0.010136889702861616
1869.3458130859817,0.018160295605323073,0.17668315331543363,0.002736154899415451,0.0019079198420382337,0.05547900334839993,0.12641672583571734,0.0012699490530153712,0.0005643218165307435,0.012445669094429344,0.1116711795626854,0.01039121351064776,0.005014727326586523,0.02855467426997223,0.06239301555500217,0.0218949413357485,0.012230767302031752,0.02870914753728021,0.08688596974115814,0.026471351259536216,0.010116218472477831
1865.8582276138063,0.017974708621819973,0.17612511205200346,0.0027260311453202748,0.001908748484498906,0.055429156954394876,0.12619563541625148,0.0012760277614357939,0.0005519816024506469,0.011915542105040654,0.11283564998355093,0.010333087242295399,0.004891007537859258,0.029453169169422377,0.06086440365034839,0.021732024093837888,0.01212532789688945,0.028550522066443866,0.08684436084836539,0.02641889409226683,0.010100062114337373
1862.3836312867788,0.018005040585264677,0.1758818317149611,0.002694784277385944,0.0019071088129838814,0.05529552535642283,0.12596091286325228,0.0012899059588248412,0.0005500910026654923,0.013586506533862348,0.11138194586115675,0.010668290281634896,0.004667381812813935,0.027437317053103125,0.062128690951999715,0.021947827167634465,0.01211006262779186,0.02852242516192118,0.08660789827359733,0.026374594564072932,0.010081350737516712
1858.9219516747216,0.0179935205961714,0.17549260605331304,0.002712750938210562,0.0019054661265254886,0.05536683838752245,0.1258860434846186,0.0012540196486756847,0.0005630894366168222,0.011209430428617084,0.10893366778474589,0.010338934836989899,0.004887692004299445,0.028008062250403542,0.06284698924380364,0.021868537547020863,0.012081158426951354,0.0284698358203176,0.08650106271453262,0.026322519986247947,0.010063161944678036
1855.4731168849726,0.018014451532282583,0.17517711950503534,0.0026994139478002587,0.0019083321601934891,0.0550422904507952,0.1253646031545343,0.001318967657902308,0.0004947943530151464,0.013688768374420287,0.11133454728627153,0.01072471539822046,0.004507493692156637,0.027402137469741718,0.06349524139161188,0.02161008983482054,0.012475735590886518,0.028396020489168804,0.0862886655496084,0.026281165522264806,0.010042633759431742
1852.0370555574075,0.01766878069452189,0.1749134497109969,0.0027113375469099803,0.0018917189370476605,0.055650764120405885,0.1258128596128176,0.0013113357488266338,0.0005526441915568935,0.00742383301781716,0.10541653690667727,0.010386831847742466,0.004978802226488704,0.027420392945823463,0.06205398310882467,0.021241822877418815,0.012227442900219796,0.02831539314146903,0.08611304650801284,0.026223836733649704,0.010023826389527582
1848.6136968595195,0.01773659951303737,0.17443092971525007,0.002698369246089469,0.0018992984973429587,0.05574140549712732,0.12424843123991518,0.0012929293575390192,0.0005902292396391761,0.00666814740597525,0.11731145142983344,0.010152181804831096,0.0052348026229865185,0.02750541650587458,0.06177408729760944,0.021157842310110055,0.012110256904309903,0.02832553137618764,0.08593651380049144,0.02617974490649229,0.010003370441405302
1845.20297048155,0.018260815850148864,0.17418178949027666,0.0026839716831283398,0.0018844458920264657,0.0541801479995092,0.1244551215476019,0.0012227183940233758,0.000604000668540882,0.016413617181579916,0.1134626107980813,0.010174578787340662,0.004819536544528586,0.02858916669690852,0.061898088318243685,0.021852453492239975,0.0114067205521706,0.028241401571307907,0.08579673438327727,0.02612210351551855,0.009981828589182312
1841.804806631676,0.017912284256112302,0.17434963633637934,0.002686999490610026,0.0018835055767207906,0.05495115031708873,0.12435356387342861,0.0012340568050200425,0.0006307124046606995,0.009818841709407831,0.1111379749322205,0.009878830914768377,0.005527812186027092,0.02782042586272515,0.0622431241266699,0.021414123123881447,0.01186033473613773,0.028229880852729202,0.08566896944087478,0.026096477876047162,0.009961308843961406
1838.4191360312502,0.01759156314819016,0.17311226479018518,0.0026698050517121397,0.0018876271193538155,0.05425334094181683,0.12424255758768749,0.001238695271465871,0.0005671026082086617,0.01540563204914469,0.11232343789219547,0.010544649886668164,0.004772271014244652,0.0277432849948039,0.061205277606086114,0.021998963742294656,0.01197533893462792,0.028141431001154005,0.085510178200091,0.02603677450199602,0.009959867772806963
1835.045889910092,0.018633026317531887,0.17368829337729969,0.002676804669375019,0.0018734704967693927,0.054820613653335425,0.12404304878189301,0.0012636723884788814,0.000599799802654107,0.008936792151221902,0.10998522076613541,0.010341823606181758,0.004953990937239659,0.02567248805080419,0.06093700315078906,0.021485255409931334,0.011670610638064845,0.028109708663483435,0.08534392309157947,0.025990019299961087,0.009931209064067099
1831.685000001832,0.0184573154753667,0.1739429577099388,0.0026721199484551084,0.0018769768410560365,0.05429646021637454,0.12370825314714116,0.001291956965283126,0.0005439308603391118,0.011204414415004962,0.10957515295091523,0.010551554922738599,0.004567583224755624,0.028910398342580985,0.06158949142990653,0.021357088741831263,0.01189938375927579,0.02805555314535614,0.08518923424969548,0.025944634671746528,0.009915404801858149
1828.3363985393057,0.01741385850036134,0.1726130947356332,0.0026630079880347003,0.0018721459572150292,0.05451384034561295,0.12366316808175391,0.001237685280912969,0.0005544552112850918,0.01015561964458467,0.11026961324331208,0.010100258822530277,0.004854764509859174,0.02853854461317489,0.060073018501562186,0.021420058817624595,0.011913446051804619,0.0279651557827471,0.08504986002808983,0.025896452933449374,0.009896996765339349
1825.0000182500003,0.01856804927127304,0.1719999059460977,0.002660195123193614,0.0018666168371764627,0.054073981861131555,0.1235939259235509,0.0012528441594266988,0.0005659624144416898,0.011019127360532018,0.10829229393949415,0.010195389791491545,0.004811642602190516,0.026432601140332926,0.06131827753122397,0.02131487784324686,0.011806190682706533,0.027940335865748785,0.08485696280676026,0.025848701723935563,0.009881242317150929
1821.6757923515486,0.016735612751977037,0.17051129833061332,0.0026528849290734747,0.0018645001030958067,0.05423868715091279,0.1237399745321653,0.001243099395724484,0.000545855493693929,0.0099055046237568,0.10514558700675869,0.010197885895364234,0.0046338801158691155,0.02857050846862932,0.06223203458082971,0.021369365290190612,0.011741166615740404,0.02786889576714713,0.08474059474381654,0.02580320911333733,0.009861147287325095
1818.3636545472732,0.015667415816661256,0.17122348339158158,0.00265254422528559,0.0018555079488788385,0.05461221880131558,0.1230000393384305,0.0012356124131979536,0.0005482048411154338,0.013156931955285708,0.1111983027006916,0.01009098346512342,0.004729805213996101,0.025714001545044655,0.05970665509639916,0.021293383397020985,0.011743648745892276,0.027832624755157267,0.08455314122787373,0.025756287101342805,0.009843948445022111
1815.0635390217788,0.02023742765887042,0.16698632736615068,0.0026441101499432395,0.001860781080923203,0.05306389928448206,0.12345930703435878,0.0012320788400605768,0.0005683400862398701,0.011590489494439972,0.10951827523123744,0.010028274308061623,0.0048215026506919995,0.026045907153477193,0.061317939138679216,0.02124109101518048,0.011737127040752027,0.027727445204189308,0.08445189041043172,0.02570919901529974,0.009825149638610028
1811.7753804365943,0.013118404782753923,0.16673584461022495,0.0026389506854374235,0.0018571469451198772,0.05440282651479395,0.1235033612675949,0.0012339902997140014,0.0005469410316528082,0.010625277424711251,0.10701685832284319,0.010038030263551517,0.0045424282175691244,0.027783883482383087,0.06216505795380941,0.021192297291841748,0.011619477676323257,0.027681976171067272,0.08416883877280706,0.02566318464935408,0.009809411909463307
1808.499113925859,0.014217521545036934,0.17230401856732275,0.0026434537935024283,0.001844662381691717,0.05482985174516463,0.12215653015488104,0.0012471306450965453,0.0005502253602593496,0.011184622097874283,0.10750443757087352,0.010175628973449818,0.004720149293476257,0.028383063685958623,0.06061171582135506,0.021111882798953232,0.011855132411074039,0.027715154420473315,0.08411599491037411,0.02561735888858134,0.009792594391913961
1805.234675092058,0.018040056926114933,0.1663024810917657,0.002637354210847577,0.001851030312821758,0.05302670867273975,0.12307290943298566,0.0012456238293529934,0.0005483985026400744,0.0131567918872747,0.10668192170400624,0.010079112145469611,0.004672466376674161,0.027326194580701936,0.06004341261102215,0.02099235553373905,0.011829293532589569,0.0276266356023644,0.08393390349808023,0.0255706237855682,0.009772453570925821
1801.9820000018021,0.021687113605572832,0.17412238934627097,0.00262396196726395,0.0018461864797466071,0.05304176394667274,0.12126086884371086,0.0012393198983634893,0.0005543629644216252,0.015529721344471222,0.10622473643815776,0.01024939192434685,0.004833945823075655,0.023460963566954367,0.05972187972336324,0.0212077875989889,0.011791271663053812,0.027626256842550274,0.08382811404034962,0.025526226509745377,0.00975597518501327
1798.741025181655,0.017412085063143744,0.1713313369505107,0.0026322847909717047,0.0018394789834273921,0.05374247173477566,0.12134680502176456,0.001221885138464838,0.000542750954845273,0.010968703483564862,0.10942208110504521,0.009933150854053949,0.004755632897253011,0.02778995381506041,0.05890679550261553,0.021003199888908194,0.01176845331798371,0.02749192243066641,0.0836547644389775,0.025482142818637036,0.009736990246084789
1795.511687614004,0.019441623364159034,0.17291997624780298,0.0026156644307197474,0.001824935625138916,0.05331189886476585,0.1208362578154423,0.0012281016223124417,0.0005410317563731861,0.013469258470214063,0.10689697089592466,0.010064527824140522,0.004516159304307651,0.025586122485213632,0.06002544834932691,0.021052761426286037,0.011505700811879401,0.02749484858630911,0.08349303961157453,0.02543645574984871,0.009720708314068299
1792.2939247329753,0.015704240107518867,0.17032776963593543,0.00262011957044674,0.001826228586555641,0.053971094358321786,0.1210036787434195,0.001219813544633098,0.0005372300023352096,0.012632351979771484,0.10825625933571034,0.010040577847574318,0.004633071176074603,0.02515343635021478,0.05957502196754106,0.021058076646441912,0.011669823379017211,0.02743837925674506,0.08336121489925168,0.025392069997693376,0.00970699382780203
1789.087674420394,0.017231846700868234,0.16946257278878737,0.0026067310612412345,0.0018301537143686876,0.0532097552227161,0.12122123897088123,0.0012259881535255722,0.0005353813583182536,0.012321363746350473,0.1048939527931298,0.010020876691492788,0.004575037643029357,0.02719139022324583,0.05904737122896967,0.020938036135025068,0.011629003027629523,0.027419947459563738,0.08321550367251777,0.025346421447288155,0.009686538201325446
1785.892875001786,0.017131802201608096,0.17020221665371593,0.002597242173531907,0.0018265976224730652,0.05322041340269907,0.12069338814429864,0.0012200158949418713,0.000526446124050595,0.013934380211676374,0.10421897092104132,0.009963495812157401,0.004537931289770597,0.02547517473048881,0.06121460886873737,0.020920714995107535,0.011611191937235197,0.027328315286007553,0.08305923373743287,0.025300355513637126,0.009668000012223447
1782.7094652424246,0.016626622800610773,0.16885588401800947,0.0025983924570666325,0.0018173123601098364,0.05301453476102252,0.12048003581326532,0.0012374178205445776,0.0005264484861147192,0.01547444158588758,0.10666952434790954,0.010196015502589341,0.004334585002896413,0.023884423246948006,0.060265118801146454,0.020916563997205418,0.011475144209459278,0.027296096334330687,0.08293992141329364,0.025256338100602006,0.00965463894848327
1779.5373843434168,0.017018706758782476,0.168987930846877,0.0025881575710721286,0.0018123757790428157,0.053010245289847054,0.12009288942324685,0.0012231342490107925,0.0005364793862138912,0.011387297500881572,0.1067153802795967,0.009990281441429836,0.004506831251969933,0.02726021307915212,0.06101509589151838,0.020824904796232665,0.01152027743006501,0.027261364394618678,0.08280579414997744,0.025214009561786942,0.009633898717105979
1776.3765719378332,0.01688875660172245,0.16882484272158152,0.0025812084016174006,0.0018097969527265303,0.052738521465844415,0.11997795009417114,0.0012206407781755301,0.0005360800073068501,0.014466438687235456,0.10541649087684356,0.009996819494440617,0.004482613179115676,0.025943315274953856,0.06088334942541692,0.020825697989487708,0.011484918410329524,0.027175190095109717,0.08265019639971945,0.025166089800867566,0.009617219869847779
1773.2269680868797,0.016541467505342158,0.1687560135356675,0.002594681528216298,0.0017846156724964886,0.05314038378926737,0.11997161396447073,0.0012049653870379185,0.0005299185839812503,0.00955372618841488,0.10239341892296093,0.0098574578940329,0.004547265775953617,0.02664620209959601,0.06052050431566466,0.020781481205892256,0.011481365452233714,0.027127692550899203,0.08249096610565411,0.025123171175027027,0.009602281318485562
1770.0885132761064,0.016183504323332664,0.16734622121241796,0.0025894341459701768,0.0017920100677617597,0.052824663017009894,0.11975166320563602,0.0012042702617442976,0.0005223361370830095,0.013047075225832963,0.1063418114996936,0.0098619115961321,0.004476044790271972,0.02587413435764168,0.05831625958315194,0.02074920715646202,0.011463470511266529,0.027112689629802983,0.08230313653310166,0.02507874338133608,0.009583517415740933
1766.961148411661,0.0161493086176746,0.1669455267888219,0.0025348524935260275,0.0017410329584585857,0.052949602747802284,0.11971923709377809,0.0012119004804774672,0.0004989327606885531,0.009921816159330282,0.10241402334897588,0.009793352696471925,0.004473431172784873,0.025860487773024653,0.06143465559571167,0.020704073645192,0.01154800435271865,0.02709941847812596,0.08222073793840105,0.02503513547084295,0.009568135646187909
1763.8448148165787,0.01601554190945945,0.16670846478563947,0.0024673707679270067,0.0017837552668916391,0.052485058588683735,0.11956165664518088,0.0012491452261068777,0.00048702157006584004,0.013898845827661311,0.10385061245998359,0.009974249615008647,0.00420729314823976,0.02511110365129917,0.058683653005995734,0.020558388732951887,0.011437408114102002,0.027013014648733992,0.08204738013907675,0.024990438637598106,0.00954852276885559
1760.739454227113,0.016416924029766678,0.16657056667026457,0.002672054233598537,0.001832426460164696,0.05250689205422211,0.11877877304070582,0.00120430379398526,0.0005422395852454417,0.013114508332931634,0.10900517880430699,0.009993761155450384,0.004333264185041194,0.024166462513415043,0.05852611209392593,0.020496724440002813,0.011353271930630472,0.026968048187678575,0.08193354480915466,0.024944003650129516,0.009537050380440032
1757.645008789104,0.016087713884624953,0.16594524468609959,0.0025444262212734013,0.0018755553530096045,0.05232046199114293,0.11912754248456889,0.0012115738343766104,0.0005495344057903942,0.011870529910910253,0.10455081749805757,0.009917464172260344,0.004275725997469841,0.02696403749840718,0.057353070626091504,0.020564451358798617,0.011191327432519587,0.026915958792339417,0.08174784039855754,0.02490472443297432,0.009521344276911661
1754.5614210543863,0.01641578727476149,0.16575656724091073,0.0025974125789107925,0.0018092856619181222,0.052510423190762205,0.11860801009843176,0.0011891541678734495,0.0005390037030938803,0.007953826983363445,0.105264755692065,0.009794288048275855,0.00435899172003166,0.027565039377583322,0.059056783466517236,0.020543394474668922,0.011242286924160658,0.026893338446815677,0.08164617014097243,0.024861421977460905,0.009505245744262958
1751.4886339772333,0.016241489782916525,0.16567121885914696,0.0025673248362294296,0.0018248428035070312,0.052353200875318355,0.11850365379670943,0.0011996494026456639,0.0005201065990861274,0.010733436315088796,0.10360912378910621,0.01000255742308247,0.0040549769791159,0.025842792549219368,0.05944842302578992,0.02064242790193756,0.011220672147103644,0.02683868986937196,0.08148830868382838,0.02482201844807254,0.009486441183069622
1748.4265909108396,0.0161167619414637,0.16511159632509795,0.0025244545376345916,0.0017571664562392119,0.05201659929191595,0.11837582404838903,0.001222535381926993,0.0005267641606512267,0.013109821875018874,0.1047004337205023,0.00990364976078006,0.004421890085636237,0.025888787667790424,0.05786359536125307,0.020374848641893456,0.01132275929230491,0.026756878948528844,0.08136266823812437,0.024775181273648316,0.009468534075263463
1745.3752356038399,0.01604272270455068,0.16479323643368918,0.0025724571749547735,0.0017826330973653652,0.05172647500084884,0.11795203893519833,0.0012058412825624147,0.0005230595883744708,0.015044354068242533,0.1066545628460832,0.009915237563011756,0.004364554001798315,0.02506960372866999,0.05779218223665799,0.020402057927816207,0.011364621921372175,0.026728027050533988,0.0811708936907697,0.024732340176128263,0.009450939373015853
1742.3345121968641,0.016118436709935634,0.16437711276551079,0.0025349945838757026,0.001787160950318151,0.051951020421436706,0.11759419593848316,0.0011609554307770826,0.0005751816019255074,0.012156296447208486,0.10677374959165166,0.009436650005079397,0.00489281733253161,0.025195286206739487,0.058291389303324136,0.020418887911690123,0.01119983561835405,0.02668526534829825,0.0810857762974825,0.024688746934074995,0.009435201126862445
1739.3043652191307,0.01627167875135459,0.16426558381033532,0.0025547686613089466,0.0017760151317319794,0.05199912294197671,0.11769655062355507,0.0011683901808250124,0.000576169249440127,0.011207255972247848,0.10439268774623697,0.009624758889024462,0.004740568580029624,0.025635696089612147,0.058257764557408616,0.020457448888280636,0.011118189007303308,0.026671972542107788,0.08092023353983763,0.024648204275800317,0.009420465766832174
1736.2847395850697,0.01615922830366803,0.16399685714689907,0.0025282204252587495,0.0017864743317768186,0.0513964288295016,0.11747525873002025,0.0011777738417504304,0.0005427651753770576,0.013582912855844377,0.10392650865640247,0.009820936523518273,0.0043354456163780565,0.026234830786884662,0.05806562510783031,0.0205467686450968,0.011086910809785331,0.026603370349871442,0.0807872617572025,0.024605816692852805,0.00940467892802716
1733.275580590988,0.01619626638322597,0.16378113510511172,0.0025264045769612382,0.0017855434862476482,0.05240921959313983,0.11702247830509992,0.0012092431514703116,0.0005093331102304236,0.00648444880255804,0.1060449604439375,0.009971620054674318,0.0041775579146087856,0.023581296769411533,0.057434621492720585,0.020333102265586957,0.011294097043110109,0.026552188366662278,0.08061285785765082,0.02456339509192418,0.009385994587088956
1730.276833911765,0.01607354512297449,0.16355160540779795,0.002517824440244204,0.0017805508457171748,0.05133144939920027,0.11754172370367495,0.001177497295825463,0.0005052214404816445,0.013688312449532584,0.09930652201930595,0.009712082182714578,0.004148992111006548,0.026589589634530196,0.058318208036607415,0.020360599967364536,0.011221986584675207,0.026553263073631875,0.08050758536673315,0.024519042999344896,0.009371041402897412
1727.2884455975823,0.015995614140005873,0.1630832252186798,0.002520035016094596,0.0017721782805545517,0.051473969118909085,0.11645427998406661,0.001223344358898187,0.0005152803519915208,0.011164163940013046,0.10741036003785454,0.010010905792310704,0.00406674208848896,0.025352811098792644,0.057321254529197466,0.020132325942532416,0.011141004961271956,0.026448767625259287,0.08040087255414857,0.02447888991357428,0.009355306371149398
1724.31036207069,0.015771746398771533,0.1627655381690437,0.002519200145193119,0.0017611025333462266,0.05122940515764968,0.11656748379157827,0.0011714415916928235,0.0005452268190003102,0.014441879754561978,0.10395336732427861,0.009584007170186457,0.004660561986991734,0.02557181984519383,0.05766208216868129,0.020188101364759112,0.01126250785072338,0.02644432610411317,0.08020106631327398,0.02443669038536505,0.009338811892698416
1721.3425301222035,0.01611643312947709,0.16286465450910312,0.002511858888899807,0.0017679249966162673,0.051445159482315775,0.11630969441956358,0.001119755691599212,0.0005484903302936551,0.010497754619888293,0.10529834189585499,0.009082659733743371,0.0047413240369065255,0.026052916170629492,0.057388170134905256,0.02017960737073652,0.011124252373847676,0.02640094356866937,0.08012929032781502,0.024395534210744883,0.009322078012527234
1718.3848969089352,0.015956849240749308,0.16235381849818978,0.002495225995997821,0.0017565515879643125,0.05162167582825114,0.1166083545938396,0.0011344916253151647,0.0004815079408255842,0.01082310950672871,0.09978422963803411,0.009265393245546458,0.00414782096366172,0.023621101434717736,0.05733788851012824,0.020189127712777512,0.011025020942823505,0.026337234445103854,0.07994430235693144,0.02435455304120323,0.009308722758323437
1715.4374099502577,0.01579436117352441,0.1620657384911154,0.002514313893653568,0.0017469496949118735,0.050446640827171395,0.1164528486802518,0.0011842654084111815,0.0004592199928716042,0.017850858008050786,0.09965585352145605,0.00982286120804036,0.003753713415374136,0.02576814780553136,0.05833429189387988,0.020173777710504735,0.011067288983540867,0.02630927347534516,0.07983916610426037,0.024312191110972006,0.009290663535888609
1712.5000171250003,0.016092292179817256,0.16185501967156685,0.002500948953859032,0.0017514466318889585,0.05095496037706706,0.11555948305144517,0.001198958330191414,0.0004858274448407866,0.011077470049566409,0.10711666869123823,0.00983807042866333,0.003834296976119125,0.027283893278738227,0.05637723982561402,0.02001540744267734,0.011034343174928705,0.02621894740728015,0.07969718953695688,0.024270954331204315,0.00927622288658045
1709.572666668376,0.015806912293926507,0.16146525781632248,0.0025013087421981183,0.001741653535812182,0.05055547704914246,0.11584169565984316,0.0012053098276620885,0.000513398518784265,0.017277438543641114,0.10144028776350075,0.009838612005861043,0.003986576512594483,0.023293379553219355,0.056729810523986124,0.019916290899499183,0.010998572082309815,0.026194164245023514,0.0795248120343047,0.02423062571264155,0.009259536904325703
1706.655307168942,0.016035291170653967,0.16128137338425214,0.0024921130014701103,0.0017454104904474864,0.0503004416492482,0.11495291766616368,0.001171196745352153,0.00052437898718734,0.016656315016682445,0.1054153780261677,0.009563658878695059,0.0042670787181623435,0.02514211843532837,0.05927002265578293,0.01995457073007297,0.011011999446499098,0.026212478491069276,0.07942326957508476,0.024188911011167477,0.009243998705355838
1703.747887565588,0.01591102790894032,0.16076605964897991,0.0024907019307891095,0.0017382510563965202,0.04999739816364119,0.11560428392181486,0.001170568460747697,0.0005117528901043378,0.016685095335672032,0.1009375920409695,0.009551653263182656,0.0043367645686390064,0.02714628927913218,0.05533228540843832,0.01989731636870205,0.011219358313545189,0.02612064527468908,0.07930077370870106,0.024148229728112862,0.009228374773300789
1700.850357144558,0.015459154171933808,0.16051584511013844,0.002479657346197557,0.0017395280429005709,0.05041874055934961,0.1141309517680192,0.0011495764238741348,0.000526530741001337,0.018042736603698005,0.11246887289085329,0.009387727327485456,0.004395012949742953,0.0233376943057567,0.056685737127439864,0.019940949049012995,0.010985347992571438,0.026145991785262158,0.07922007208031502,0.024110280543132474,0.009213175644589757
1697.9626655365028,0.016046984737150848,0.16007812686131676,0.0024863394906697966,0.0017242554921168358,0.05112455292842183,0.11395933052530753,0.0011454669776891206,0.0005024389123005588,0.010276685680363277,0.10978706497515105,0.00948354598198193,0.004247709718457723,0.02417604278641318,0.05828506206862253,0.020020723848555542,0.010988094308920882,0.025992400348208978,0.0790759149979441,0.024068090392181676,0.009201459480453889
1695.0847627135595,0.015903919486721867,0.1606676930327367,0.002482273604876382,0.001726184128742314,0.051204072826996384,0.114035062777725,0.0011475366191840354,0.0005121444342700039,0.003932373643144707,0.10668628675688963,0.00936912185218196,0.004110832871064697,0.02633190004135593,0.05708268488054733,0.01983240207748269,0.010830158962067356,0.02593749845210795,0.07893345757228357,0.02402247020696542,0.009179788446679975
1692.2165989864639,0.01629455531428935,0.16059114699561333,0.002481338390837323,0.0017381309284848609,0.0517946533176611,0.11460060937296247,0.0011412955167456069,0.0004998577173637561,0.0028401772755802307,0.0969800304868027,0.009395173704702225,0.004088726698410901,0.023024916283490873,0.05815180106428548,0.019882492637013242,0.01090836713693213,0.025867762790922292,0.07872321196745176,0.023985356956176193,0.009169556919029806
1689.3581250016896,0.015917293575019517,0.16024456266796186,0.0024611258208453953,0.001721833955135491,0.05017683015003879,0.11627582146817281,0.001162843113664848,0.000490952658393055,0.020777595961062524,0.08347782735729413,0.009550892437559593,0.004068437693593543,0.025732866497160844,0.05281694879956317,0.019814593018289122,0.010999898170553425,0.02591281296436339,0.07850146590128047,0.023949171932225264,0.009153422772404697
1686.5092917386175,0.015942535623161152,0.1589225783178498,0.0024795551849810843,0.001718328343328008,0.04918007586155095,0.11369099737034571,0.001156205390081538,0.0005060155529185385,0.023569408174620263,0.10551624483589864,0.009466553550415863,0.004062274404936093,0.02219069170159838,0.059017785976784566,0.019705337167492936,0.01082735213808113,0.025955008329022453,0.07853251730922046,0.023908682755237887,0.009135635877866456
1683.6700505067345,0.016046909603502676,0.15899667340486406,0.0024590609214108845,0.001735075871707792,0.05122015622648755,0.11369801360463772,0.001140586655126333,0.000517829123535235,0.001792318401813462,0.10140603401839633,0.009339474145907987,0.004181537746589387,0.022315769322762524,0.05853222485333927,0.01973297921664128,0.010821247516341106,0.025733230000056718,0.07841000351153297,0.023867886955617566,0.009120008034471458
1680.8403529428576,0.016059819545048246,0.15932205891411216,0.002440459855250031,0.0017310689424594326,0.04962074740684911,0.1141802790128501,0.0011402736721067774,0.0005032135914177572,0.015144500454810216,0.09504799131512275,0.009307161688678732,0.004112450433144498,0.02459819604137082,0.057154642973960224,0.019691670623103744,0.01082858642185973,0.025769660010544697,0.07817869090084181,0.02382809325447517,0.009106166278984836
1678.0201510083893,0.016090346936482303,0.15799179845715192,0.002450885616806502,0.001690788282844143,0.04929759925880925,0.11336502313525522,0.001141090344769934,0.0004941638117181087,0.014438018487280971,0.10390069533717343,0.009273380100797196,0.004086303668048179,0.02863717916078737,0.05691818212148877,0.019602123831140142,0.010822249117230223,0.02574789204346289,0.07809498100783917,0.023789123225688713,0.009089708190408977
1675.2093969865998,0.015199758226338117,0.16008546064399454,0.0024431656728577627,0.001753127603353671,0.049234524809967865,0.11262942082069705,0.0011302394933141145,0.0005027954244513113,0.015162803746157404,0.10341368181042788,0.009237183937541058,0.004046819039121336,0.024718813577310324,0.0574125207667031,0.019637698270384567,0.010755020935547045,0.025788642680875183,0.07798649811052542,0.023749306888615873,0.009074978679246516
1672.4080434799332,0.018491354386632672,0.1575696850084651,0.0024899455303466407,0.0017122470654699113,0.048918238436219626,0.11299743940388973,0.001131282125844434,0.0004869553090764328,0.012584360984255536,0.10282181325411716,0.00933046186591537,0.0039373921432358785,0.02573406154349834,0.05526309180307324,0.01959714390860983,0.010804012369254474,0.02565320378838197,0.07785404482328437,0.023709945615025495,0.009060967134647272
1669.6160434073458,0.016929666847034164,0.15850381940509192,0.0025032076095752188,0.001604071677282802,0.048909303746255725,0.11227339834451082,0.001137326822863384,0.00046854469957476714,0.015868276497663297,0.10596572189778028,0.009369248912806554,0.00393749259203598,0.02433794268392502,0.0558842722885888,0.019527146327565092,0.010800585418610158,0.02564952991097914,0.0777585544885466,0.023671074699814495,0.00904522891188604
1666.833350001667,0.02315592263593589,0.1533583888444787,0.0025845897515700427,0.001705522694215195,0.04893700666850328,0.11331648343551726,0.0011195256732496105,0.0005044280047155415,0.005241172736605517,0.10335718064285297,0.009472904951062346,0.003910313865876343,0.025037648994527543,0.05702863107465278,0.019557443369003166,0.010708046562126226,0.025522566775916643,0.07757514196972216,0.02363177845402494,0.00903115855043905
1664.0599168069887,0.017008872015954864,0.15068243953245375,0.0025334490796619868,0.0015124479337780728,0.050277717274767854,0.11401528030336944,0.0011203859417141249,0.00047079070553639977,0.0136932555975461,0.09966509055670154,0.00922769597722067,0.004036695342119013,0.02430022410437285,0.05437310602791491,0.019435611279222505,0.010645773172474454,0.025542582132664818,0.0774971887282282,0.023592269357255995,0.009015108152350145
1661.29569767608,0.017820609057040956,0.16287805161870753,0.0022501161507355086,0.001538765408074514,0.04859669480890716,0.11044818045281118,0.0011751806392869327,0.0004396812913437925,0.008196233878383743,0.10878713226570351,0.009177299026270224,0.003930020741272187,0.027311852854737563,0.05582359739336391,0.019475848041594992,0.010598631803192624,0.025494346022761915,0.07735597313640738,0.0235543314366109,0.009001745350149247
1658.5406467678279,0.008681936535682765,0.1626635116024101,0.0026434133660826332,0.0018221276509732388,0.05047811610617502,0.1109846184312028,0.0010772096864908223,0.0005270730241623241,0.008729018565663148,0.099146776048425,0.009373948703059071,0.003754330075300534,0.02523388920210525,0.05654745318696324,0.01955262085370868,0.010569882621476623,0.02543320404439067,0.07730610021433845,0.02351391596816628,0.008987856650273431
1655.7947185447024,0.014075634818600522,0.1533860230816467,0.0023707379602944654,0.001811726646382419,0.04960264638975136,0.11222303921819103,0.0011392099463028538,0.0005072933717970353,0.016373911287701874,0.10295642635723555,0.00933580612856157,0.003977912802730217,0.025109781797062986,0.05626530567133485,0.019444344245358278,0.010834402970639244,0.025517398743173398,0.07707814087727793,0.02347711134548195,0.008973474134713458
1653.0578677702483,0.01316712112660551,0.15665620177270337,0.002365832788579354,0.0017681357201820827,0.049687145807603694,0.11127776264921584,0.001152315742783566,0.0004985116493084422,0.011571041078312715,0.10385134061210095,0.009449857585771562,0.0037873514836572293,0.02481595664413873,0.05533806463615994,0.01940344316007994,0.010662720059250633,0.025371051826898194,0.07693422616862727,0.02343983643481736,0.00895623673682411
1650.330049506601,0.014485954196453968,0.1551223804020984,0.0022718345922764192,0.0017696266491010275,0.048557797426230884,0.11141217568475045,0.00115819867687247,0.0005180214589012422,0.0205235835873657,0.10478501173683118,0.009146800176931296,0.004227813519101629,0.023655546993383552,0.054416701230614484,0.01920402001439328,0.010764102477219322,0.025430805276954013,0.07677979473540951,0.02340308880412927,0.008941288450041288
1647.6112191120264,0.014570021223931095,0.1552311063731856,0.002356914024822893,0.0016883120895263496,0.049032755026488226,0.11071579219548348,0.0011233162919531132,0.000493753185011515,0.012333823403280103,0.10721369388098197,0.009128841912212027,0.00410839171311061,0.024611595744149974,0.05527838699550017,0.019360645304500813,0.010718153325768571,0.025127470762936383,0.07665639528968379,0.023360472692873623,0.008926395345585337
1644.901332238487,0.01441194182033014,0.1551867836657499,0.002346451952349434,0.0017166419803315558,0.04929035806626598,0.11074230649640662,0.0011363231667776402,0.0004932840802334406,0.010083867398340857,0.10409195565275343,0.009224914272739157,0.003919060236913083,0.024363262654506175,0.05498127223292273,0.01926725878508375,0.01062086023140036,0.025249816650224993,0.07670912575248208,0.023323739808221382,0.008913317846616052
1642.2003448292285,0.015199657173299984,0.15466590399615432,0.0023443379382473662,0.001697506983929466,0.049341668313354486,0.11119114875836295,0.001119737212845802,0.0005057183767570262,0.008228379703062704,0.09938469068633558,0.00904265021994374,0.004147010194511065,0.02296434110375935,0.05503387393067216,0.019229916354485208,0.010590182438850047,0.0252300320833754,0.07643601516396763,0.023286451108414135,0.008898189493003219
1639.5082131163936,0.015304316384667513,0.15375471405233118,0.002346389523936813,0.001691632510367409,0.04838637151570092,0.1111814880451724,0.0011026650531018403,0.00047329504344109603,0.01478962677301252,0.0976766029686279,0.008907910638870056,0.0039040516777883003,0.02519955355928918,0.05520183460369875,0.019205665981520296,0.010580466343936638,0.025175950576562134,0.07640610937343058,0.023247548130209413,0.008884512497469669
1636.824893618658,0.01461205694763076,0.1538415787959326,0.0023527218588041067,0.0016886561272104698,0.04909023908738135,0.11051521620496674,0.00114586061689279,0.0004637110322113583,0.009372178101221953,0.10156111128101077,0.009309650599312092,0.0036588129227617095,0.024463443080365084,0.05557652936768281,0.019121998944443826,0.010631665484122359,0.02506153041501531,0.07619735217100569,0.0232102289183084,0.008869727850269371
1634.1503431388892,0.01470340756335882,0.1540541166607572,0.0023393477482430845,0.0016906357570486146,0.04856789848107919,0.11077238823367518,0.001123684796874244,0.0005144797150810726,0.011366334609388391,0.09671584759625683,0.009120823447158801,0.004054400855285232,0.024983634201313255,0.05587496709660957,0.019144217399870427,0.01049213989498295,0.025114550978785434,0.07612292118734278,0.023172799638894574,0.008853701728687867
1631.4845187618273,0.014811950783073496,0.153266076542441,0.0023225183717830405,0.0016776086911191395,0.04901743419445136,0.10980627221594556,0.0011009487455988386,0.0004868393839650696,0.007517339896423536,0.10571677111541627,0.008875105367333845,0.004076884596682499,0.023456852031865563,0.05439631012515806,0.01911844311495936,0.010564893027611029,0.02510744059022488,0.0759239641418488,0.023136778243563215,0.008840926439883602
1628.8273778517919,0.014641765445694536,0.1533729268932761,0.0023448752651707185,0.0016566393090915077,0.04867746097593873,0.11029401087994996,0.0011079724383713345,0.0004760763839120989,0.010441821429342815,0.09784552266029156,0.008949101803798595,0.003955694445230093,0.023779752047807027,0.054517643626397314,0.019047137601900643,0.010592436678682303,0.025120644854772663,0.07590808680623215,0.023097264746516036,0.008827391999866664
1626.1788780504069,0.014489356815134557,0.15298844704890135,0.0023381568209040996,0.0016628379323678645,0.048666776782730174,0.10979838731433748,0.0011107971068570705,0.0004729410433124061,0.00843465337117335,0.10229843774649733,0.009021707287026412,0.0037545812430141664,0.024615057679389672,0.05366945923627743,0.01905108629913698,0.010414787264679138,0.025084421464960812,0.07571423917299419,0.023061242196324633,0.008811171892384013
1623.538977274351,0.01456874889803174,0.15291860523180043,0.002345982809137117,0.001652153445634151,0.04839730120970835,0.10978407966536721,0.0011246032015727048,0.00047302178236567643,0.011833040819137155,0.09991836424602983,0.00919703198473268,0.003752912512858138,0.023678816770288314,0.05363385330913133,0.019029758480247547,0.010449548870233905,0.024995543589238854,0.07563871754901079,0.023024550370355203,0.008797736330278767
1620.9076337131285,0.014628538752574154,0.1525731320042293,0.0023384149163917585,0.0016572396259297813,0.04827088778715874,0.10947956583185076,0.0011095584227737117,0.0004846465123759533,0.009164982890379536,0.09859448673426402,0.009022960101728468,0.003927639708626117,0.026620192068345906,0.05664810314198992,0.01898806506456394,0.010466828031413198,0.025085694759937795,0.07544545519937157,0.022987598784300588,0.008782125812510361
1618.284805826861,0.014595745687728246,0.15234231173448276,0.0023442448081502335,0.0016485527041044952,0.048549659780842185,0.10921373858263927,0.0011097399850898103,0.00047123662473013973,0.008636623658341785,0.10062885036319928,0.009016872895909007,0.0037277596424086074,0.02325956872739742,0.05489546202811417,0.018925466641914603,0.010385328486025972,0.024932258836449426,0.07528438288986608,0.02295129336371085,0.008769480851394671
1615.6704523441035,0.014459553769273487,0.15206293224367926,0.0023347598296677096,0.0016557525770612691,0.0482197950822421,0.10938873834162746,0.0011054404382801121,0.0004832507662679584,0.011323660575732678,0.09742322128894308,0.008987867228045126,0.0038454712661191723,0.022506010253831237,0.05418761518261814,0.01890970633489884,0.010431514655889203,0.025265266061847064,0.0754207526067315,0.02291473256677928,0.008755669444797783
1613.0645322596777,0.014648717879317229,0.15175667955197697,0.0023255381002262646,0.0016466460712440043,0.04828653402075596,0.10910823384302865,0.0011012850111764606,0.00047187415723250984,0.010479183652280745,0.0996752123002928,0.00898299371724454,0.003857379793170443,0.02466538296389306,0.05339441117778156,0.01893385811914356,0.01043982879587467,0.025079322686020204,0.07494789288281319,0.022880764878145086,0.008741936437463219
1610.4670048325283,0.014395632728795212,0.15165158992498678,0.0023275137741118664,0.0016342665706558061,0.04751845077089665,0.10889250480906214,0.0011086156337021449,0.0004799916734462072,0.01518119842797212,0.0988792181691564,0.009100232492673036,0.0038658703530491372,0.02301228200726208,0.05301093611906809,0.01893031805723262,0.010431965673212728,0.026620251519091673,0.07521877782260461,0.022841688168383955,0.008732286972517963
1607.8778295836014,0.014546364994156779,0.15139697557616372,0.0023273244388355686,0.0016392355743628758,0.048478548660317346,0.108271196456976,0.0010834576144368262,0.00047919308734087123,0.004795465484149159,0.10076773346041164,0.008835248922584603,0.003856696676167686,0.024682277872889808,0.054468907464212755,0.018876027579694806,0.010318203064250953,0.02481418627294937,0.07773651464701078,0.02280349020442047,0.008715588223622152
1605.2969662937403,0.014294154285520066,0.1512063297710547,0.0023186916172137926,0.0016337335073909529,0.04749093811330186,0.10909209631393318,0.0010972632604922628,0.00046571016669361137,0.012819749992670534,0.09429963489267125,0.008927672482234616,0.003765546335796825,0.02507777794588903,0.05290853420921844,0.018806217270217612,0.010406834791114481,0.026077987972348955,0.07410341154437784,0.022763938092046045,0.00870373692491289
1602.7243750016028,0.014500150895177163,0.15080898242587454,0.0023205334054116145,0.0016271219605313537,0.04803261597958244,0.10829942269352952,0.0010947760588544352,0.0004761923869653338,0.00760136262927473,0.10054679941595197,0.008924822693101164,0.0038017221661352865,0.024066229564352545,0.05210235913775722,0.018775828871668766,0.010319350038324243,0.024258596969627767,0.07367604635703111,0.02272838557898803,0.008681432452959005
1600.1600160016003,0.014235083583493218,0.1507909479425508,0.0023334831848441963,0.0016367867545411647,0.047267246737011985,0.10856544241203454,0.0010870598712995588,0.0004709081836877739,0.014407361844005425,0.09636548868345109,0.00882502176536377,0.0038481985247684407,0.025048667769029764,0.050234598773203736,0.018702348648059475,0.010394466537209966,0.024226664766235046,0.07449644400150127,0.022701620804316678,0.00866998122639798
1597.6038498418534,0.01459955479492443,0.15026939103097592,0.00229204618343025,0.0016030717576184248,0.04787714035849481,0.10738983710587821,0.0010928811617898983,0.0004700991187153639,0.005000944617562268,0.10480411042361315,0.008800630816043441,0.0037753010253419217,0.027162436332243536,0.05328575738498031,0.01865555157329494,0.010264384333794545,0.02428831776474907,0.07438646926349306,0.022660003962890113,0.008660936159598247
1595.0558373221693,0.01444712098043478,0.14992276444305444,0.0022959391558193794,0.0016568224489951486,0.046749426024648724,0.10804536366424984,0.0010783692855818906,0.00047010686235653213,0.017121736330663502,0.09658759077474705,0.008751607159154877,0.0037236244655144053,0.02494385133240541,0.054322956845988035,0.01867114389084837,0.010291722854993055,0.024426776051088537,0.07426679108775168,0.022623438534001682,0.008642269993457862
1592.5159394920386,0.014473816265407538,0.14935442754412398,0.0023474346983581797,0.0016430241028331004,0.04632188241778256,0.10680707233090378,0.0010865175843660646,0.00047483962258430915,0.020740042249318025,0.10876017688533769,0.008871617327883025,0.0038067742097151794,0.02586555011201648,0.05284074998174454,0.018616788487292056,0.010298301428629048,0.024539610566011755,0.07410234816037715,0.02259092753180085,0.008630278158091283
1589.9841176486489,0.013469355171425869,0.14982866837167283,0.0022878395796116667,0.0016660099131803523,0.04490950978665146,0.10937121574967498,0.0010851520356412747,0.00047625213790418485,0.04073196609509256,0.08550769757560353,0.008833718214395263,0.0037204580544744847,0.026179782923284437,0.05158207925666474,0.018616690424161583,0.010278539443619589,0.024394719353813134,0.07388428571463211,0.0225552413069091,0.008617506204339353
1587.4603333349207,0.014633345972500695,0.14977207308983945,0.002284821764384789,0.0016142562532955422,0.049030321171229026,0.1093474536716606,0.001065430214693019,0.0004514105236297708,0.022584195116370432,0.07796354110720788,0.008698561454740185,0.003613194557492098,0.025182991817290334,0.05220102588698889,0.018657733306920367,0.01025177730290289,0.02430583826821169,0.07382218629508598,0.022519163246618373,0.008603157432545208
1584.9445483375596,0.01444400846194983,0.14856361734198625,0.0022831281542672957,0.001636398513626091,0.04702059758687285,0.10722831663606933,0.0010929854384604393,0.00045746923451799753,0.013967234060494787,0.09689498426003264,0.00881870285124686,0.00368833935683376,0.02308785784285875,0.053946793455596526,0.018496855922923616,0.010264070244655562,0.024290314232942957,0.07381621631389558,0.022484903236727333,0.008588990006183315
1582.4367246851268,0.014044159249856745,0.14926664778395488,0.002296049227437182,0.0015995572298068412,0.04707439500175309,0.10799315955673217,0.0010773884747315421,0.00045763244207082957,0.01564338576004825,0.08836363899495632,0.008787202295304145,0.0036848403800868383,0.02329359579380736,0.05090848309004671,0.01854445609616224,0.010204212938503791,0.02428003724923736,0.0736949295175287,0.022449136016156886,0.008578572614825192
1579.9368246461297,0.015213008827940931,0.14780646251827714,0.0022928992882580122,0.0016168606953933893,0.046663366738933856,0.1077468984629388,0.0010733517717976533,0.00047062745460539217,0.013098219092959251,0.09105976315271555,0.008735131322049802,0.003797171161325308,0.024535788759788145,0.051341289227928064,0.01851066232557332,0.010228125276005704,0.024174716478170596,0.07351732146023135,0.022413558749057608,0.008562112664064139
1577.4448107271296,0.014416756685034043,0.14811556868460649,0.0022827067368716585,0.0016128036646491661,0.04646610842548863,0.10689200373896114,0.0010782032880552617,0.0004609827781603926,0.019137408381253013,0.09655493256320043,0.008835209043624186,0.003673111823036445,0.023923575292801567,0.05211121694933365,0.01853963813645043,0.010204513067146785,0.024197702571127456,0.07348561024489546,0.022379595903891665,0.008551102534172836
1574.9606456708664,0.01621652823196753,0.14609688255238246,0.0022770304709630665,0.0016035273798810188,0.047088514126184484,0.10732481987511447,0.0010728493832266536,0.0004656962364563444,0.006498791988880791,0.09495857418675611,0.008765688307349412,0.0037719064659009318,0.024336608902083837,0.05120591368556145,0.018490085679091016,0.01022364952821788,0.024176295368063663,0.0732663782589127,0.022343260219684014,0.008536033832863233
1572.4842924544027,0.01345404448761444,0.14556992174689992,0.0022776469423393493,0.0015988144536978636,0.046341861640251836,0.10761954354782298,0.001067645972042352,0.00046096027224557114,0.020841607875991906,0.0872883920520907,0.008754404356435977,0.0036938335719754706,0.025073150697221113,0.053318963387905594,0.01850215686378061,0.01016830887396428,0.024059489454751927,0.07323964773800529,0.022312030401465333,0.008524698746714585
1570.0157142872845,0.015466121099598652,0.1485527382199585,0.0022690122477101206,0.0016025068024026284,0.04577241654448126,0.10532926422635262,0.0010873877573605803,0.00046026152704259186,0.023700206847351052,0.10538235990734822,0.008902900201497376,0.0036825328753155914,0.023970558313838715,0.051792106584117086,0.018426294066844814,0.010210685743611192,0.02410379831851565,0.07312366369494254,0.0222749541254803,0.008510793446826096
1567.5548746097181,0.013189254480616287,0.14979917990630284,0.002269034044350725,0.0015987371288817222,0.047269758204795356,0.10661148356927497,0.0010447080759629084,0.0004576529850035386,0.004819822451300811,0.08675639992542014,0.008445249752763886,0.0038640615690127343,0.023610813320257013,0.051231956066523116,0.018351966929922484,0.010298294125715823,0.02404948357468926,0.07303596267139416,0.022241935539135647,0.008497508285312606
1565.101737090767,0.013287525129784988,0.14729126677015006,0.002268851289557609,0.0015895485954557393,0.04568030656380686,0.10587734005485319,0.0010603377874932635,0.00048400520558440657,0.023092766519857144,0.0959050260300139,0.008575502601158148,0.00393139924168108,0.023217345247463144,0.05228089358918734,0.01828871893016544,0.010107724947911437,0.024027699868905295,0.0729074993871083,0.02220597312850084,0.0084832681132981
1562.6562656265626,0.013219002133393755,0.14784241679847065,0.002266408282933368,0.00159048990755938,0.04579668194495195,0.10526883121278167,0.001056653189092667,0.00046832022268891184,0.020646862606181763,0.10074064357154017,0.008454630154413615,0.003954746619630728,0.024257403172339338,0.050452873454281774,0.018167044235717456,0.010240194414337935,0.0239334749682797,0.07282227946826257,0.022173515904954904,0.008472929495417707
1560.2184243385336,0.013542912472095495,0.14708231381794254,0.0022662559528055593,0.0015851125145962075,0.04570149545831288,0.10417416805655293,0.0010648359972956337,0.00046648491777468587,0.026812731717944963,0.11013186173988121,0.008647638760027877,0.0037909389204068525,0.025791488686013216,0.052847300192892674,0.018248629979001806,0.01012435450496768,0.023985311703571634,0.07264887740873666,0.022135797475890576,0.008459679557817389
1557.7881775716512,0.01374097598761151,0.14683074243500632,0.0022590290384441034,0.001586642606571231,0.047277726386374536,0.10498863465049924,0.001058740445437131,0.0004577302840445326,0.0062690743059587994,0.10054088223944854,0.008574891449135645,0.003591227310396678,0.023342076478220636,0.0528876356995524,0.018197233299212353,0.009965988075664024,0.023799375902436873,0.0725393635165332,0.02210476057453806,0.008443918202311423
1555.3654898926907,0.013563996729891562,0.14655481592960892,0.0022535367143268897,0.0015753056112097416,0.046600452247903865,0.10479805578486726,0.0010603283997954337,0.00046470091749800907,0.010640708029673257,0.10010104429304599,0.008605050757618452,0.003788286252001815,0.024166508661154332,0.05204215900349846,0.018200420456561978,0.010071617885014436,0.02384625108445431,0.07246431366067224,0.022070488601974702,0.008432967175392264
1552.9503260885094,0.013794387317511406,0.14616762733140273,0.002260442391512627,0.0015723743664231588,0.04688141807771167,0.10549516390993041,0.0010512067759635456,0.00045767407188685794,0.002198992342494164,0.0910097370929889,0.008548984576102755,0.0036427811699052378,0.025125480058566515,0.05303439322894459,0.018181638994417645,0.010017689998534574,0.023760206828416116,0.0722687982896746,0.02203468837580384,0.008419206687199102
1550.5426511643414,0.013730981731326029,0.14579007576470762,0.0022381811241680696,0.001585232917896682,0.04609290947431532,0.10512840538265904,0.0010582593208640673,0.0004599302492977969,0.011994868423841313,0.09357264626516158,0.008624553678663185,0.0036940490994646514,0.02329160842438953,0.051890552181292106,0.01819134582492615,0.010078856265721801,0.023974411195465572,0.07212353803806043,0.02200248222602794,0.008407944211202795
1548.1424303421054,0.013417254290382973,0.1456931134716253,0.0022566247073931866,0.0015662016469542947,0.04605647710108537,0.10507896489718316,0.0010498707844015073,0.00045848629016450026,0.010759022127037231,0.0928170505578497,0.008538594654283154,0.003760908472194873,0.02396835506860935,0.04997347334276216,0.018117320190525966,0.010056610109593437,0.02381443201923279,0.07218687113648332,0.02196697009515987,0.00839307991844982
1545.7496290587328,0.013513731326953677,0.14563268139569135,0.002251917478996385,0.0015686585911358763,0.04613343682590047,0.10466456893730286,0.0010473872352164475,0.0004578398366309666,0.009457376075082347,0.09382934554928889,0.008500667068457642,0.00372293817259043,0.025753965601738944,0.05195648398953834,0.018077562671641276,0.01004596523695971,0.023689996976291806,0.07197804159465863,0.021934830002404527,0.008381373779365183
1543.3642129645066,0.01358669722999504,0.14519866552225547,0.0022462414062941268,0.0015720517675111092,0.04610399120798219,0.10478501773012867,0.0010472341473495735,0.0004536153836450381,0.007091016113780989,0.09047597695218035,0.008532337512624352,0.003618980501716072,0.02496452237415691,0.05252553924747716,0.018078280853075883,0.009972903291767643,0.02372904598427941,0.07191252601574134,0.021899447011076482,0.00836741542389053
1540.9861479214178,0.01348866948012256,0.1450198704970452,0.0022161046854985355,0.0015752291363464615,0.045714901789396016,0.10444635176003433,0.0010541862455323316,0.00045892216634796444,0.012506639488932273,0.09195679260132275,0.008578563898307873,0.003651155463026954,0.023716624778458793,0.05236887824535117,0.018062735293198132,0.00989637643635856,0.023660513497798016,0.07173438513381244,0.0218679085673395,0.008354597149022211
1538.6154000015388,0.013405689025816151,0.1448223620678389,0.002228504556049491,0.0015372824457197817,0.04578796755906921,0.10412175694569058,0.0010463572886074328,0.0004498282416431282,0.011183698576698585,0.09508182524121352,0.008470640947557628,0.003643175685987993,0.022694111288107378,0.05070466607539204,0.017989476190565377,0.009945408170232505,0.023549517029234305,0.07174580980925284,0.021833831701484965,0.008342379438404504
1536.2519354854073,0.013449881208190111,0.1446101516289038,0.002234984898298862,0.0015380160130501366,0.04551915105874723,0.10371548059978863,0.001044113124438522,0.00045199755317447366,0.012495712289325236,0.09536674946845988,0.008458217396963391,0.0035541940210489743,0.025417161067264764,0.05258640871806474,0.01795562025970784,0.009846885999860144,0.023546019802834807,0.0716221979679216,0.02180170430890856,0.008329063011202729
1533.8957208604295,0.013471653992624576,0.14439699388990274,0.0022400680106404326,0.001575783930812956,0.04572622652112941,0.10396500015326013,0.0010366037860188998,0.0004571011643391293,0.011128397987069341,0.09213348543606655,0.008482779924560032,0.003634025635771241,0.022573449414932344,0.05164024306295436,0.01800795031342866,0.00991988449116001,0.023595665319552855,0.07143791508156419,0.02176740352480074,0.008317055301853067
1531.5467228192956,0.013395282503163863,0.14408341349586054,0.0021789742219747547,0.0015394969525475515,0.04586536287073735,0.10368385789700751,0.0010499555054188376,0.00044415598800967636,0.006485870065754145,0.09578564187644045,0.008506999896738629,0.0036325988614385307,0.024714376715320858,0.049158212855974416,0.01796641694411894,0.009995740469029724,0.023518620985026585,0.07137371049492608,0.021735677973043366,0.008303700882461438
1529.20490825841,0.013312950794229065,0.14388532917469424,0.0022927982737748704,0.001469984256814546,0.04563987212420833,0.10368378434083979,0.0010290016259160897,0.00044243926163826957,0.009114886992165493,0.09320456677226124,0.008401988027379717,0.0036945224646359356,0.023668588336769214,0.04964917014437067,0.017872630045080194,0.00992645666144371,0.023484044287583834,0.07126250093791921,0.021701953355435035,0.008292381113675706
1526.870244276336,0.01336096316696153,0.1436842587313237,0.0022966955363292766,0.0015941788778025738,0.04565629610783094,0.10333203997681177,0.0010229051136355094,0.00046046199444331893,0.007590839306366976,0.09352139121078283,0.008424701823398557,0.0035838273527243406,0.024341775537582065,0.05136835478593426,0.017874088327352034,0.00985586393870993,0.023446327424401798,0.07117442057999346,0.021669600500429532,0.008278469839086441
1524.5426981722562,0.013307951388527459,0.14335612087638422,0.0021431647916702293,0.0016604607370259916,0.045583667589314356,0.10334868888188524,0.001041138049082411,0.0004623883071980259,0.008123233977295738,0.09338438224565261,0.008388171374927408,0.0035932361100659348,0.023785950423529652,0.0496560557435028,0.01784798052448013,0.009879825565953492,0.023351041037939446,0.07105602755681971,0.021636412957438483,0.008266493979310426
1522.2222374444448,0.01322314467566619,0.14322411987103165,0.002218526391243036,0.0016313149519472895,0.04529096843702184,0.10309248566040578,0.0010340430062944195,0.00045666886648639346,0.008296084697604338,0.09181348163321984,0.008452335089014334,0.003581740647054929,0.026114738171209566,0.05169623056564983,0.0178343905781443,0.009917356274899373,0.023396758126636105,0.07086956745094695,0.02160470169013718,0.00825115903211214
1519.908829788754,0.013235854740323605,0.1429640221841466,0.0021413849704891345,0.0016562293908356665,0.04559682501508558,0.10289927163346739,0.0010436107251980916,0.00046786573570076125,0.008320743525960425,0.0937494096770757,0.00839031101817594,0.003616195490872753,0.024287676125678996,0.050824198113151434,0.017757039777886875,0.009795432096013646,0.023338081463674023,0.07079191026035982,0.0215726261710034,0.008242355254666177
1517.6024430971172,0.013254488932857094,0.14281665368415705,0.002162810564397545,0.0016256585620359318,0.045334739753492045,0.10251211781527717,0.0010297171790906248,0.0004556994339242053,0.009820517569743186,0.09619095044146019,0.008283540880026854,0.0035714083379115268,0.02344282275452794,0.05044680169457742,0.01771275598425296,0.009853655373708635,0.023356932958033687,0.07074181689309098,0.021539507122055948,0.008225382826253054
1515.303045456061,0.013240285342864967,0.14255942023960042,0.0018596116374170603,0.0014385959069732398,0.045357067496465356,0.10226930615431178,0.0010970078582209118,0.0004052344015058189,0.010732462930154535,0.09585597097625148,0.008392937239803685,0.0035125706519893614,0.022656926119083196,0.05145201290765323,0.017742981350318286,0.009742398839647016,0.023232298098909344,0.07056205534085,0.021508033484319355,0.008215957133303217
1513.0106051452349,0.013086563976700329,0.14233470970722145,0.002407820805602097,0.0023692515781907285,0.04494425370033972,0.1028205940684031,0.0009936043846290312,0.0005755066811611339,0.01199593888070884,0.08964534611077052,0.00829320050875759,0.003561094941151654,0.02220802809662272,0.049590015364010365,0.017720252150868705,0.009824721086428085,0.023147554123554744,0.07060742981553345,0.021471836929908256,0.008198328939088657
1510.725090635952,0.013105100779999762,0.14213544535118014,0.002803828494477972,0.0014103028197379552,0.045176476294001795,0.10227375706082176,0.0009473279305282953,0.0004374571882046891,0.007530632720677446,0.09383894990005921,0.008482413801462856,0.003455831921051692,0.024643248505432175,0.04911419307181316,0.01770450032768247,0.009801134138147396,0.023257152252587687,0.07042769656417386,0.021435384897322555,0.008198318134638807
1508.4464705897437,0.013034629796901885,0.14182111414428333,0.001988626056555275,0.0010974470513902476,0.045027868698121566,0.1022902947741989,0.0010993499554485435,0.00032966725341072026,0.010084938991034482,0.09085848635007872,0.008347977190090037,0.0033834601610078317,0.02186251544569472,0.05084223266441146,0.017675014430345297,0.00973639979297672,0.023134339280237507,0.07026664002256479,0.021415388953679115,0.008182647714446965
1506.1747138569278,0.013007626196483364,0.14165338196481433,0.003062348812855827,0.0010208258236388352,0.044641418886030064,0.10235792438579278,0.0009241801188938462,0.0003816400617004427,0.012064183699365537,0.08891991819177603,0.008364414179797787,0.0035008625603992604,0.023460911321761032,0.04968079696888218,0.017611961718054455,0.009778168793451355,0.023075612073744933,0.07024262796524475,0.021378498063167946,0.008168347744846524
1503.909789475188,0.012949071233061807,0.1415350804102034,0.0025759061067539427,0.0017108540449265624,0.044845228079255096,0.10159957773733222,0.0009553369430721739,0.0004925893547616057,0.013804373686305372,0.09493566309838478,0.008252373538163986,0.003614764014316196,0.023726272814700557,0.05056232498227209,0.017562953356329472,0.00976204333838034,0.023090366580014707,0.07008151958680768,0.021348637514622036,0.00815602700237406
1501.6516666681684,0.012898351143189072,0.1410547225338985,0.0024793174628027132,0.001438839435266499,0.04493000388235281,0.10170259367706287,0.0009721037167985795,0.0004361112324992215,0.008465293333852701,0.09312898916419568,0.008300676256472562,0.0034549534129216276,0.022653079655418615,0.04931801572089013,0.017627805286974094,0.009689761028331911,0.023070985802391673,0.0699818739371765,0.021316257843379927,0.008143857031245844
1499.4003148440781,0.012845321600650822,0.140945312451382,0.0023101424230330867,0.0017914499327602884,0.044769560650167385,0.10178531850479201,0.0009931688184747875,0.00048349076634910814,0.009840221977008358,0.09050258473111032,0.008323170911644827,0.0034884774169025583,0.02166071113116188,0.049810083945035895,0.01758760774927499,0.009731306276121442,0.023016062225729984,0.0699475892747615,0.02128542392463181,0.008131548646552167
1497.1557035943117,0.01296745199276557,0.14078407060625925,0.0021694795660942004,0.0014651690779777671,0.04468740865055192,0.10139145454808368,0.001023872342521947,0.0004291281120118261,0.010034346641266106,0.09189444875556506,0.008341123797444535,0.003485094504367453,0.020754272054305353,0.04987384412276918,0.017556472395859703,0.009691554087379912,0.023046207065282803,0.06981473370967517,0.021254487131691077,0.008119691812504623
1494.9178026920779,0.012992567301984845,0.14062064225387522,0.002333250757355266,0.0015481124616100687,0.04454005938125162,0.10152170871387184,0.0009913045596954906,0.0004575440034301541,0.010065713329427448,0.08950589768214445,0.008282355252564213,0.00357049907539262,0.02229134966746653,0.04881988949667289,0.017497648820461335,0.009673504581243645,0.023011429929150794,0.06966743363959849,0.021222461716497693,0.008108075579877416
1492.686582091045,0.01289803996752033,0.14044370467633513,0.0021638943069444533,0.0015569135082472698,0.04426748174309853,0.10096721721913103,0.0010052690403809506,0.0004555640497939841,0.011683002662239473,0.09214715625818476,0.008118643268580177,0.0035756459171078217,0.02344880632522758,0.05089816349910082,0.017443665516700395,0.009622019540401055,0.02294800600169308,0.069551352833433,0.021190675939197347,0.008096118852778994
1490.4620119239944,0.013137549332397353,0.140163858426908,0.0022590668113164967,0.0014774699509265971,0.044746192235920725,0.10070567852913213,0.0009881622574092917,0.0004366636715751377,0.009499974734220826,0.09568137694304833,0.00812436793702965,0.0035816023756984378,0.02276577998091452,0.049227524682931595,0.017453544147015436,0.009719073965581639,0.022873496772481215,0.06941173809415911,0.021160546878922236,0.008083727633104163
1488.2440625014883,0.012827207280473103,0.14002500739752397,0.0022637378636054177,0.0015689778941488086,0.044292265402978495,0.10121084701149283,0.0009887664235720846,0.00044890367515326143,0.009152051641710079,0.0874522765058032,0.00818969989273892,0.003460487021894132,0.023005189772887888,0.048332212614726436,0.017439240188296422,0.00962627904646363,0.022793690536380327,0.0693584954218764,0.021129299325894742,0.00807206339710036
1486.0327043105501,0.01267734969768035,0.13956694296195832,0.0022150101356079805,0.0015914460583401106,0.044148024377161504,0.10033768681354349,0.0009928454421095933,0.0004570634151456673,0.011881076481079854,0.0957329981364603,0.00812400597362599,0.0035374813594881292,0.023603815802677192,0.04965981943415516,0.01737174088230447,0.00959212246058798,0.022786589373043238,0.06928313661032945,0.02109887881754925,0.008060038406044231
1483.8279080133532,0.012881430214985123,0.13942925736320352,0.002104700555059695,0.0016190810761620923,0.04445129050566398,0.10087788067006094,0.0010059494919965124,0.00044326173844398264,0.00684091437956063,0.08801680021739289,0.008110145775829391,0.0034158129268260632,0.023446347256607235,0.04963572940359321,0.01736027696748819,0.009598437689118807,0.02277730693860645,0.06916514601844294,0.02106876749594845,0.008047279837853086
1481.629644445926,0.01291423260856441,0.13944920781857967,0.0021228554127607495,0.0015338869955446638,0.04397092433419869,0.10040092377194554,0.0010236562404246996,0.0004367014667197117,0.011702167057950904,0.08893549366877046,0.008423845464238463,0.003257133328355891,0.022551111162918278,0.05116431353780341,0.017455247889820405,0.009485830777471888,0.02272768504825617,0.0690778119708466,0.021035547825136544,0.00803510380635729
1479.437884616864,0.012843009089875596,0.13900232705547683,0.0021230990654912984,0.0015321388120292207,0.0439454960952002,0.10088061733945179,0.000998037727204449,0.00045420888145283563,0.011301224432970849,0.08381887322663606,0.008074443377621521,0.003573048929769448,0.02252858162762867,0.04950335452244159,0.017323448933574244,0.009504643715319302,0.02274666834745591,0.06896276400874282,0.021004021277995135,0.008018199566527115
1477.2525997060563,0.012242087410101203,0.13794005019268377,0.0021357850866979915,0.0015054707406329468,0.0437984335751284,0.09999067358137101,0.0009913687190134615,0.000431576753364381,0.014308161646507674,0.09455083994382685,0.008025685772620049,0.003543605433296826,0.022201776391277236,0.048393064389830966,0.01729670574010383,0.009635027614822869,0.0227090134638106,0.06885425469420207,0.020965115359937267,0.00800705159377953
1475.0737610634221,0.012938798326075493,0.1385328259550265,0.0021290373595947106,0.0015330739271840622,0.04373996999872266,0.10003306262853237,0.0009968100755646091,0.0004311158679921588,0.013270598085800637,0.08958960285430621,0.008082606135010339,0.0033746926492415766,0.02172349113413613,0.04994497528927572,0.017283494251162254,0.009554885174035589,0.02260501167530512,0.06878906469623262,0.020954990197299763,0.008006605080175548
1472.9013402076584,0.012599168966854812,0.13820900540729555,0.0021296716521473527,0.0014899755886744143,0.0438483493137088,0.09948238747541119,0.0010006859982241104,0.0004208316222629666,0.013342915526347154,0.09572782214546434,0.008123915173664648,0.0033500062466276,0.021053343732724272,0.04817703126520778,0.017251378631267602,0.009534745217005081,0.02264107440095066,0.0686653041492363,0.02091553272546968,0.007995479265888852
1470.7353088250002,0.012791448109147776,0.13801354547326122,0.002142465985095232,0.0015070376859300564,0.04344997592943743,0.0992694906417208,0.0010062097614387023,0.0004301229750375812,0.012893682200176402,0.09515827267993156,0.00822384371973034,0.003351583122726509,0.0244250307618029,0.04848681263632923,0.017232685586783026,0.009520626840101592,0.022570783787959195,0.06857098506264345,0.02088442630197168,0.00798144395949779
1468.5756387679885,0.012719278115370982,0.13765233928186232,0.0021111237040912943,0.001511603827182364,0.043850914243542274,0.09937819109633456,0.0010029433300643114,0.00043862526901495126,0.007975371505689005,0.08972692951253404,0.008143237806857597,0.003425356296282702,0.02376842803625126,0.052514141844805,0.017213827094977867,0.009488295218430105,0.022505792558032,0.06855029913851006,0.020855253043943114,0.007970498308129202
1466.4223020542524,0.012321487827473315,0.13763188768469403,0.0021042034025452556,0.001507846375707585,0.0435043344636608,0.09965189150630847,0.0010037299279575147,0.0004317302878523035,0.01134569406371939,0.08723190665660151,0.008154642529353565,0.0033297249737629328,0.022768338512236915,0.04927674434722294,0.017189725387278768,0.009406525661716635,0.022565890081728577,0.06839251901411103,0.02082440563316896,0.007958056755446436
1464.2752708653004,0.012606973266786082,0.13742882254507094,0.00210138331341218,0.0014931842618233384,0.04316467511058616,0.09910048864022242,0.0009965674406480218,0.0004337321051753998,0.01812646059463835,0.09334055886754998,0.008080752382452393,0.0034333250512960977,0.020092388213617488,0.0484059923506436,0.0171575033683463,0.009439004972258159,0.022597046517062434,0.06818558669348862,0.020794056708905464,0.007945922650571719
1462.134517545322,0.012459391622246291,0.13722210864826953,0.0021232637335454503,0.00147725156512943,0.04331193398946751,0.09838969913686038,0.0009934298434176475,0.0004272499815259869,0.016296366034495618,0.09763532896437035,0.008053832273851423,0.003294566062151145,0.021067419908168437,0.048026339432644345,0.017101856944385416,0.009415970634499874,0.022384695144177468,0.06807185328905134,0.02076411651406733,0.007933525426692364
1460.0000146000002,0.012550908616573035,0.13711389763776677,0.0021037434473954743,0.0014958919250495706,0.04382468205593447,0.09897135326565687,0.0009929360396648053,0.0004364505654454106,0.006778680874061214,0.08927181800012957,0.00807818618991517,0.0034267627385448462,0.023000138384880266,0.04978550871124861,0.01713183027316733,0.009448457281024659,0.02234028554433541,0.06810746002928027,0.02073515985804404,0.007922930856356057
1457.8717346953354,0.01249898776223783,0.13682982656675474,0.002106317376603003,0.0014847031773229094,0.04350946530314375,0.09873712849577447,0.000986371008182791,0.00043265936214710533,0.013316527208951358,0.09123519245735807,0.007986773951075814,0.0035211003661904127,0.02007574354778396,0.04836338445796083,0.017067852130048432,0.009510781351688103,0.02242663674540313,0.06810181776731385,0.02070472754475978,0.00791142977312635
1455.7496506564776,0.012430399433758363,0.1367364272867609,0.0021164000765045063,0.0014768603265939728,0.043907707941391684,0.09873468514846384,0.0009827677883710972,0.00043001476226867276,0.004782503346998156,0.08963827366062606,0.007976576656907193,0.0033553774903259917,0.021326385898717406,0.04875459716356105,0.017033792198231496,0.009396175969841655,0.022387012905066873,0.06781532128852781,0.020674851782067957,0.007899578440634243
1453.63373546657,0.012154799229004504,0.1363585972016369,0.0020974981597242184,0.001492693225891546,0.042804845733072604,0.09872293354536446,0.000988322684180086,0.0004261743020942233,0.0184062224511706,0.08693929435025101,0.008015321328488829,0.0033432672328145507,0.019814539242865983,0.04922746595289753,0.017023095736660967,0.009374494452575276,0.022303341567325326,0.06765827040841614,0.02064544415220898,0.007888667616146709
1451.5239622656024,0.012405648583531586,0.1362380502012526,0.002110735519498525,0.0014707944093662177,0.043818559804716,0.09691803163500928,0.0009870206488560307,0.00043371875104624926,0.02078501671276863,0.10675720655098409,0.008060051773958883,0.0033859178141772894,0.022006074915675293,0.04913384454649148,0.017034427983280833,0.00937085577616607,0.022242338250106974,0.06737497981087297,0.020615064649041982,0.007876392553447513
1449.4203043492755,0.012282091742940416,0.13603901598240634,0.0021128084838846974,0.0014581160451726163,0.04453464014183258,0.10010164662558449,0.0009734803468802114,0.0004327625717225614,0.0151316652120207,0.072098232734677,0.007905612690083899,0.0034165590315976446,0.02000508934770881,0.047889888561623094,0.016970197044152424,0.009353234832026555,0.022902530591155365,0.06741420304111491,0.02058619192103432,0.00786582317253877
1447.322735167873,0.01228420192940579,0.13563673684762542,0.002167134641592171,0.0015259777123684199,0.04029183320159457,0.0967692248801206,0.0009612051772669496,0.0004358930655939475,0.047122761605812746,0.10710064203208787,0.007886169181292051,0.0032976188304836176,0.02050817276672368,0.048277394730385184,0.016932122212616883,0.009309831248782523,0.02368335970204678,0.06952387734735611,0.020556720712645728,0.0078540552006067
1445.2312283251447,0.01234084595974111,0.13568376418598094,0.002178230764693174,0.001369123680747423,0.0469715094364785,0.09538421152874453,0.0009654977997928904,0.0004122359635939138,0.047940053733704024,0.13095760261563583,0.007941147995324572,0.0033274153813230463,0.019319316915492504,0.04615486493418525,0.01695026512905363,0.009327757790169172,0.02230795274997779,0.06677961883926227,0.020528442371353255,0.007843707676230795
1443.1457575772008,0.01212733662812645,0.13543149019603218,0.0020939855189204,0.001327954450613111,0.04523710527851923,0.10009740325757466,0.0009779104542353312,0.0004159280764649835,0.023888286072068117,0.07248385832142036,0.007948293634505478,0.0034761885110042748,0.021255235920391375,0.04641985358115171,0.01695911121076879,0.009375536186789964,0.021186308226886063,0.06722948229945677,0.020498078326106617,0.00783063989071058
1441.0662968314125,0.012384146279938285,0.13506298907763875,0.002068284706805472,0.0014494518164335226,0.044636992932642804,0.0989546629048679,0.0009478474472464775,0.00041311127873586314,0.010291976619838666,0.0792349414701359,0.0077105702100551884,0.0031422716748157205,0.021068160206178285,0.04868579529272249,0.01693533899040349,0.009258469660081559,0.020863283719190325,0.06538494007632657,0.0204682269494258,0.007822007724261707
1438.992820145324,0.012138200851289017,0.1349063619501596,0.0019403436955466582,0.0015723587864594996,0.04213277487205305,0.10011315165446659,0.0009889804168483928,0.00041048444671770875,0.030041658011987608,0.060521702051808325,0.007926115899333674,0.0031301493334952952,0.021862892745293704,0.048019331681308355,0.016920848901965678,0.009329683859338312,0.021956840855554965,0.0680926897107339,0.02044070802875547,0.007809466094798532
1436.9253017255749,0.012127427404663528,0.13481176528447036,0.002027829480597413,0.0015266001938249749,0.043195965468925,0.09706797091363897,0.000976062638911789,0.0004173712414197534,0.00899088560353214,0.09235850619825145,0.00784971665521967,0.003230063291832092,0.021687523823189232,0.0495443761968891,0.016816679374147308,0.009316827625386891,0.022328443714893165,0.06700658292945072,0.020410738863430224,0.007799534082562896
1434.8637159268294,0.012240071085543624,0.13459353782635716,0.0021003497028381467,0.0015898516839458771,0.042291488868607466,0.09885649908289644,0.0009691359568557123,0.0004371517409071031,0.020051771346412464,0.07097328676106403,0.007891943836617083,0.0032791140763346344,0.020013328893900336,0.04835019045882129,0.0167866247302628,0.00922703026300682,0.022156625310100955,0.0670198801137838,0.020381405461480755,0.007787499754498937
1432.8080372507166,0.012015932486595726,0.13426902447477093,0.0019299208615318388,0.0014118337664084347,0.04309434945779103,0.0964667157735974,0.0009903678178053313,0.00040189787970611244,0.013247474693611769,0.09638822470681896,0.007830907807474053,0.0032737555588064154,0.021143418760085422,0.0487781902520719,0.016790972915580862,0.009254519782148748,0.02222884778505818,0.06686048175859571,0.020354534613028788,0.007776222858934412
1430.7582403447784,0.01210477683810663,0.13436033985367557,0.0021662174141838762,0.0014598541114044493,0.042972407003303376,0.09829878418048305,0.0009564345512800648,0.0004221774775237247,0.011008619006939589,0.0743172835510001,0.007895238468703917,0.0033029421137386944,0.02116262949389096,0.04860856432648467,0.016771844464377506,0.009247409870336863,0.022108519381078242,0.0667040469864976,0.020325833783009666,0.007765543514421649
1428.7143000014287,0.012060304312955527,0.1342336986743547,0.0020069080706073593,0.0015005632686364008,0.04325033745647794,0.09731438710764037,0.0009701789908283532,0.0004190961388682869,0.002409000092159298,0.08480140073314535,0.007852600760680645,0.003198880622248008,0.020883546905300213,0.047960927780743616,0.016775064316937333,0.009203075103617378,0.022001885011905396,0.06656777894912107,0.020296375908403837,0.007754245070933241
1426.676191156919,0.011634192551846773,0.13362920505321688,0.002090816044479651,0.0014318969329208966,0.04201919590972367,0.09694410478140293,0.0009717819210177687,0.00041473432472952207,0.016662940108996296,0.08682657629896313,0.007949990338321071,0.0032983081025213783,0.020274671725899,0.04760578288202481,0.01674213569050119,0.009242540481353319,0.02198105365145782,0.06650748741145891,0.020268092022443597,0.007743828357153611
1424.6438888903135,0.011831971876534167,0.13389564457715533,0.002040358581175533,0.0015026828604802703,0.04341039441625565,0.09648588347931564,0.0009637649089305443,0.00042586595065747694,0.006945578145011611,0.09034747708199195,0.007850356164842759,0.003163948599379018,0.02248202439208526,0.04816070279641166,0.016731278200773865,0.00909439535102736,0.021836177042489125,0.06646546179668064,0.020238852600969436,0.007732713912487036
1422.6173684224755,0.011902359093230633,0.13342787707950343,0.0020395789559503365,0.0014271361200353357,0.04288045139481968,0.0968889746290257,0.0009696543992163737,0.0004203985920693954,0.00506175415891045,0.08436017031460899,0.007860606739453676,0.00327022107575781,0.02094911388551483,0.04750709594136423,0.016690921325939242,0.009121873854774112,0.021872964934756902,0.0664107873466142,0.020212204495790132,0.007722635617175482
1420.5966051150572,0.011888150412917742,0.1331813922055491,0.002057689452276663,0.0014435742337958728,0.0433639834470151,0.09637363859849746,0.0009502740153779814,0.00041680217537483697,0.005985007892787503,0.09066849160642568,0.007822445412335684,0.0031709823052942713,0.02114316420078143,0.04683258749619218,0.016767647986964878,0.009128615490713943,0.021928078989183985,0.06630847264066869,0.02018296460462316,0.007710923959661433
1418.581574469504,0.012139938420778932,0.13267115263320423,0.002044448643225263,0.001428956627317671,0.04187218665629292,0.09627037988278386,0.0009643303526110391,0.00041505092775661966,0.015198325280408336,0.08721365240917842,0.007859562050521173,0.0032310424591942303,0.02131625184242556,0.04829814071280875,0.01667841141039198,0.00914264131569052,0.021896821142712877,0.0661041389240818,0.020154416238603607,0.0077003697636071474
1416.5722521260627,0.011907488904013044,0.13270136482411662,0.0020535456043522717,0.0014286868860507464,0.04338557968782565,0.09617100381862416,0.0009533054212939977,0.0004112176207905136,0.005562045776588057,0.08909906183195329,0.007716577036158798,0.003226076945930596,0.020817786431805516,0.04759217482035033,0.016585327646188797,0.009121684112576,0.021826620509519275,0.06600446372750152,0.020127324439445385,0.007689245853460899
1414.5686138628007,0.01198529118523614,0.13245463540271024,0.00205856890512093,0.0014209073281922393,0.04159636139551308,0.0955361934866442,0.0009627647069158154,0.00041152085862833663,0.020420530602841082,0.09243244595476686,0.00782758218158776,0.0032206625758061285,0.019148623112440612,0.04793583370790001,0.01657183321624905,0.009115188423692444,0.021797383800784626,0.06601668014872632,0.020097302932277,0.007680098721080441
1412.570635594633,0.01166383392800115,0.13218941054088318,0.002050353437403473,0.0014364797335568943,0.04303544583995415,0.09580897309196498,0.0009597882036045377,0.0004143338902595719,0.006285686577002449,0.09053563129303734,0.007853815777838653,0.003202792700639211,0.020258319909751188,0.046481313532281285,0.016603112072980347,0.009108746625818728,0.021891716663394633,0.06583562300665065,0.020071708482190823,0.007667033688557073
1410.5782933723556,0.0117879357121053,0.1320302875072958,0.0020412250818534344,0.0014284202515006332,0.041338950112571785,0.09608600739128897,0.0009635201877962568,0.0004134706455778832,0.018014281279830655,0.08306311454760314,0.007839979970686821,0.003154488848633746,0.019783802403153077,0.047792494971383465,0.016543942826741,0.00898852527703861,0.02162721034468477,0.0654660496696802,0.020044276013404982,0.007657040547767167
1408.5915633816903,0.011602366016534126,0.13178932728047404,0.0020442385914417743,0.0014244394171022462,0.04238452407043224,0.09647796054751713,0.0009528906856870737,0.00040989878830195915,0.0063075640990421875,0.07987683094879804,0.0077363367534996315,0.0032184815161793775,0.02115471591640118,0.04521922916110405,0.016504768280739768,0.00911834629783102,0.021433895576007347,0.06615829023266072,0.020015798931485175,0.007647668839998738
1406.6104219423348,0.011862820195097205,0.13177077965164202,0.002033384824534775,0.0014304532669142875,0.041947578494650785,0.09459512888177612,0.0009500880015427931,0.0004117146550054788,0.01896249955112144,0.09608864133880926,0.00772637170566412,0.0032303886527789926,0.02049497831108861,0.04764279949586393,0.016508898544638453,0.00913390095676135,0.021262389028097295,0.06572350281602657,0.019986730925304206,0.007635927030665269
1404.6348455070226,0.012174793480406097,0.13100922214340302,0.00205234185804446,0.0014074482556010138,0.04212684795723881,0.09585741844722377,0.0009467090414842277,0.0004053595322025609,0.00599676950706845,0.08367544608040019,0.007706759044318858,0.003120458401764554,0.020059372508667815,0.04730802313282095,0.016465805627206346,0.009019323669404354,0.0214868973764367,0.06556869239663402,0.019960651721353476,0.007625945912848001
1402.6648106605892,0.01250551284725875,0.13149332926306298,0.0020256207971348704,0.00141812855831413,0.04228296746856958,0.09426816859926056,0.0009510924528938754,0.0004173307256487478,0.016493132338857932,0.10007054283206103,0.007724362707760957,0.0032545174056526007,0.020573878708705882,0.045421927731508153,0.01645034339718881,0.009038641937387746,0.021471703016560498,0.06542448741517376,0.019932919351775796,0.00761533932834461
1400.7002941190478,0.011788499247462069,0.1309193915613388,0.0020357974359283275,0.0014062880512797993,0.042656686240926604,0.09634160759180595,0.000944905957760767,0.0004077795857456832,0.008264492748792486,0.07656887165305898,0.007672588429751424,0.0031894665954775316,0.022068042390884862,0.04601149209917741,0.01641736212650101,0.009052435664297065,0.021476431511313433,0.06534529919648999,0.019906046372878888,0.007605049484067226
1398.7412727286717,0.011608087146036278,0.130991976041215,0.0020200979372214786,0.0014065500693764635,0.042035323337015255,0.09402180446573742,0.0009525599190239942,0.0004119093278203165,0.021981566783657383,0.0984051859267867,0.00774579217885862,0.003253700895922385,0.019455155533525777,0.04661963628341489,0.016416407316126043,0.009039482993695603,0.021379643516372972,0.06528544708873421,0.019877610335698886,0.007594590475840164
1396.7877234650841,0.011847617446821692,0.13065619407561818,0.0020323159627842996,0.0014175705592071347,0.04388140835512588,0.09568097862344487,0.0009472229776240762,0.00040340890050930033,0.014423278996371254,0.081844375873305,0.007702031191681852,0.0031431811247625754,0.01965877189088135,0.04566508607877805,0.016372478634435625,0.008978670751555314,0.021427595012228882,0.06529041458107618,0.01985152833798166,0.007583730162608336
1394.8396234323573,0.011262382587155308,0.13086501476523166,0.0020316517985097147,0.0014119218104206102,0.04301679231071693,0.09505518257701669,0.0009358655540384666,0.0004201573497545829,0.006775021647423361,0.08041512694166307,0.007556371541173154,0.003255261873268502,0.020971406262189966,0.04762089740763011,0.01630280289260423,0.009007149532130327,0.021515463392545876,0.06509149924065144,0.019823885082412476,0.007574307042582848
1392.896949862117,0.011820833339483942,0.1300318571855117,0.0020296917060762245,0.001413359409670965,0.0399261682973627,0.09373028954570865,0.0009230229202838535,0.000392942177123209,0.026423844693228934,0.09476370177965432,0.00749072905597987,0.0029356146826152044,0.02053223137307444,0.04620196675642246,0.0163302355403735,0.008946112043171198,0.021415143043207387,0.0648943875254225,0.019795005366789308,0.007564937847493091
1390.9596801126565,0.011182235726315168,0.13004406412807457,0.002018188464389452,0.001407356787347528,0.04368295692371248,0.09165109353905547,0.0009556111152182325,0.0004007344034395765,0.043288903190394926,0.12213140187868007,0.007751280460090443,0.003197051959026383,0.02039698126565752,0.0485185021533187,0.01628697541435193,0.008971490481938963,0.021335558488658993,0.06483386130616028,0.01976639833662625,0.007554048948355864
1389.0277916680557,0.011577432593493794,0.1300321277185407,0.002014246984724807,0.001404889689074121,0.044486936748342185,0.09428578997118212,0.0009354069787799609,0.00040617638585070675,0.023621848822537733,0.09265705928625662,0.007627391422050558,0.0031100204280064747,0.020024816249884385,0.04647562613556791,0.01631951006087026,0.008932327861918212,0.02117776704371895,0.06479195391082565,0.019740079124127976,0.007540606004700225
1387.1012621373095,0.011099408352323318,0.12916898861964307,0.002012807962414791,0.001404464817702945,0.0435166381331539,0.09419407312738907,0.0009541364782384212,0.0004021755901738682,0.013755651666318636,0.09307436263948253,0.007786982050312017,0.003092282798877252,0.019449787520513632,0.04757995613482879,0.016288314112525265,0.008866560263501353,0.021225865347686647,0.06484005043588535,0.019717899169491612,0.007531562421276116
1385.1800692534628,0.010582313480478315,0.12977011909462818,0.002009877286338111,0.0013982301739047548,0.04588566690712506,0.09518757638087587,0.0009219239640421977,0.00041957484726905665,0.03853520994865398,0.09282987641743808,0.007534759788595889,0.003214334622661926,0.01872399220934666,0.04598423840958467,0.016290999877916365,0.008962305183060047,0.021336762157507575,0.06473120770045074,0.019687430996332304,0.007523033833787529
1383.2641908727526,0.011054319701820336,0.12933720594306136,0.002010925416545433,0.0014043500725172944,0.040183772104490756,0.09637721118407214,0.000939379401683153,0.00037501172164559844,0.036482673264371566,0.05897342135244354,0.007629110418438821,0.0029223571535108134,0.020356562154652612,0.04521290462082686,0.01621012047545021,0.008904188300992443,0.02137058540717122,0.06458359086452509,0.019660568462090616,0.007509478712384242
1381.3536049737572,0.011129559604672967,0.1294480059929269,0.0020074991952572516,0.0014015421399289506,0.04774972786989923,0.08647814198719325,0.0009557148863619689,0.00044438788402252253,0.10430641569265396,0.1845020439504869,0.007777799649409152,0.003461673344612969,0.019379038229844697,0.04704299632152939,0.01620222716183624,0.008887742681849916,0.021317187735405113,0.06437365160515461,0.019636295978873265,0.007501249084586731
1379.4482896565519,0.011526951705323663,0.12875852022434386,0.0020056839285249746,0.001389782083411483,0.052056194164027014,0.10743871396322918,0.0008820297168532984,0.0004039079495512055,0.1744224722056103,0.12509678334871596,0.0071646439122419565,0.002970827954730473,0.02253805952209441,0.045821772163780555,0.016177819344003242,0.008905407628406635,0.021109221843230958,0.06423563341459713,0.01960892495611358,0.007491551935288464
1377.5482231418735,0.011173056466214235,0.12829504982530474,0.002002978503096906,0.0013948124628865197,0.028549246789387014,0.0870694836064621,0.0009481240172017466,0.00038927662180905274,0.18054553049784533,0.22099088893222474,0.0077586895166075216,0.003040951627877891,0.020153376885730084,0.04601577437513895,0.016205099229684536,0.008884834904067211,0.021149437375238535,0.06437345039781689,0.019582224102190397,0.007480651675847924
1375.653383770289,0.01098085619284011,0.12836396305231146,0.002005443935801991,0.0013955789091481359,0.06592530348395122,0.08840003198347385,0.0008919720153663289,0.00041437080865944296,0.28041820460431294,0.33237600576748394,0.007324120399039261,0.003013974444133538,0.01859753494024112,0.04689297069382671,0.016193288173603305,0.008817888755337627,0.021196633242608846,0.06413848771490198,0.019554524353110857,0.007470678875241849
1373.7637500013739,0.010779713281380405,0.12896553319970952,0.002003411187088424,0.0013842854122691618,0.05396483439043773,0.11088788163504662,0.0009054578504744168,0.0003588035521439192,0.21533102544954535,0.15748485757418815,0.007339213057104515,0.002752841863137956,0.020985372094254023,0.04689199406891872,0.01609690660865541,0.008880363421960129,0.021017289391193645,0.06402910059659787,0.01952818972776208,0.007461813725372428
1371.8793004128947,0.011157223999034538,0.12654255847517434,0.0019931901836537738,0.0013891731217376216,0.048002977651605584,0.10721491953908378,0.0009307325628992619,0.00039296955347875985,0.15530740150955974,0.09023423313116163,0.007541556221933015,0.0030616436973899238,0.020666975074612386,0.04577049919384207,0.0160639419878227,0.00885865767038504,0.020979314822409244,0.06398261751616338,0.01950108489679176,0.0074503129156427775
1370.0000137000002,0.012042209602924995,0.12662841245769696,0.0019893772600151796,0.0013858550288185665,0.03235881860091394,0.10594366321647465,0.0009321620438441542,0.0003887800017850596,0.185455564014325,0.12646606334093516,0.007516383674289306,0.0030075736635731543,0.020925035792487636,0.04913925130809792,0.01601258279520324,0.008798701019728494,0.02091900042337895,0.06396235004861346,0.019476716977413797,0.007440901655327754
1368.1258686744188,0.01088502505715364,0.12773624910894882,0.001985359626662327,0.0013815381572445413,0.038149883204659854,0.09195319330897073,0.0009197406660330239,0.0004082067673089683,0.04449561182089609,0.09921395788303786,0.007485477001301338,0.0030378637553239813,0.018430772940114915,0.04644727426459898,0.016053622994999888,0.008711629896283976,0.02097055450018487,0.06397608010186287,0.01944950778835865,0.007430739643000652
1366.2568442636614,0.011172430550080981,0.12736706281827365,0.001980444862716684,0.0013853118839537277,0.03408804883605883,0.09545880725981347,0.0009102917734235349,0.0003799599259332303,0.08916023147817542,0.09050107389276375,0.007412974290234237,0.0028499116036712793,0.01938323012342102,0.045511508430939894,0.016050420562259814,0.008782864694705479,0.021036849146377934,0.06379588585430168,0.01942457180673593,0.007420153363706338
1364.392919510232,0.01076553576483308,0.12751766464339762,0.0019796445887056507,0.001377355802961355,0.04237733752993663,0.0886114353558441,0.0009195255575868305,0.00040445725730049584,0.048919753985977976,0.13320796153563194,0.007481228678599249,0.003076148790994669,0.019484346608393703,0.045070223391670494,0.016013827146875888,0.008752060612610323,0.020883773400869787,0.06372758741514402,0.019398334311734985,0.007411106687711257
1362.5340735708448,0.010724458439792865,0.12732152312335568,0.001981758629744953,0.001380023082695295,0.03832654813823036,0.09447919351862658,0.000914958240947681,0.0003922758850877442,0.04065938151018271,0.06559716737318008,0.007432297198689446,0.0029914115770780787,0.01971035145353405,0.04661603177951168,0.01597940092855562,0.008766901165972521,0.02097865317437937,0.06362828133308869,0.019372206899483657,0.007401836400321476
1360.6802857156465,0.011125948724679402,0.12698568833332477,0.001977180401264039,0.0013759198668036165,0.041581774152521074,0.09110588254492616,0.0009113480642503033,0.00039294344720181896,0.01833607810125516,0.10077130007541388,0.007423209137206463,0.00288226064135878,0.019989320311983413,0.046385234043782475,0.015976726252361868,0.008666740757113527,0.020895665632727708,0.06349245848388083,0.019345561283115778,0.007391162924887449
1358.8315353274459,0.010691818819547491,0.126490906384094,0.001973981699817043,0.0013704389928809548,0.03744738153125935,0.09146842919280587,0.0009124700388868704,0.0003961883877614575,0.04792501594416954,0.10066980412038468,0.007452612558584811,0.0029638290393807607,0.019740290157781688,0.0451125758503711,0.015974656214177294,0.008690976916956883,0.020871204923652745,0.06340393864089632,0.019319140995002305,0.007381782344754737
1356.98780190095,0.010555723161661708,0.12675774791411976,0.0019716123500235342,0.0013727931250650215,0.044857926017175684,0.08956299932996843,0.0009144493007051627,0.00040014382897446735,0.05244749612785691,0.12891072414832863,0.007427069402677024,0.0030878731976473725,0.02074178355980152,0.044576600327645995,0.015911271832325238,0.008786146452356937,0.020792662854397844,0.06328206236276367,0.01929207961407648,0.007371647195278961
1355.1490650420058,0.010939228019266632,0.12638472772115336,0.001963346088185402,0.0013730995232306559,0.03919109455243421,0.09319102126390104,0.0009155183579269962,0.000388430996225458,0.024368639783156266,0.0727205368766104,0.0074677651238514355,0.002997862424397571,0.02088039627724669,0.0455927074260339,0.015937812785304303,0.00878593140201288,0.02073090383749463,0.06330479066728198,0.019269384747660347,0.007359719706253703
1353.3153044668475,0.010404434616932473,0.12515284216587186,0.0019716941167152056,0.0013705116936129139,0.04230933208951366,0.09264698639024936,0.0009120800706824244,0.0003969584311707462,0.010539124251480327,0.08272402776828891,0.0073840085170012735,0.0030631626438365695,0.01876599550421149,0.04686284509385669,0.015844963230196525,0.008711705693512371,0.020857311487438145,0.06324747844880542,0.01924459532924563,0.00735252808162992
1351.4865000013517,0.010562434252267062,0.12587313226030472,0.0019704046193720357,0.0013691226671616635,0.03757680715885561,0.0919056659095443,0.0009134175613128868,0.00039182764732197535,0.04160893548764684,0.08864907644979739,0.007427416944341616,0.0031034913791408666,0.01879692073833767,0.04476426221407059,0.01585050489916863,0.008788299545274547,0.02074769701319645,0.06304574638971065,0.019217570791259193,0.007340610286841976
1349.662631580297,0.01054988609905529,0.12558721635984213,0.0019482006528239058,0.001365833035113483,0.040149732581347936,0.09059883355205475,0.0009124876442141854,0.0003934493311135467,0.02048065329290532,0.09754696923316328,0.007403324960527889,0.0030012086558520875,0.018624178196197126,0.04546929062381171,0.015841478118480804,0.008694397819283961,0.020700519850097458,0.0630152050836787,0.019193587200015162,0.007331924470145932
1347.843679246631,0.010598993049006704,0.1252251231947105,0.001959885305157872,0.0013567624975677679,0.03812127543979221,0.09059846679656045,0.0009083284862221392,0.00039267067286388133,0.03736026687809202,0.09881900009336675,0.007424839373258879,0.00292994707250371,0.02012734951334246,0.04439411253716435,0.015851671870554522,0.008613583728184757,0.020689017804146094,0.06292608477468876,0.019167890569299913,0.007323169779040154
1346.0296231507405,0.010417245255280079,0.1250744426984671,0.00193981976754164,0.001361583769470954,0.03999501248845092,0.09103843093329847,0.0009115973743925292,0.00039369308442979597,0.015914255814500778,0.09016915431991063,0.007379702946209843,0.0030148702695784336,0.019065672213771877,0.04510956054268157,0.015783979890531267,0.008692975943806079,0.020717269407860457,0.06287957096129257,0.01914172568926645,0.007313566021031476
1344.2204435497313,0.01024592088119873,0.1251130814934804,0.0019501278893990074,0.001360324107064035,0.03859823318934749,0.08983705102595081,0.0009140380499461197,0.00039379040181205795,0.0348752574307804,0.10327296681350288,0.0074213074752652606,0.0029876531336621294,0.019949323715388233,0.04473727415735919,0.01576585382900998,0.008654224742127365,0.02065561070159403,0.06271716391081963,0.019116159339151187,0.007303437072524725
1342.4161208067117,0.010323198791327336,0.12476682640819563,0.0019314008605065003,0.0013851114392329138,0.03966102276528691,0.09090287963163655,0.0009126746137171166,0.0003934441329572348,0.01602347680253657,0.08863031096443988,0.007409813595986672,0.002973219028351471,0.0205293024982415,0.04515729148621559,0.01577717768533164,0.008635869271627059,0.020573165576400522,0.06265722221540128,0.01909028788590884,0.007293233539977025
1340.6166353900805,0.01046262953837696,0.1247755239684162,0.0019548102877229344,0.0014156129323170136,0.03711366872798101,0.08999403688844035,0.0009114347340568952,0.0003991566131559701,0.044527029980188385,0.1012988441121099,0.007425018610820676,0.003048612628703029,0.020807212971591667,0.04471397745258498,0.015749805132123804,0.00868012957674088,0.020588684745303985,0.06264844053855201,0.019065417897130718,0.0072826888864877945
1338.8219678728249,0.010296513332952922,0.12461755710254925,0.0019704030407755035,0.0013359292040944063,0.03837992834827102,0.09113168148936014,0.0009017780983756072,0.0003874139165814321,0.02757169030691271,0.08414240150799078,0.007325359829382039,0.003050924531261922,0.019837232370507364,0.04441719025095548,0.015674739197938336,0.00866932194359411,0.020588493351050608,0.06249820737646007,0.01904145592992192,0.007273587514107837
1337.0320989318184,0.010053610706810974,0.12412405233852138,0.0019323291627696272,0.001368058707827384,0.03696408621188713,0.09044888721879459,0.0009069196897058444,0.0003830542775090656,0.04436380223306674,0.09443626995350811,0.007324501134315273,0.0029048335690842527,0.020001329115709898,0.04560257005172236,0.015653561529353238,0.00859556978599419,0.020502510720744913,0.06241213334119819,0.019015856061263842,0.007264287590592282
1335.2470093471297,0.01014215815676619,0.12380232643440296,0.0018973799716381482,0.001349700667829993,0.03748501914721287,0.0908910445452772,0.0009138766135045128,0.0003900387612562246,0.0373113501562504,0.08551271112242513,0.007370041546458283,0.002955995952416926,0.018933918791692195,0.0461768771216719,0.01566483879880146,0.008571636818884856,0.02048940882928448,0.062298900863010515,0.0189922650876052,0.0072561891819405925
1333.4666800013335,0.010189497081802064,0.12369680194172603,0.001922945995638217,0.00133034391043866,0.03724853685060519,0.09071668258950194,0.0009025730724558245,0.00037070841321924276,0.038462664749480784,0.08673720877724507,0.00733878747471938,0.00279529290550364,0.020422873371217204,0.045629639717559324,0.015660119488086714,0.008551465514138504,0.020458250697432286,0.062263672976109886,0.018964052703422458,0.007249276467317156
1331.6910918788285,0.010281896870996232,0.12361240977596917,0.0019327071483187918,0.001351239970338101,0.03725785020736663,0.09037774503397016,0.0008904822521521922,0.00038734656744642573,0.0382504655219511,0.08894170635450127,0.0072569726223482315,0.002914062891380885,0.019579772681544816,0.045277158257833586,0.015648567524237142,0.00858810473367857,0.020395467173886808,0.06216233189476699,0.018937519259359256,0.007236428795263155
1329.9202260651598,0.010213640671519184,0.12330806466845806,0.0019259641222085138,0.0013372915528233106,0.03687376726290473,0.09142025398033007,0.0009045178770983165,0.0003836936121817782,0.04244515479566212,0.07821756704158588,0.007390361864155121,0.0029264651768549127,0.019586347673770446,0.04573710658409659,0.015647628249034283,0.008547823878157194,0.02039124756803779,0.06212115818921675,0.01891539898972991,0.0072255127936912055
1328.1540637463481,0.00997964772726777,0.12309127087963204,0.0019255056966521506,0.0013410559296126025,0.03766451685234565,0.09109819741293886,0.0009003614875362323,0.00037750419459445207,0.03336443023117848,0.07688118735688214,0.007319909765335654,0.002923100899885178,0.01885995632808008,0.04498329534459735,0.015595705951734042,0.00858319291813182,0.020329668869286888,0.06205300079457614,0.0188930473755491,0.007214797135734971
1326.392586208223,0.010112866618128163,0.12280821851405997,0.001916698807262961,0.001335436978014911,0.03703750732393811,0.0917730837348,0.0008878875754394467,0.00038275190713588515,0.04101637230470436,0.0719721382703964,0.007244360657311347,0.0028592304648048655,0.01928905113753674,0.04410956743698925,0.015617824084620018,0.008547977775639917,0.02039416949443334,0.06201541123640072,0.018867251733881155,0.00720772303138814
1324.6357748357618,0.009722488078276833,0.12267502845072747,0.0019183189140519526,0.0013387458509353408,0.03740522184721578,0.09191037344844402,0.0009086674787258409,0.0003877087540253096,0.03834698430465611,0.06665362999516602,0.007319139820584383,0.003042300484997234,0.02079889097838438,0.04551741622921079,0.01548028070445069,0.008562479151062435,0.020369562733378678,0.06189865082318826,0.01884311355026195,0.007196062971639877
1322.883611112434,0.009594879809235735,0.1223793979929322,0.0019207925272431417,0.0013364217328004362,0.03718682068304434,0.09105590453662807,0.0008956234588305222,0.0003714579467796638,0.03730281932134153,0.0754237525416102,0.00725852093407354,0.0028511527838992836,0.01963221017650446,0.04507684908230622,0.015514908405982814,0.008563098817996573,0.020340049811522085,0.061705768830798785,0.01882087781117715,0.007188619962598413
1321.136076619551,0.009604724677071498,0.12157446720517891,0.0019159395751740156,0.001337256016249662,0.03721979527303755,0.09231997877309024,0.0008826796623393904,0.00037211684407630475,0.042095451193135444,0.06268726246928522,0.0071729655005833065,0.0027774445978234253,0.018423021252636902,0.04428641627257873,0.01552399353894821,0.008478723109921775,0.02022154404388761,0.06170130180493703,0.018796282022514592,0.0071761124667162595
1319.3931530356203,0.010222210717466923,0.12226211487990887,0.0019158352043967015,0.0013351612164659848,0.03847417586203362,0.09041201237872216,0.0008865010770875171,0.0003965322106201691,0.019489959674563056,0.07694951885089221,0.007172024167478865,0.003011950258279651,0.02027656176478469,0.04347614519970231,0.01545818339931878,0.008525398208294479,0.02019706334885835,0.06162323461955411,0.01876633534190526,0.007167374094970135
1317.6548221357052,0.00950132274902351,0.1215638960115922,0.0019111696903433755,0.0013306982223508725,0.037114863196758566,0.09375671496443412,0.0008841930028729291,0.0003761963428015305,0.05564541371607828,0.046698696780420275,0.00716022540062473,0.002830208648533226,0.020643559968479098,0.04300850748676173,0.015446489940233772,0.008488260954703423,0.020218750672783455,0.06164839223431314,0.01874606936261474,0.007162557608610074
1315.9210657907897,0.010156976675573273,0.12158312315112953,0.0019110641166351756,0.0013331886779821543,0.03748737161751068,0.0883389597780657,0.0009154503792632427,0.00039518036487500745,0.03473727902877625,0.09877417946411947,0.007457112622372136,0.003048933447052202,0.019227358524361273,0.044099315262170674,0.015444043305967116,0.008444745382455801,0.02026772084678954,0.06146638527412297,0.018718831773858087,0.0071509584786445665
1314.1918659671487,0.00938252028299127,0.12156265277723366,0.0018985308471322912,0.001331913432305221,0.04111790957141999,0.09376888828450658,0.000884622901014663,0.0003810870165963185,0.04390539217774681,0.04193237957478111,0.007098408928460306,0.0029363457103404023,0.021062360045806756,0.0435498618623175,0.015343540549206053,0.008506553614883904,0.020206163760106186,0.06139160724182924,0.018696354391095016,0.007142029346825799
1312.467204725722,0.009815715148013406,0.12102554453088188,0.001900071365599143,0.0013328435771665596,0.03587736682650799,0.09132086887742065,0.0009018492079259233,0.0003812435145993834,0.04821807460539204,0.07028870741896623,0.007295454714704337,0.0029515608989506537,0.022128051607881182,0.04522462654294331,0.015379482325233588,0.008483188414998476,0.020169111211542804,0.06128013148882079,0.018672231039750246,0.007133437714670655
1310.7470642214942,0.00959603206859954,0.1209335912053242,0.0018970128813741109,0.001329667903517827,0.03724048671703601,0.0893585948537476,0.0008895253057555906,0.00038185747485207805,0.0313892564913505,0.08371052112902094,0.007225171417251931,0.00290084472411541,0.02002077542994453,0.04463540773985306,0.01538611876340144,0.008447806013454785,0.020122608299670185,0.06114559462430241,0.018649721605590527,0.00712419412651973
1309.0314267028798,0.010061316890178564,0.1210995535229531,0.0018956100776604918,0.0013250938424395084,0.040894764878772846,0.08971013872383365,0.0008766790732789663,0.0003803897477419479,0.011763809377244696,0.07919941904751208,0.007091391064188347,0.0028651452529624873,0.020378534169019843,0.046009903336672694,0.015340641716408816,0.008437460913876217,0.01999196521059194,0.06111686699465029,0.018625800471355487,0.0071135600188617955
1307.3202745111112,0.009508441759818628,0.1212233645645721,0.0018903531196350642,0.001328604776427564,0.04121125330985314,0.09004921606491094,0.0008846157083259929,0.00038020494416483,0.014637989646876027,0.077569983147609,0.007194121611295665,0.0028676882570397915,0.01962337980304844,0.04278970544735559,0.015359567470651625,0.00841495799097031,0.020049659652647316,0.06106526306284734,0.01860233538114606,0.007105199083890659
1305.6135900796346,0.009198932808085128,0.12002945215795831,0.0018977752130670586,0.0013300365015526464,0.04143693753880985,0.09196967169284735,0.0008720026417644813,0.00037185012541721244,0.0311884139805595,0.059269982333607356,0.007017575941265261,0.0028600052628098608,0.020284748551159748,0.04407898358949499,0.015271997506862308,0.008502988540747098,0.019971881919715828,0.061095924620925696,0.018577643932798607,0.0070972647964015236
1303.9113559335074,0.0097876706113688,0.11988272279049925,0.0018962051281375901,0.0013153331506818673,0.03929441598854197,0.09052443100531665,0.0008771170539251811,0.00038421269515165996,0.014085190076838323,0.06619832214333768,0.007062037418961223,0.002965805216640989,0.020278925847094374,0.04263967436216264,0.015246789341735071,0.008453231665405025,0.02012464500743129,0.060992989915094276,0.018552324615116248,0.007088077946988973
1302.2135546888023,0.009213334104327564,0.11950847042336006,0.0018845975614840207,0.0013144901360741847,0.04073617494816338,0.09248593054601979,0.0008789815131577494,0.0003741161848658479,0.03444011785299517,0.04657257173814859,0.007111827613869441,0.002847563235932051,0.02085596852112811,0.045292466413018664,0.015268156209151068,0.008432206078864062,0.020032350900960765,0.06084926065117411,0.01852936745254925,0.007078587931671803
1300.5201690520157,0.009315161972558546,0.11854634807689293,0.0018852946107193935,0.0013152992113693814,0.03925396537013585,0.08868554956038145,0.0008798398482764521,0.00037822731668963103,0.010240668535791194,0.08632987663999861,0.007140722604467498,0.002867706106157396,0.01943525385887191,0.04306347366771982,0.015260699357059085,0.008394861977305537,0.020006558311320765,0.060760162152921196,0.018503631755150372,0.007068602633852729
1298.8311818194807,0.010654452456990222,0.11914519153605971,0.0018715901683281947,0.001310193813528372,0.03953768505328404,0.0912371779188117,0.0008750457514816072,0.00037129320914768726,0.023563302110620542,0.05700651531087919,0.007091535356378136,0.0029014834209807067,0.02031586401740762,0.041626871759228364,0.015251292273658661,0.00847582998240614,0.01994188852774575,0.060636147279092625,0.018483468938451552,0.007057382484796043
1297.1465758767836,0.008656597063465561,0.11911918042393385,0.0018596784644973102,0.0013033103438564982,0.039553689977419974,0.08800579955212207,0.0008760218367607265,0.0003784668959730565,0.010995284352755532,0.08861797094388704,0.007054212070102369,0.002917305789138005,0.02135303568149245,0.04388904434159842,0.015197089027521307,0.008440712409555197,0.019856586045601882,0.06059511446629528,0.0184622082086521,0.0070495157208238166
1295.4663341981868,0.012713689443208599,0.11621174396464477,0.001858024924991092,0.001323140649066861,0.03843747298792555,0.09179493420417881,0.0008789204899587167,0.0003748809495570167,0.028832668541934534,0.050097735656715756,0.007135107444577526,0.0028257884847750305,0.018727878099100672,0.043647583958052474,0.015232242852360198,0.008340784694047223,0.019935091812310707,0.060522895661976675,0.018436552048138273,0.007042928741301747
1293.7904398460546,0.012141992088893513,0.11313405453836137,0.0018842359242058205,0.001291347944545755,0.03963881995146056,0.08676519729483054,0.0008714518356569114,0.0003783189372870567,0.03470848687132741,0.11231433272542139,0.007046125511659945,0.002915590563245081,0.01923614758597295,0.04448119975883475,0.0151520996076575,0.008340741213108469,0.01975860752772195,0.06043057890573824,0.018411585406836652,0.007032883339976171
1292.1188759702843,0.010170123204439555,0.12626248199330023,0.0018209768093037434,0.0013748585561441584,0.03727321894788581,0.08875045640073877,0.0008774086404194993,0.00037955927636065443,0.0395359654293661,0.06376937603460192,0.007042146567559577,0.0028535770731515715,0.019654252101753453,0.041779067997020664,0.015154823309095268,0.008416510838402846,0.019859902509509596,0.06045326358809794,0.01838784952400736,0.0070248864339531305
1290.4516258077422,0.004211593499402293,0.11797335757988477,0.001740841835885049,0.0012998751897075472,0.04216003301179796,0.08853177609690058,0.0008834430556754996,0.00038159472200327067,0.019315724061253786,0.08482884267909876,0.007024890442219443,0.0027945125381175643,0.01942162739403367,0.04443127506425433,0.015137438275078938,0.008260282870479675,0.019794017033995283,0.06032858254279641,0.01836700943550992,0.007015702728408585
1288.7886726817012,0.007991535693898617,0.11897667925453283,0.0019985529171865726,0.0013493436368736211,0.037311758711233586,0.08915998097424649,0.0008559437373105069,0.00037334903269074934,0.028509767578586188,0.06781352466329137,0.007059371670793361,0.002829923791304399,0.01905269997805386,0.043701717945155004,0.015114257699540296,0.00830784158923264,0.01986490369891858,0.060298029502334115,0.018341313691563322,0.007008010494585662
1287.1300000012873,0.005534980574654143,0.11650457315079737,0.0019052816063814778,0.0012720262906081236,0.041757884940353394,0.08905903159744136,0.0008652071884203207,0.0003726833960149179,0.018817616362038422,0.08048468727266173,0.007023301859106766,0.002934666296207081,0.018726443909633676,0.04327352679030717,0.015062489476549036,0.008377702132743796,0.0197387458652781,0.060053997932271806,0.01831886142090477,0.006998971089740443
1285.4755912609257,0.007978094545251528,0.11750154190514428,0.00190097405131843,0.0013055979603009602,0.0372500514000358,0.08745931632289249,0.0008577930069223224,0.0003833839299988955,0.026497119901508017,0.08658065527176427,0.006972760406232904,0.0028845413072363475,0.019380538214268835,0.04342772704387762,0.015080858266334976,0.008288602769825572,0.019692115451887784,0.06005157475281331,0.0182969025702422,0.006989463242793656
1283.8254300397948,0.006696617049242298,0.1169293975142631,0.001884572803454621,0.0012749963583479542,0.04045237906401212,0.08864172551697509,0.0008626243200559479,0.0003678235829697004,0.008149300723318289,0.07605831743941945,0.007040275544404499,0.002874397471878409,0.018876813700710666,0.04274732189823624,0.015090669745870852,0.008323115428258341,0.01968355066885085,0.05999925972141046,0.018272025587948746,0.006981109544528068
1282.1795000012823,0.006971028483061221,0.11700994309071007,0.001870424951599648,0.0013069935126444152,0.036321253070499826,0.08727401163792697,0.000862541960549888,0.0003795741897242754,0.03751403934917262,0.08846868440863244,0.006981050501760951,0.0029012156965475934,0.020149173198830996,0.04325852451950594,0.015032847850608563,0.008335853662679853,0.01967686834000367,0.05996552503292647,0.01824948782140798,0.006969596073451057
1280.5377848924459,0.007118170972832352,0.1152321208817639,0.0018957787449895625,0.0012990457751581163,0.040355839505025734,0.09091657752013008,0.0008524597036914632,0.00038327050396053173,0.029307582851722597,0.0515301930464904,0.00693036923304159,0.002865893196241005,0.01819386154635547,0.043760699614770214,0.015004586174498983,0.008233377053297271,0.0196836494849558,0.059888481765437,0.01822456460970054,0.0069622570206990236
1278.9002685434784,0.006978546282649612,0.11614905641950954,0.001875972778241319,0.001284868199266233,0.03847908784001947,0.08679070470458981,0.000810252846671685,0.00037208478301469373,0.016817952371056894,0.09058302740671384,0.006533917302586947,0.002684313939692866,0.020781525573742316,0.042307870085651844,0.014994748108261596,0.008246838665931771,0.019638231949344973,0.059768794198822944,0.018204295152542013,0.006952142681408157
1277.2669348671777,0.006705489653253166,0.11547731059537915,0.0018899394360031923,0.0013036337746320048,0.04037191124300036,0.08921332985187319,0.0008439040218550959,0.00033363248706533034,0.01563938176516502,0.06745881493937385,0.006870015134616206,0.002499330161145927,0.020544226918731288,0.04233964688833095,0.014994699145296607,0.008281730047050505,0.019630398535308163,0.05976166649062564,0.01817975612114511,0.006944072018687466
1275.6377678584186,0.006612664669819872,0.11348139716914896,0.0018651895599097797,0.00129321267686314,0.0376814997189552,0.08530808999364534,0.0008593806981457043,0.00036372213387635886,0.03868590285526406,0.10978744589783336,0.006995406082905977,0.002749594923199575,0.020621619033931043,0.042570931793250874,0.014992446378747004,0.008228988154371961,0.019573050927152547,0.059615481014216244,0.018160267178542487,0.00693888378921425
1274.0127515936306,0.0071206587334423765,0.11494179887126987,0.0018670665986324803,0.001274840256128557,0.03765030305650344,0.0903268861862187,0.0008540018525361505,0.0003531202887080516,0.03390563928785263,0.04831228688017034,0.006916193279944808,0.002714202077149429,0.020098477020372436,0.042881287650196304,0.01492864234730845,0.008244239683581827,0.019531583562232727,0.059541313501761964,0.018135053138382897,0.0069276756546499335
1272.3918702302801,0.006604998836151527,0.11362408652581592,0.0018557455691774376,0.001280614340803043,0.039048550267364535,0.08572980480546254,0.0008606724788808859,0.00037275477812968226,0.02387266290313117,0.10065615076361183,0.006990327853462925,0.0028043791498349514,0.020099092256651997,0.044330146493252745,0.014939775778013852,0.008206811702629846,0.019514044748760482,0.05944805658477067,0.018115814187959517,0.006921082142883242
1270.7751080063533,0.006613876678231332,0.11488301335553845,0.0018556744039490071,0.0012844713770459508,0.03532828832329374,0.08916080907905728,0.0008620788269991598,0.000355122644642668,0.04858104535559791,0.06730904830784662,0.007008924235321178,0.0027623295570495987,0.019270969389986903,0.0419494758503308,0.014928714971420447,0.008253433910140266,0.019456709591388753,0.05937472209641782,0.01809379295940003,0.006907940280480847
1269.1624492398478,0.00509164995107026,0.11384991760887532,0.0018530258885627571,0.001282201528222515,0.04021992269776913,0.08946446951714726,0.0008419980672257735,0.0003656658289731534,0.020158759307879068,0.05938126223041866,0.006816404456625413,0.00275738943798464,0.02011601980365501,0.0418619151858469,0.01488752885218918,0.008217040758999915,0.01964499498626624,0.05941295566913059,0.018072634405931584,0.006899925137426686
1267.5538783282639,0.008143411864916432,0.11204542988459437,0.0018473419442301007,0.0012821734848915082,0.03691270795370013,0.08933773316390124,0.0008593137719409628,0.0003680828281953414,0.028024603632556787,0.06030543641384219,0.006897909243942563,0.002817405645883268,0.02181387671826404,0.04178424896426889,0.014798369693236075,0.00818588863581968,0.01945870647966812,0.059213986246899795,0.018043505109024482,0.006891377072619725
1265.9493797481014,0.00647436614089053,0.11374024605638401,0.0018456078649541833,0.0012832224161525353,0.0409752449978214,0.08786144009117777,0.0008503425869532209,0.00036340486070570723,0.019969593588556014,0.08005935357455231,0.006946210772682834,0.00268740177244922,0.019924669336796732,0.041035910478553234,0.014910039184484854,0.008153953735911683,0.01949705667940561,0.05921843347573894,0.018024502308441874,0.006882211291096739
1264.3489380543617,0.007912890346653045,0.10904253556438383,0.0018485604181996038,0.0012832427270425694,0.03664638729023724,0.08837022355054493,0.0008473197958831815,0.0003631546936548704,0.02761357957833442,0.07485858775298307,0.006834825310527597,0.0027732884639935316,0.023012094773553215,0.04282543213496572,0.014798692449074072,0.008181279513725208,0.01940682558883485,0.059082366975325575,0.018003438019126947,0.006875209494433583
1262.7525378800508,0.00809402669192906,0.11131326844262096,0.0018427731770215784,0.0012804877979715602,0.04078731230746268,0.08958158439784901,0.0008429084144993493,0.00037354611485509174,0.03097170433126575,0.06139028187168956,0.006801885874899513,0.0028063399039541543,0.02058182880432325,0.04373771398275583,0.014779951775791887,0.008184503560897513,0.0194069010227138,0.05905314529426769,0.017975309612057774,0.006868573338494092
1261.1601639356875,0.007374026499308504,0.1118048319749396,0.0018462059466755243,0.0012814413145918325,0.037835162427440755,0.08680020704135974,0.0008536796591485791,0.00036167578004629865,0.015158169011928594,0.08136615644301459,0.006943653801909648,0.0027553614766133473,0.017812131033726586,0.04289659012566215,0.014811099344890423,0.00815391693932851,0.019400475214094163,0.05894662494442409,0.017960903660192755,0.006859051402806781
1259.5718010088165,0.0055099239248413805,0.11194750445476878,0.0018411720919155208,0.001274209824247625,0.040539225256415075,0.08859209301883422,0.0008450503178916291,0.00036373737236283354,0.01766915489688212,0.0668067833578149,0.006821768686566652,0.002755092078243648,0.019665916933301518,0.04157983141404431,0.014744923056136979,0.00815465369945945,0.019327893200298665,0.05892308261063924,0.01793550141981772,0.0068470757976459426
1257.9874339635223,0.007081337382719298,0.10818572647847463,0.0018378188779248196,0.0012782745319243637,0.03849160766359307,0.08726060089930397,0.0008456572934990615,0.0003567689189587066,0.013497013553759398,0.08259735447524963,0.006834894377381208,0.002769183715007475,0.019788368579162417,0.0415679895801788,0.014734545335999773,0.008189008793984652,0.019357168387567653,0.05886709476162938,0.01791222359571775,0.00683970440171144
1256.4070477399498,0.0074279020911394945,0.10851262538900922,0.0018290475962332807,0.0012767089163307872,0.03983425367847699,0.0898491309893577,0.0008368233728752055,0.00035951651348565774,0.02312314099411494,0.054030173499704286,0.006767084190967978,0.0026547594306545294,0.019539679606578503,0.04143201427610335,0.014730165800215278,0.008086807546896403,0.019301275031684665,0.058751708336668436,0.017890912121129785,0.006831981060011353
1254.830627353827,0.014093262342989006,0.10526101150823798,0.0018345856391758768,0.0012814238283641026,0.039486337457067366,0.08468915940279241,0.0008444550556321155,0.000374767840469889,0.043572058121981457,0.11783102800449707,0.00682444230353531,0.002833943777881105,0.018229853564347625,0.04181149398766541,0.014693858891701791,0.008091473658053407,0.01929394416004661,0.058697072338254615,0.017866370495267656,0.006824307941418312
1253.25815789599,0.0050365536547541286,0.10929031739738185,0.0018297625463323368,0.001276860704424247,0.03754104727825607,0.08880660366558377,0.0008410744819078648,0.0003584048630292354,0.03543200970628856,0.061578346966220714,0.006819011407029734,0.0027309303840712083,0.019404391143675398,0.04146294125326297,0.01471283756708835,0.008143439279044007,0.01925859606058597,0.05855899623340027,0.017847642832449422,0.006816901365589631
1251.6896245319151,0.023551163564156274,0.09105895962102063,0.001837997296713916,0.0012698428179613865,0.040445497001019556,0.09078122113420987,0.0008389369375565572,0.0003710496207012994,0.017955808096421014,0.08162690184511685,0.006790482488525477,0.0028639342775156383,0.01966717023096855,0.04048088226426568,0.014663067261162161,0.008124305777865238,0.019206148308394053,0.058560240307502454,0.017824171275122595,0.006808369297414962
1250.1250125012502,0.025639973458294753,0.10822237924373901,0.0018263180536699933,0.0012822618922666202,0.03306501946681438,0.08560422201662848,0.0008418683058317596,0.00036939448592273325,0.028388679383935925,0.09449064598298415,0.006765413243614896,0.002811053470149601,0.02063958064854512,0.04142062808384309,0.014611382002193527,0.00810138054588524,0.01919967628503419,0.058417292559881574,0.017804044030747774,0.006799899435278791
1248.5643071173536,0.010522340895071399,0.11855724709453204,0.0018508726320867039,0.001287357104487355,0.03690774471954969,0.08459414604989844,0.000845648187572753,0.0003739873090590985,0.014005469203286902,0.07983763716359117,0.006879504420014788,0.0028259290877042913,0.019765442252118695,0.04019143225974258,0.014641563504391318,0.008045100069452587,0.019144296641194745,0.05843006826097239,0.017778398865726616,0.006790790958214838
1247.007493766833,0.008825608029705681,0.10526196803312422,0.001841804169799753,0.001251433207759992,0.03933470369216003,0.08795407572169975,0.0008377294375110379,0.0003547150131742096,0.011311467490491651,0.06979721338668253,0.006853054476541979,0.0026815505896392376,0.02053880157674768,0.043565807585059485,0.014671052413583274,0.008017363065525626,0.019163571246375726,0.058326836310165414,0.01775924642448589,0.006783956722486291
1245.4545579090911,0.010698615428174792,0.10357283731655552,0.001811948204049868,0.0012513412525375347,0.04095804975524254,0.08697194727012887,0.0008426670966684952,0.0003722565363073731,0.01170213473567876,0.08751090023944827,0.0067515002712079,0.0028975657963503545,0.020328831348005706,0.042126406400631033,0.014541080512297067,0.008086794997797325,0.019131645058423716,0.05826104493352561,0.017737679541724068,0.006769783072469243
1243.905485075871,0.009341411034621692,0.10400280832702788,0.0018232384049071582,0.0012742621293965674,0.03742528656415021,0.08629183902679446,0.0008540919424859987,0.0003603019205269488,0.029477041136388434,0.08857563160758306,0.006953267335615507,0.002820824664210848,0.018828146562835622,0.04265021570248489,0.01461186130510662,0.008085520870537162,0.019160852147342446,0.05818403314038957,0.017710502486986742,0.006768140159046606
1242.3602608708077,0.0690446184149928,0.0886988114878508,0.0018101900928945308,0.0012776386761211658,0.049272395618047325,0.09722740667124954,0.000830230870039183,0.00035793064880979914,0.024898084781738362,0.059950893309950334,0.006709781513491967,0.0026383057894310883,0.01856567103948418,0.0429297339965383,0.01456351716687627,0.00798221486283432,0.019119391019565685,0.058105556647755185,0.01769397451367561,0.006760700560348567
1240.818870968983,0.07879487543868635,0.042305855067560266,0.001815769386628347,0.0012747554735444817,0.038304131446796466,0.1025961207498078,0.0008382389067918812,0.0003674173461397263,0.023784102981459828,0.049675898595440054,0.006829568065966579,0.002854357576826967,0.01773170361718777,0.040597148962361655,0.014577252149493429,0.008060803462425877,0.019073811120432035,0.05806807283494628,0.017670748182283674,0.006751344659421592
1239.2813011164808,0.19443421632492713,0.20244111637837606,0.0018021189092612933,0.0013364008170093566,0.0806739795893521,0.10656840129782015,0.0008359134138286156,0.00038165775228243663,0.036548518270976126,0.09478495240982518,0.006714226143524108,0.002839638670704453,0.020666235501521586,0.04134802683032931,0.014507645924962639,0.008053145815678212,0.019044225777948138,0.05795688733150393,0.01765513738576027,0.0067424539332058735
1237.7475371299506,0.2809412389798811,0.3714386295567651,0.0019093180096591699,0.0012273368389858143,0.0897411141120931,0.0638836141415022,0.0008345329018679741,0.00035624036785403875,0.041494032900039945,0.11101574373145655,0.0069086410581117716,0.0027994749030390716,0.02009556027332603,0.04119852991526797,0.014551878969639545,0.008001082376695286,0.018995392610606714,0.0579321561801672,0.017624370236265105,0.0067299204869229
1236.2175648961681,0.2709905203974926,0.20106258058276674,0.0018706227799795954,0.0015899547105128885,0.038350994788404966,0.12814215319938993,0.0008370304120514974,0.00039502827114055766,0.019927611580747857,0.06639373140285132,0.006721791984592055,0.00266506927453757,0.020000232601410282,0.04370396260739676,0.014478190106390818,0.007942154969152355,0.018990725562400418,0.05780701738670185,0.01760842187037261,0.006733234994305603
1234.691370371605,0.19216827751356041,0.2647662746848821,0.0014445002445994338,0.0014934653343381915,0.022963071779080767,0.0682508989496185,0.0008904469027994715,0.0004054752429886657,0.011269567557487089,0.08535782523820934,0.006745453395494022,0.0028196583093021404,0.01946887010640369,0.04170816472241957,0.01441505263687519,0.007956855364186272,0.018952166426738814,0.05776472670046669,0.01759011578358173,0.0067154931844582155
1233.1689395819976,0.06723884138625341,0.15104322454472896,0.002135308295825398,0.0013240225990106764,0.02638985411324255,0.07764515571010673,0.0007782760557697343,0.0003386030313008087,0.02888005131379405,0.09245121824696552,0.006595355593643574,0.0025720349645901907,0.02073020140552805,0.04152492886361651,0.014448881964574228,0.007997429235527452,0.018948419270545153,0.05765957111248864,0.017560419277953758,0.006713638829960776
1231.6502586219215,0.12131102973057667,0.21458187295043682,0.0018081569204208051,0.0010418466567437513,0.027031097216256475,0.06865681217990806,0.0008667534377894442,0.00036521622021923664,0.02468120512588894,0.06399806151230218,0.007118818810780377,0.0030429887744460073,0.0201721932341671,0.04259310303856334,0.014482050382565014,0.007937934375143807,0.018942511402812227,0.057612938689186176,0.01755019825644472,0.006710907330046705
1230.1353136543667,0.03670233091422933,0.14884988757924608,0.0018151641033713197,0.001175671572050393,0.04051008040174131,0.07766280140982526,0.0007677017012257572,0.0003775461665733441,0.0049293217060082445,0.07445661553508488,0.006221508497389091,0.0028168591796603193,0.01889897390347074,0.04043432410286789,0.014462586310656467,0.00797899522843799,0.018931536306519843,0.05756532823765804,0.017529666061490323,0.006696842182833032
1228.6240909103196,0.05425191342544578,0.1423690334689121,0.0017459522157025349,0.0010896904620559039,0.028283659101304818,0.07833595179876801,0.00081097839721638,0.00027842474986039257,0.02714904881264902,0.08813303321628611,0.0064891730426361195,0.0021483264468672406,0.01995311347303051,0.04245271134228079,0.01441271583903491,0.007923731201293414,0.018897518550743096,0.05747840857970121,0.01751624727059778,0.006685489469275538
1227.1165766883437,0.04807498330440288,0.15366206057734008,0.0017505048929015582,0.001216141476404752,0.03384502010712092,0.07656736340564457,0.0008120090349124298,0.00040194206540455836,0.014177720604582758,0.06972356180539457,0.006548041112795165,0.002991132431223818,0.01973229913824878,0.04083118982898668,0.014407722378073674,0.0078900209188626,0.018847204352355013,0.057444435476864474,0.017487897754981305,0.006663275195477005
1225.612757354167,0.032971740471784916,0.1307563002906825,0.0017880789802573592,0.0011722917814489086,0.03237942424342664,0.08122788354837861,0.000775674921063681,0.00028875963667690936,0.015772777589872757,0.06647167051500356,0.006207961265326761,0.0020998795786164415,0.02037037274976006,0.040540886077814475,0.01434700693704648,0.007940910357974142,0.018843469912567558,0.05733594029766249,0.017454867100197044,0.006660635313967946
1224.1126193402695,0.04412410924185035,0.1396433207020492,0.0017525106609292134,0.0011855735722480349,0.031124817674967734,0.08146916102361021,0.0008423501309016085,0.00032150455772351805,0.029860513393630495,0.044675078744825916,0.0068337087964559905,0.0025053815707452897,0.01884507701230298,0.04229873199350277,0.014386069861737544,0.007875098319912205,0.018838928260581866,0.05729776600627792,0.017433402330175218,0.006658200755412254
1222.616149145477,0.04738006554183709,0.14874202045881957,0.0017820750618996073,0.001197155971987545,0.03506817799507514,0.07643530029025877,0.0007912000131626191,0.00036722470678733166,0.015831344361924238,0.08232067497313177,0.006323681332349493,0.002708906039289482,0.020057543719359833,0.03964918546662754,0.014278831699571823,0.007889642852593758,0.018840358304472404,0.057233283373685266,0.017413809011558038,0.006658540262718727
1221.1233333345544,0.042863805600633735,0.15150002135418206,0.0017766605402434667,0.001175889766843959,0.03457728420014202,0.07509573702107328,0.0008438242432822552,0.0003579508997172482,0.034149408465152985,0.08463018413452851,0.006851967786025299,0.0028497011867997975,0.019093158216678643,0.04135961222741255,0.014337384065478326,0.007929445125671434,0.018806674666591302,0.05713868963918108,0.017406978240783202,0.00664399008632588
1219.634158537805,0.022101202351613367,0.1302831835092788,0.0017572722925586024,0.001169695701524373,0.03699900980598812,0.08349054851012835,0.0008047179230202096,0.0003152848330681805,0.037148201016768585,0.03764085669946581,0.00651426283265516,0.002353606580994438,0.01822623459679041,0.04023207129460334,0.014334142439548295,0.007886519718234085,0.01875080950324682,0.057112930268402806,0.017370885371974877,0.006625642364940361
1218.1486114506702,0.025716119709926353,0.1331838736127896,0.001733787968838683,0.001177753585035823,0.03991380186579647,0.07686354679565337,0.0008172457475844774,0.00033896233831251055,0.04555895735575177,0.1127317877241479,0.006569745029545378,0.0025594702988973672,0.018628109592723662,0.039203542693965324,0.01427932237169448,0.007893370211504722,0.018690997539513837,0.057038224959651926,0.0173474632244107,0.006637269566041947
1216.6666788333334,0.019064805052878154,0.12500813371129965,0.0017514903889594023,0.0012005711638739078,0.03188496866765819,0.07849967907942924,0.0008033134822874478,0.0003427585394795731,0.062378812781944355,0.10904512782452817,0.006446953957128408,0.0025471701347922525,0.018080980972126317,0.04150267271161526,0.014260221150430099,0.007849048138453614,0.01858649604962898,0.056961260196499816,0.01734139180977032,0.006630446120393282
1215.1883475103282,0.024142656090073093,0.12905685358440905,0.001748627509337496,0.0011947593094177819,0.03482154736682381,0.08473970879427924,0.0008158449779314824,0.000368499792101686,0.055522878126611726,0.018338477065964722,0.006591236085864933,0.002778640202854786,0.022267274162562026,0.042505442505404605,0.014262814832202625,0.007847171826412537,0.01879845779626631,0.05682473938289184,0.017315822323099007,0.006610372487257139
1213.7136043701457,0.016315232414173448,0.1234348060058725,0.00175381308011761,0.0012015770164486052,0.04096965376368771,0.07864705016158735,0.00083084650716692,0.0003491543692668623,0.05504568399660428,0.11804611598109287,0.006711088857631109,0.0026870040579634377,0.02032706181432486,0.03584569290689657,0.014224214968917967,0.007822115383661411,0.01866691411257425,0.05672824712872204,0.017292276518203874,0.006611836511632677
1212.2424363648488,0.021459864399801357,0.12471411803090292,0.0017493812629042628,0.0011921011993406626,0.03175728167199986,0.07783634596604544,0.0008195751229534807,0.00035258871088707114,0.05866886661083181,0.11066573917970207,0.006641651993199024,0.00268559227344576,0.014747314176033251,0.042904179891323495,0.014254133103020669,0.00784726125463157,0.018587963406063772,0.05663919467655931,0.0172825940130409,0.006601201552925148
1210.7748305096854,0.021305470743819478,0.12751760425393288,0.0017519148834300722,0.0012032920360516015,0.034106590820143626,0.08124051286673835,0.0008338321255149431,0.0003414712823809944,0.0253859390851774,0.05539229804626046,0.006788208855190399,0.0026208386068284966,0.024779919100839484,0.04407961434464626,0.014252068353686408,0.007811125498117265,0.01868067323984645,0.056582693102743824,0.017253911479119453,0.0065827971695996135
1209.3107738827089,0.01712232485907518,0.12376360268330108,0.0017520599436395888,0.001193853153344368,0.034102685969105095,0.08194095924780052,0.0008124135759120869,0.000322226642163779,0.027443562439459907,0.06444117676079283,0.0066016235497750216,0.0024313602366584862,0.022900298237281534,0.033483198331210495,0.014220306301378912,0.007824213882622185,0.018598513846287402,0.05657872763383266,0.017229990359846757,0.006584414609020707
1207.8502536243964,0.015708182229699295,0.12035306445715689,0.0017434054835118102,0.0011924619665648493,0.03769630680015575,0.08414945976698346,0.0008069440413296282,0.0003413331280212102,0.03799700846548465,0.04047988789773021,0.006503798750052976,0.002581189903716344,0.01377557000932272,0.044664160160628935,0.014166280567694823,0.0077932489186999234,0.0186301854340708,0.05650650523555916,0.01721612509148409,0.006576526703019597
1206.3932569372741,0.016153181027252755,0.12012135722124927,0.0017432400855273305,0.0011980263229331902,0.03772444090735452,0.07941193151458247,0.0008149517971582594,0.00033780041977567166,0.028229297083174364,0.09487385839287052,0.006592735422738132,0.002554270431299484,0.027325263528237713,0.04350827955596346,0.014165671881230283,0.007787896976509705,0.01856728298567704,0.0565475163480368,0.017190760560752423,0.006567894430451377
1204.9397710855424,0.015579789871820899,0.11885167409297567,0.0017442083067164974,0.0011992784436864394,0.03410204423160503,0.08036950882759492,0.0007977020746477968,0.00033798335093826925,0.026101534561973345,0.08441249492922417,0.006433023944820784,0.002489520945868604,0.020544124777193615,0.03660122707572553,0.014137137743989258,0.007752950269516351,0.01851813683279589,0.05638214026334701,0.01717392936648599,0.006561273981610196
1203.4897833947052,0.016635874693020202,0.11897331366897021,0.0017443419269222837,0.0011965420757651059,0.03572271414290278,0.08391314958971012,0.0008023507651256746,0.0003535103856321142,0.02542594100042995,0.04702964311006148,0.0065180137933099755,0.002681170605792716,0.024872768456530397,0.034034513132703656,0.014160646359480517,0.007812557023709765,0.018505334322806703,0.05638057802957637,0.01715361464297453,0.006549680365294847
1202.043281251202,0.015729925518849098,0.1191685368704278,0.0017420533840420956,0.001193682559597315,0.041347635457030595,0.07967947890905797,0.0008136988109937941,0.0003516252921844254,0.05372052689924495,0.11065144756071028,0.006618388946355227,0.0026219426211752405,0.012384067178279346,0.032185646996855645,0.014142273090232842,0.007704622495663333,0.018397674396695665,0.056191647295142096,0.017134494895527576,0.006544770196671555
1200.600252102041,0.017013237838861054,0.1192036772733832,0.0017389104396450365,0.0011947777440266762,0.033750591099443665,0.07356690129885655,0.0008164172972627232,0.00034634469331034436,0.09002208159227498,0.1539899252598449,0.00659251837721516,0.002643513775142031,0.01347562714804296,0.040565447025676986,0.014078218463330764,0.00775169182254975,0.018504568919291618,0.05611825748438685,0.017115977781392438,0.006533632344206438
1199.1606834544366,0.015040984049723828,0.11923589253895817,0.00174151232264036,0.001194010947044031,0.031421175408152126,0.08400290632477021,0.0008121294282206679,0.00033968386324154337,0.06899057167078623,0.05898828649204591,0.006548871770624194,0.002576445603146801,0.013076393752049208,0.04025752849147616,0.014052141588114084,0.007727434924176379,0.018447236676291643,0.056096648288586355,0.017089721148123717,0.006526296076247913
1197.7245628754492,0.015102782331006396,0.1183720210682385,0.0017315380391958752,0.0011899951038054637,0.03863237548074368,0.0793515775853155,0.0008117897576263563,0.0003372806240184319,0.032687561121326654,0.09240323216175068,0.006569939162033108,0.002502237014446603,0.019502400106221385,0.04552397279411773,0.014076287815118828,0.007678950128854924,0.018522654535734942,0.05606608468912813,0.017069696731386724,0.006517924425035498
1196.291877991627,0.016293910839297168,0.1186841118881093,0.0017338818147782306,0.0011944768856716915,0.029233359408496782,0.07937338382389982,0.0007997933193691568,0.0003264637612653075,0.07789893244807565,0.107973403902587,0.006479325681411672,0.002438723337630993,0.01575476642900717,0.03970488423489557,0.014058947548959819,0.007714950795090799,0.018388208517995504,0.056089238310176516,0.017049534148270228,0.006514947656174967
1194.8626164886502,0.014803478081733119,0.11799812355236557,0.0017388294355436193,0.0011941834672977829,0.03845997207279622,0.08857305658334869,0.0007839351263699133,0.0003387985453963234,0.09151664888649844,0.0359085254815679,0.0063599236288995765,0.0025703022958349663,0.018824851850570274,0.039594212002679485,0.014051616749298517,0.007782317994580935,0.018329780825642558,0.05588466568557524,0.017036496543515918,0.006504576825020427
1193.4367661109789,0.014750234423927613,0.11685325918850437,0.0017336179773446202,0.001182792388621244,0.04476519746907566,0.07573856040665587,0.000790424655629091,0.0003587350339884855,0.11170139906028152,0.16866921904713159,0.006491844927159054,0.0025996833924602763,0.014123217774656206,0.03970899208545834,0.014106204022657562,0.007636891196636566,0.018375124792460163,0.05587217575225925,0.01700755667403157,0.00650125473486858
1192.014314661502,0.015545787738874583,0.11806797186694341,0.0017090869637802122,0.0012073150026083407,0.03273621192963983,0.07080459152590483,0.0008182623855942043,0.00037083689734634256,0.11866621634533148,0.18054415681649327,0.006585785031652839,0.0027704561838313925,0.018803248777931904,0.04145153728405389,0.01398362206053406,0.0076314330537902144,0.018285809756119903,0.055722371237728247,0.016999975115449387,0.006493455603259904
1190.5952500011908,0.013754527299291082,0.1155000635349417,0.0016929866641323386,0.0011621348224899399,0.02809460992294004,0.0797636583967614,0.0008311679760205505,0.0003464621507377144,0.09008114321841997,0.11389573864119443,0.006702453191560952,0.002699975820783936,0.01561015701233709,0.04012747100529353,0.013975530084347676,0.007680346384097299,0.018439956617194848,0.05568827072043826,0.016967066438871168,0.006477180385691481
1189.1795600487517,0.016695960988192184,0.1153805240257179,0.0017549738339887465,0.001122917214638569,0.02959612372161286,0.0830089316657933,0.0008090024532230241,0.00031887767796040886,0.06849871120839077,0.06984121744952426,0.006594588105044631,0.0024087357869585196,0.01748703395079549,0.03947294152278828,0.013968683775275163,0.007588072489609946,0.01833713506253485,0.055650876699059396,0.016952427138600245,0.006480469432633025
1187.7672327802852,0.010538420030361246,0.11251500517212522,0.0017237975656990412,0.001125399455631104,0.03474652344871062,0.08485938403562543,0.0007987091405441475,0.0003201336524375721,0.04563571623748416,0.03069352731495094,0.006450629225350664,0.0024332878862766776,0.015405132392105529,0.03790037884619425,0.013920052521705771,0.007620358203236825,0.01839715724306826,0.05562577437415439,0.016933114551686102,0.0064643330432746955
1186.3582562289444,0.010626748845273891,0.11772232860742361,0.001759616223154213,0.0012170338385761334,0.03631863761073268,0.07901633701953277,0.0007872986317426045,0.00034441054780555983,0.013554148497195828,0.08063256149725179,0.006360856900831835,0.0024965293587881,0.017363382569005582,0.03977287795219212,0.01389599865246323,0.007624023165476634,0.018272743509098587,0.05566656404979791,0.016909193387070438,0.006464242279100261
1184.9526184845972,0.01719858317147303,0.11238466198347428,0.001721228606683642,0.0011699259716679547,0.02885762475905293,0.08160455501741472,0.000819302535370507,0.0003508971532661168,0.06672188046153196,0.08257561989807734,0.006617986928706307,0.0026899456980213248,0.015815168416379408,0.03975806380511974,0.013894779861020872,0.0076555495830228516,0.01820208734474652,0.05550148340595182,0.016897210911485293,0.006455855366891697
1183.5503076934913,0.019252147715057948,0.12051932407151913,0.0016724951128520994,0.0012347522254654883,0.03040038834531613,0.0842920647327947,0.0008251465206561624,0.00032106875137078296,0.08024478183386205,0.04603352135728686,0.006719450859517989,0.002419228442259776,0.01681636815268586,0.03892904200461896,0.013990714718929619,0.007662962254804175,0.01816944060472969,0.05541554141420947,0.01687586389730936,0.006450298978627395
1182.1513120579198,0.015001673244648269,0.11766951009150756,0.0017509528605514492,0.001186198370423775,0.03541593504312768,0.08995245776066486,0.000774107214479541,0.00030885088004893065,0.11624608813828805,0.04646127773654379,0.006326969806054584,0.0022471691153914085,0.01636670732411984,0.038288692173234315,0.013936094160230568,0.007589250723960841,0.018166032985831266,0.05524575373125405,0.016865877075593755,0.006440340976666389
1180.7556198358916,0.015840040248659905,0.11855881979020358,0.001694220098941123,0.0011711030231910885,0.0478788793293922,0.08820676901108389,0.000777154744267744,0.00033149467317354327,0.15846432652887993,0.14403156421527777,0.006253743991921976,0.0024536523406620864,0.01722327554427284,0.03831250325903601,0.013865781369307703,0.007587216247444809,0.018266268428597462,0.05527595976064967,0.016841022613783816,0.006424119165137277
1179.363219340802,0.013211249144948431,0.11644240749389759,0.0017137281320215106,0.0011848151568728414,0.04553611372565158,0.07143449385435968,0.0007890625483013845,0.0003247732520290186,0.1382277912228877,0.20078204210801465,0.006322751033882563,0.00240020144013462,0.01607262041366827,0.03685383403732965,0.013774075778802703,0.0075647508069389205,0.0181242870763841,0.05521529150458332,0.016813991933732397,0.0064137994929531995
1177.9740989411075,0.014113205513884527,0.11612239932907009,0.001695466247203169,0.0011686776881478338,0.03235098910377987,0.07671439659963591,0.0007660866613769188,0.0003461362418311533,0.05096995087372121,0.10522251436896372,0.006161208409572942,0.0025009094094238867,0.016775368273038594,0.03791734712686158,0.013824239446392182,0.0075791162463607,0.018220915722609567,0.05514299704951641,0.01678896713636962,0.00641322416133762
1176.5882470600002,0.013932863244296089,0.1159185991628098,0.0016997809818471471,0.0011854239845372832,0.040100370769438363,0.078011202064128,0.0007954269030894919,0.00036368166814036154,0.05196382805452935,0.10665519050576311,0.006419953145370642,0.0027472106772327334,0.016329036500167274,0.03861158558085204,0.013805596276085885,0.00759883160684746,0.018109290402112253,0.05516167765339139,0.016773320696260145,0.006410419449979486
1175.2056521750883,0.013814391659566695,0.11545284538613693,0.0017023618911271117,0.001179123092098498,0.03412512501038875,0.07135301589728142,0.0008249867386547548,0.0003443695370811571,0.09698154454299285,0.16179343032950727,0.006737586999332403,0.002620007735113244,0.017332598986132763,0.03829282005054126,0.013850365321595193,0.00753521433078718,0.01815387156260978,0.05505800257848438,0.01676078107580908,0.006403371728685017
1173.8263028180752,0.0138520230433397,0.11485903313825258,0.001699756406716912,0.0011770626711280002,0.030112373960840738,0.0791474733168175,0.0007877261359438532,0.0002982418727821542,0.06233776427966382,0.08813344363827477,0.0063291402317260945,0.002266262309310074,0.015977360424469608,0.038712596332843976,0.013766451998811458,0.007622342505143081,0.017942525583932622,0.05507169061405636,0.0167383244117213,0.00638878739760845
1172.4501875744434,0.013860349047739973,0.1150230494714819,0.0016974152898177038,0.0011779937675464292,0.03236789721035944,0.07919970375192593,0.000744780574028071,0.00030414966759546565,0.03437001326340399,0.07297821413973599,0.006063869758595244,0.002105492003146145,0.016346722148357775,0.03810194340524403,0.013855546867657635,0.007546068848129814,0.01799534187066729,0.054683636892972606,0.016711677211993462,0.006389799924674069
1171.0772950831383,0.013480860122062751,0.11509778140332401,0.0017010228830134507,0.0011817730517458412,0.03423193181839675,0.08267328587198887,0.0007394361749046702,0.0003608956817877697,0.04151759979685716,0.030969721655156296,0.005940929162550901,0.0025398347387992543,0.016301177016020258,0.038001772738076776,0.013762330743681515,0.007530326997262452,0.018221444184641614,0.05484208949497132,0.01670653663375804,0.006389623805117092
1169.7076140362574,0.012556385229854219,0.11408316369790032,0.0016957610498122815,0.001169745124032598,0.03923654332377861,0.07653238044077725,0.0007864349899551165,0.00038981567480011315,0.05046272352255331,0.11317921305700314,0.006362961655293026,0.002915404689241055,0.017329599776927104,0.03971762201347809,0.013737124340864245,0.007508950420953744,0.017979470306968896,0.05480192806560913,0.016683362287652253,0.006367020572322561
1168.3411331787386,0.013191818000153264,0.1144849278610609,0.0016920157997176975,0.0011698535133358575,0.029925654667284394,0.07519940854081902,0.0008199706058354145,0.00037092713039732646,0.07986286203799632,0.12640272417315643,0.006674661017642623,0.0028809509520334436,0.01649202844388168,0.038065109258003,0.013739289401951382,0.0075379859318472275,0.018119160316234034,0.05474877479792388,0.01666189193465052,0.006369871017567101
1166.9778413080514,0.012785644544828926,0.11340274009817752,0.001692954087666556,0.0011698919557205098,0.03378531715915808,0.08228402232034117,0.0008212594113158737,0.00034084641362519037,0.03965284345439286,0.03508404769774402,0.006732868799730926,0.0026420168670517456,0.017280290038840455,0.03735352412978991,0.013784551628339773,0.007508359510410547,0.017900400439202383,0.05478361912905473,0.016648334545017143,0.006358225650912252
1165.617727273893,0.013463241000850956,0.1137112252843975,0.0016895797459176365,0.0011673184477373863,0.03358437330622013,0.07615018084702653,0.0008006357064820728,0.0003165791704752552,0.03726705862593824,0.100906817447247,0.006483075416035082,0.002462121771491103,0.01807710705764781,0.037945578190086635,0.013697483907572756,0.007554121882574671,0.01795122002391422,0.05455932094113696,0.016626163272330605,0.00634896804436392
1164.2607799778814,0.012152075613003176,0.11349709151852935,0.001692917936690799,0.001169205428806921,0.030841698143017165,0.08201365587373789,0.0007863497706429284,0.00031843647374889326,0.06388236042123806,0.05372410494975952,0.006411589608770052,0.002337897837027652,0.015980269637144297,0.03769815832998023,0.01372680553312646,0.007478800711665634,0.017706520752424293,0.05463037640751159,0.016604930028002684,0.0063440530763783755
1162.9069883732561,0.013196545938667021,0.11311375470119361,0.0016898396681265771,0.0011624702414080028,0.036522372001133396,0.07979699510247067,0.0007828439248088008,0.0003178787910818096,0.018342856014989195,0.06435042296147461,0.006352363637341339,0.0023356642356209766,0.017430490062786682,0.03902484259186761,0.013679028552123672,0.007485026112448135,0.017627640581461747,0.05405877918314381,0.016588621414421224,0.006340630573940399
1161.5563414645762,0.012580000238287713,0.11360661293322673,0.0016877743863871878,0.001164778060700294,0.03212448534247959,0.07901117527422274,0.0007712208011334698,0.0003173977219120251,0.035094562237486665,0.06905449234284206,0.006202771188018706,0.002348032136135327,0.017690211016212563,0.03919495640142487,0.0136231955205003,0.007507804887502237,0.018182749295007163,0.05401462058191105,0.016572960041016258,0.006328800002350323
1160.208828307425,0.012160760240200666,0.11273019063624334,0.0016871504402131913,0.001161395928079243,0.036313077015453755,0.08097444480595621,0.0007635230811991478,0.00032855367988530906,0.028421711143852342,0.04899601138135642,0.006187378663869096,0.0023738164257886022,0.018241985183158616,0.038807395265043836,0.013655247663572996,0.007454521980842907,0.018256821380892765,0.054233574564417075,0.01655108473787575,0.006323789616972872
1158.8644380081114,0.012438108250691545,0.1126198653549226,0.0016811622407000675,0.0011601053753003136,0.03444756936025249,0.07659020115550583,0.0007770543201527896,0.0003388268579827677,0.023881300249514386,0.09021485559962202,0.0063017504665711065,0.0024394799420369654,0.018100382524128402,0.039815574784886884,0.013645374172309072,0.007419688402324264,0.018315309879305502,0.05454126472954245,0.01653619637844498,0.006313704799480913
1157.5231597233796,0.012370213005895258,0.11235794516302444,0.0016799518987009364,0.0011587408212030475,0.03304637382166538,0.07819661397188388,0.0007857562522189771,0.0003339127114984092,0.023298656680908462,0.0707418097547721,0.006391979972083262,0.0024726133220788916,0.017321703320640605,0.040394295531722885,0.013632972531306948,0.0074626556404477394,0.01770984571191906,0.054737685457055076,0.016512749920881812,0.006308421146002106
1156.1849826601158,0.012590760022650771,0.11224881965834133,0.0016835839425890376,0.0011551559831199643,0.03153359284113398,0.07823673536276572,0.0007827995515122395,0.00032336410348506576,0.037839151316459055,0.07386363532972887,0.006381921782578397,0.0023765792555800413,0.018713996999530753,0.03961466938745785,0.013634666604575654,0.007427892000448888,0.017484812898386107,0.054056869913324083,0.016499862493952393,0.006300057275822098
1154.8498960750578,0.012495498512922577,0.11217211092324471,0.0016757431737003162,0.001164024190538705,0.03318449619400753,0.08198198901891657,0.000774701877234152,0.00032177336644722366,0.04835990283172573,0.027505423761086913,0.006248148999920883,0.0023366591576443638,0.01740728014281058,0.040014340618046575,0.013554795238946602,0.00737609464972228,0.017934545179696813,0.053958002385466185,0.016476877091617735,0.006288571982791144
1153.51788927451,0.012359260595554287,0.11184125164052275,0.0016745681612515652,0.0011527413927068628,0.03574840196260294,0.0793077525766442,0.0007710792703850233,0.0003204910160654196,0.014137002609246996,0.06033275722933676,0.00627347016410319,0.002305716899484637,0.01700261189958126,0.03885997374366907,0.013596475513098245,0.007427696012075857,0.017817017251970647,0.054125468018289775,0.016459336466247847,0.006285597770366451
1152.1889516140554,0.012379112553485073,0.11190808008572381,0.0016732269294838966,0.0011522550104428595,0.034679140901216196,0.08002495809809038,0.0007642071105670836,0.00032147442057263215,0.022631732401240685,0.04652572404511966,0.0062036539510529785,0.0023010781325477118,0.018245312570514545,0.04037826387976823,0.013579091041404576,0.007347981976631474,0.017719526808361835,0.05409915249024277,0.01644233097093877,0.006278607845163418
1150.863072498274,0.012412577393260429,0.11191440229927643,0.0016704713772365625,0.0011492843021891558,0.03679396378864581,0.07810739879044991,0.0007660560539560047,0.0003284306179741918,0.02131140764915525,0.07522004292055848,0.006222268703784397,0.0023862047739843166,0.017412696747409546,0.039170305164238715,0.013555669210691703,0.007392409441153478,0.017507231770632046,0.05392321967328344,0.01642267873975745,0.006269635491433407
1149.54024138046,0.011835486899723035,0.11112930102685309,0.0016714389624765062,0.0011459989327613869,0.03478365015318414,0.07794696625068238,0.0007717126409190079,0.0003301220979762085,0.0021343167237333235,0.07025979183202859,0.006260604952850465,0.0024099614092964387,0.01597308594113597,0.03914473723539733,0.01351407776394264,0.007355237156113912,0.017675083525296325,0.05361049982622328,0.01639948118351291,0.0062621275045657634
1148.2204477623422,0.012195432366325379,0.1110044689600927,0.001673890451414617,0.0011524052044127615,0.036902401215429675,0.07592913050437546,0.0007719188898336128,0.00034057039090404833,0.03401797124881264,0.0993720768863213,0.006274761283880091,0.0025125893964120355,0.018288437220384146,0.03772862606017326,0.013524782233039928,0.007374547075312309,0.017801545838439306,0.05375134847922181,0.016385407095856005,0.006257288766743269
1146.9036811938076,0.012165315769518197,0.11103120038790795,0.001664738878097699,0.0011576955044655696,0.03104569248399684,0.07463232976507975,0.0007771053737055099,0.0003310780924870926,0.05715054427876732,0.10743990246355806,0.006296289827972561,0.002390396845348494,0.01651342988184602,0.04025470357957228,0.013500920015810134,0.007322606953355259,0.0176734827315061,0.05370282410630119,0.01636677241242229,0.006243471763533832
1145.5899312726233,0.012121974786681278,0.11101652139181409,0.0016679245721904783,0.0011411105048108657,0.0327113926174974,0.08021395515295898,0.0007754611269725805,0.00031426041520029495,0.03688276066896814,0.04223738945485459,0.0062115451333274434,0.0023700102668544284,0.017803007713827895,0.03817891694323874,0.013398007978940304,0.007418058931454314,0.01778816137525239,0.053660707007529125,0.016348063440230126,0.006243958301772852
1144.279187644165,0.012161008696999313,0.11097599808704396,0.0016570834245202505,0.0011413358223375523,0.034454607920212495,0.07752698166465725,0.0007547115188122378,0.0003179224241475042,0.003289362469128497,0.06962192050563257,0.006129526995468253,0.0023388715539435956,0.016929427486639566,0.03850098761302973,0.013503746523969282,0.007381213923502866,0.017650654512955312,0.05375053003265096,0.016330768412358868,0.006232718659854133
1142.971440001143,0.012097672731391826,0.11080235761830427,0.0016609650673247128,0.0011390387912997017,0.034885022889713686,0.07901809695100562,0.0007603823578463691,0.0003325606001018152,0.017559887240152342,0.052399879994393536,0.0061478357245707185,0.0023927861682957585,0.016636161488399387,0.03955115446654468,0.013430214663646712,0.007325044920715161,0.01746505026042416,0.05353159566965881,0.016308597144019256,0.006232546307053706
1141.6666780833334,0.011999211017993928,0.11051199276865015,0.001664675427686375,0.0011427346784287592,0.036223495180791446,0.07467216867543644,0.0007629988828460564,0.00033212773789664205,0.037096349960186535,0.10391332649903175,0.006183690144131273,0.0024855529271905824,0.01695525530891654,0.038588097164049505,0.013424627557981359,0.007399721907775919,0.017578248504828597,0.05334585964530539,0.016294071546246607,0.006216899851191208
1140.364891677309,0.011941546702813187,0.11044063939604333,0.0016559325090986768,0.001139949402604027,0.030849072886795493,0.07545405926963698,0.0007714531971650066,0.0003317276713319742,0.04854078578512663,0.09425992813675921,0.006278422165036072,0.00242702297421525,0.016367976557639222,0.0396096668704202,0.01344563200053893,0.0073139825600631305,0.017678495140396162,0.0533254677956761,0.01627101655697389,0.006214968077829865
1139.0660706161732,0.012050295904958317,0.11034623397054276,0.0016584287051585474,0.001138512355363547,0.03286595676588953,0.07784668260797895,0.0007673321510609733,0.00032645306434953773,0.020884267142170676,0.061726582275845314,0.0062388523995918505,0.002467469625654192,0.015230161772646321,0.038141010287268316,0.013430110662582533,0.007330423057561251,0.017585811430565153,0.0533936923135333,0.016258939312107444,0.006205457341778885
1137.7702047792948,0.011823375145964455,0.1101287732004356,0.0016534667220141355,0.0011379974645433436,0.031159685920101852,0.07735225581948023,0.000767458305279155,0.00031735995345457985,0.03925585645963535,0.07103625089683305,0.006295515424289734,0.002344136673659579,0.015577207812755163,0.03871171973669725,0.013464018688668422,0.00733283561307943,0.01757565590338862,0.05322391161596814,0.016234312866727264,0.006203596488136217
1136.4772840920457,0.011901543802465633,0.10998026025574088,0.0016499380926347845,0.0011361736190133066,0.03437285081858572,0.08083302207199287,0.0007487010944755659,0.0003090177373678753,0.040770274783239795,0.02792032128837035,0.0060445190366659775,0.0022127575371506864,0.016499128836334045,0.03795759854596574,0.013368949747830653,0.007272226443078382,0.017605154363285438,0.053289206735522864,0.01622307054744757,0.006189236801278015
1135.1872985255393,0.011851785992079828,0.10978491229983926,0.0016499532664550809,0.0011364429742248758,0.035418798912058985,0.07657871573212162,0.000744271337038478,0.000331003813809814,0.010695815624182618,0.07668471729390264,0.005976864761776268,0.002448698238692659,0.015360771382906351,0.038461083170004774,0.013313124933452321,0.007306348342102554,0.0175967914172388,0.05316933640640983,0.01619528380772733,0.006188363344247535
1133.900238096372,0.01179012107655329,0.1096932475023281,0.0016466044727401813,0.001133282449578741,0.033939277891604586,0.07785827488349754,0.0007481520067895096,0.00033373214640427466,0.009485439061189623,0.0593116586049754,0.006004556419569489,0.0024929385554110966,0.016255970932319765,0.036086006154163554,0.013301166787527723,0.007315210958245307,0.01749016220066914,0.053283824703705,0.016193880028972263,0.006172842765764839
1132.6160928663649,0.011829081628885858,0.1094763059401748,0.0016411198133353406,0.0011310265684639656,0.0354766546774172,0.07551272979123351,0.0007589094479025959,0.00034207346901200727,0.01845395790665005,0.08489233540013322,0.006138636980818606,0.0024983042659433995,0.015404240172639128,0.0400808272432792,0.013328713068004257,0.007277017869514118,0.017387125360850155,0.05293934780803351,0.016168674923721798,0.0061845032916026605
1131.3348529423079,0.011616442865237714,0.10929944574516291,0.0016443078382780043,0.0011339727290734804,0.03252765548751928,0.07542290429694846,0.0007681458178744765,0.00033170914646151904,0.02757051325619679,0.08434823613790858,0.006257786444024716,0.00246929896541867,0.015588062108863893,0.03778214609394668,0.013348528024289678,0.007316808821307866,0.01752788842751527,0.05297436778392453,0.01615854211091086,0.0061781700338717025
1130.0565084757063,0.011689589873683317,0.10919317733465041,0.001649306754437319,0.0011287767244044578,0.03316545722360003,0.07617385454784546,0.0007686356618002481,0.00032362890139878814,0.015888260905216396,0.07347977197429033,0.00627720252553987,0.0023690349179239832,0.015559617484799166,0.03804879328342374,0.013313941869641271,0.0072965895608105525,0.017570972865261495,0.05286442688233331,0.016115183693328646,0.006187622135075614
1128.7810496625284,0.011714356258889839,0.10916930123894043,0.001640320734705277,0.0011211097199650168,0.030668228899932034,0.07611629656288287,0.0007582998809949298,0.0003099782832968739,0.04203933960048405,0.07854342240868997,0.006116764460740956,0.0022967687469049375,0.015464238086867317,0.037854484432076126,0.013243815972332026,0.007265554733233126,0.017469055044077655,0.052961800298626474,0.016094069859064867,0.006141379114429398
1127.508466742954,0.011657423906421561,0.10897396263608061,0.0016352152958771697,0.0011233982951627947,0.033369749662589494,0.0789455910352545,0.000753362218484891,0.0003194754615492681,0.028273654043511426,0.0401564807125312,0.006097762959805409,0.0022696211513062374,0.01822499186003302,0.03849541796108351,0.013283649602085376,0.007178408314681936,0.017322830976032,0.052720137170344905,0.01610411672132817,0.006146693012832765
1126.2387500011262,0.011645906463949444,0.10891228071764177,0.0016381812442290281,0.0011210807187854693,0.03312236973554275,0.07562396155390746,0.000753223759091855,0.00032250061880844614,0.014159274613540699,0.07578126847422294,0.006032817059527786,0.0023740324612494257,0.015618417055520186,0.03951337981030291,0.013178363676153503,0.007263662010342739,0.01737971083732605,0.05282761797402247,0.01606900283885962,0.006149811148743095
1124.9718897649045,0.01159220997935085,0.10869836230943397,0.001635648040818606,0.0011297056341109508,0.032514654823436746,0.07833458939091113,0.0007588467259109202,0.00032416849504720094,0.030992718320834466,0.04593676048519981,0.006160492394209015,0.002346985990409685,0.017271708115308235,0.03873844793088215,0.013239037473701839,0.0072215319974393045,0.017383682932050355,0.05270679987414127,0.01605175143802211,0.006129490702915851
1123.7078764056182,0.011387712114721008,0.10867123028109582,0.0016320946491147044,0.0011245468525214336,0.03430503335235514,0.07666267017425457,0.0007531967749366155,0.0003136625763357009,0.0018229688723223826,0.06364428339188187,0.006102247794255997,0.002305036609209319,0.016020476540076014,0.03762651029498894,0.01323158629294521,0.007225174188863541,0.017381206527460287,0.052807278113961284,0.016042725275432282,0.006127827913862728
1122.446700337823,0.011518526843416414,0.10846253207368738,0.001631987053006629,0.0011254902832140013,0.03254758279834355,0.07769237692998072,0.000751588667978949,0.0003157153392155132,0.02191099804023059,0.05034627429290787,0.006045771612351041,0.0023006865363653377,0.018017625068176567,0.03782909126298417,0.013164529999071663,0.007234062062153151,0.017381936610559034,0.05251510724932012,0.016021934367796975,0.006123258852796559
1121.1883520190586,0.011442620319207761,0.10823624628945917,0.0016237896712530016,0.0011195537990438846,0.035079781906757077,0.076545748793003,0.0007514600415938807,0.0003143674962376489,0.011263498198768939,0.06534155639753357,0.0060736161815461535,0.0023225991909605072,0.014966005831467769,0.0390273599433319,0.013187603245646426,0.0072591887805536865,0.0174817501046144,0.05269401293326607,0.016004397282749872,0.006114148091534986
1119.9328219496083,0.011604403027848846,0.10828551776314564,0.0016308872929061027,0.0011185839921317344,0.03243542904786278,0.07617764122325008,0.0007501849716987645,0.00031987344242035825,0.017617419628354246,0.06775360802235993,0.006096685793698831,0.002328255320433494,0.0165283137677751,0.03529122971864381,0.013196044387274715,0.0072182620005505896,0.01715598938356989,0.05270104036539821,0.01599004515136755,0.006106511578817532
1118.6801006722596,0.01138390107019929,0.10813564882667481,0.001624052392051456,0.001119373760356678,0.03461701986444911,0.07726657785101984,0.0007500950690917127,0.0003180169240602002,0.016415387385859168,0.05460697049455297,0.0060017593092125026,0.0023498879130489786,0.01796752492477952,0.03985771027509838,0.013097808152983172,0.007218619344334681,0.017207750133147574,0.052494067869063084,0.01597099233730547,0.0061001969593003245
1117.4301787720672,0.011470791107240145,0.10784416661239792,0.001624129688629222,0.001115622398948721,0.033153528893224836,0.0752693868199087,0.0007461070778134964,0.0003145624937184906,0.011786718265139336,0.07448683473807358,0.006049629436932457,0.0022893396634321573,0.01661130835102593,0.037146128079736954,0.013163226686570554,0.007203538296521505,0.016945348049128943,0.05242541844865099,0.015957476862846817,0.0060954292459924255
1116.1830468761164,0.011414470482872295,0.10802424811843685,0.001621869430687424,0.0011194553357007338,0.03405434662978105,0.07726195642138785,0.0007454148539539883,0.0003212043698902114,0.016287183592070462,0.050873918771310374,0.006056831468155301,0.002363468029625689,0.016999942655166026,0.039322287850480545,0.013160781992188595,0.007226014698722882,0.01720889925984588,0.051972556834170965,0.01593699046722739,0.00609002434458485
1114.938695653289,0.011175250380850685,0.1075235429477377,0.0016195280967974412,0.0011155083858245688,0.034694750011112524,0.07420982424081236,0.0007486920935458002,0.00031777730052081244,0.020467098569943068,0.08662842674335955,0.006044978654182041,0.002299102758775819,0.016315822569291292,0.038050190903162015,0.01310526563362006,0.007178998245619881,0.017202023283602368,0.05225890363397669,0.01592152486565991,0.006082445552782245
1113.6971158140313,0.01116045366849882,0.10737386307892555,0.0016162169156958563,0.0011142197134469348,0.03230161534552138,0.0754058749755304,0.0007446575576134005,0.0003199036248390801,0.01701376847892058,0.06997105990090811,0.0060137662881645845,0.002356999457277832,0.017631788914768146,0.03750517723266627,0.013096506104539963,0.007196583590052762,0.017394151904652096,0.052037567171411,0.015903368575521066,0.006071773382813261
1112.4582981101225,0.011310145134351992,0.10723925777160816,0.001615061186334342,0.0011172886229549447,0.033687646080810506,0.0751759282824791,0.0007504236883314593,0.0003195609235548693,0.005960945172795029,0.072743529965018,0.00605979858310447,0.002343914338915984,0.016155917086264956,0.03689616505957325,0.01307146124831887,0.007182238785711725,0.017172149434493446,0.05235885490308416,0.015887802298347648,0.0060671120985290065
1111.2222333344446,0.011132948719549732,0.10729301899503098,0.0016150180172851071,0.0011148379199645672,0.032100335942075044,0.07467162869059078,0.0007443238919498101,0.0003144557630063467,0.01974879619693329,0.07543411489878499,0.005983311937058418,0.002320939839003975,0.017072796146152078,0.03780755507618143,0.013042337375080754,0.007201095954428342,0.01693018148945835,0.051844309080502665,0.015868303421378495,0.006059115365959989
1109.988912320755,0.011328582947618498,0.10715272159029018,0.0016150870164841722,0.0011084001237020406,0.03313610300334737,0.0752632548435087,0.0007485728884072359,0.00031697841951956843,0.00827631112775741,0.06801459200080233,0.006066298305527999,0.0023487466320182785,0.014793939108465548,0.03744323917941281,0.013065131160713683,0.007203115215894497,0.017471388704604775,0.05189503031230554,0.01584975724824152,0.006055887624720997
1108.758325943459,0.011607019634258852,0.10702695868672372,0.0016150467617621666,0.0011166267828538745,0.03144356552247923,0.0746156435190684,0.0007550022124797388,0.0003216745908774418,0.023934909441014434,0.0743281501333629,0.006077976281677901,0.0023470599297502567,0.017456860651102347,0.03711822894500987,0.01299419123402139,0.007123032118121134,0.017181943745300247,0.05213685008625187,0.015834906047369406,0.0060473114214216975
1107.5304651173867,0.011355464560537593,0.10708574550705532,0.0016082978896204188,0.0011089511762539441,0.03214594978471956,0.07654305093133926,0.0007435041209482204,0.0003103650156241079,0.022719388914842417,0.05098429041487151,0.00601745598851191,0.002302209984495816,0.016452893671627215,0.03798972748956012,0.013036550312895665,0.00719767110051724,0.01716647109418048,0.05198020081418063,0.015818585213323976,0.006038900861601628
1106.3053207975665,0.011466201379591387,0.1067077839656318,0.0016079332061296706,0.0010948070044529815,0.033058719496105934,0.0757528589726975,0.0007481894404038581,0.000317075265062816,0.006690997119686621,0.061163115079468394,0.006074626224402087,0.0023488734463554526,0.01772076856724223,0.03636441725348428,0.013031090871789466,0.007137076053881518,0.01706789708694539,0.05188994824705576,0.015801193932958993,0.00603100597047262
1105.0828839790058,0.011365310943964353,0.10618887492280522,0.0016038971339364845,0.00111876617554181,0.033111563331545954,0.07537377319656617,0.0007471646680649052,0.0003151717231172242,0.003743980683126895,0.06468372599386593,0.006079737746217544,0.0023582444442152304,0.017556138727276214,0.03694800490884083,0.01303991445141112,0.0072377436981952755,0.017175816747287475,0.05198559148988833,0.01578360154345858,0.0060284855029331345
1103.863145696468,0.011069657373664612,0.1065233078822992,0.0015829365053921126,0.0010981132407958177,0.03300460139737188,0.0747729979556842,0.0007389685979622227,0.000304647620188903,0.007774576539699435,0.06937594501987332,0.005954072956619056,0.002262097577006146,0.015017343884672942,0.036837502918928365,0.013002764508394542,0.007136552870304378,0.016861433338186592,0.051650449304921076,0.01576890381277642,0.0060200837600111815
1102.646097024256,0.010913954507682294,0.10634660335335569,0.0016077059726560504,0.0010624837345028508,0.032307067631069004,0.07506326681312302,0.0007396719327923038,0.00031663173239122183,0.014148969047584023,0.06470832450610936,0.0059463619209729115,0.0024989911242632836,0.01637724407941791,0.037570881595038345,0.012920943160190225,0.007187031364297234,0.01717625460867226,0.051572930949647613,0.01574724806693844,0.006014399612758829
1101.4317290759914,0.010942520466469784,0.10627132050880479,0.0015800809449000178,0.001097753209601027,0.03311620526688273,0.07523880505773314,0.0007476676886917305,0.00030253444841152837,0.00660229822487508,0.061512771578179595,0.00607776246479479,0.002189767978392799,0.013837269108182417,0.0377165650439935,0.013012407460779127,0.007120323439943577,0.016963011483472908,0.051733287458192216,0.015732865227867442,0.006007209566045172
1100.2200330044006,0.010830686162523483,0.10602552020169916,0.001591616424628596,0.0011058386068086108,0.03256888383231576,0.07473826924895298,0.0007225579255399453,0.0003226932119668922,0.010111935999277507,0.06614438730670383,0.005763300225768136,0.0024205929242090227,0.01599567954246115,0.03764969518468209,0.012894073546567152,0.007076134040260654,0.017020054653277338,0.05155034224214597,0.01571432004106815,0.006001501590127811
1099.011000001099,0.010749913462457327,0.1057441729888701,0.0015873986651571879,0.0011007435577731616,0.032912396415639984,0.075328043643604,0.0007532832365331671,0.00032046564888531514,0.009454314575748248,0.0604239251694931,0.006126111235724687,0.002358962734935541,0.014702098379415562,0.03615413571641264,0.01296838082556434,0.007138360800431967,0.0169702149913612,0.05164852365429579,0.01570201473518704,0.0059939981222637785
1097.8046212963777,0.010806850065641634,0.1057268821623575,0.0015962490084697224,0.001104232956300734,0.03283481607166991,0.0743569941685751,0.000726317140662963,0.00029607171268550476,0.006699950743512735,0.0702857018005907,0.005865220733449184,0.002162923951426964,0.016381086970880396,0.03617203859345971,0.012922508188934194,0.007078329625696672,0.016909011163863136,0.05142604651825664,0.01567923268589781,0.0059879770591744095
1096.6008881589914,0.010842747824163246,0.10552113278252712,0.0015830370354045578,0.0010936354629205894,0.03227081533468784,0.074793728639652,0.0007279080225408214,0.00032608370980428107,0.012738513867200514,0.06327505429836974,0.0058619467411467905,0.0025189875574471122,0.01584990201596099,0.037362462726473464,0.012919848804111194,0.0071612647976740445,0.01699882044267215,0.05148140877666419,0.01566696390861913,0.005979171311736142
1095.3997918959476,0.010999130895108395,0.10555193758188516,0.0015853356441326385,0.0010967035057620276,0.032597385556952276,0.07438192747028215,0.0007341699031852386,0.0003042842232442933,0.006955416219731511,0.06703837444499729,0.005918710885434227,0.0022287392863035898,0.016959050681029555,0.036785228997074225,0.0128794748199917,0.007066019131711379,0.01681535387886601,0.05135160239930316,0.01564425184575062,0.005974862109563297
1094.2013238522977,0.010814366060818556,0.10554283057982244,0.0015892833430850438,0.0010943668264943233,0.03191641445269132,0.07465603811352683,0.0007189409860375303,0.000322342887970765,0.015442460818007967,0.062208893511835395,0.005748221546421525,0.0023769328889636067,0.016110958318994718,0.03726365481221129,0.012844627578197512,0.007008523531928817,0.016915497375970756,0.05124781640058661,0.015639303047679288,0.005964226759716556
1093.0054754109292,0.0106389813955642,0.10517941657950108,0.0015879132566010714,0.0011067778444479115,0.0326610615336612,0.07475441549883459,0.0007276564319176953,0.00031973153929891696,0.008396526299997901,0.06048146417954068,0.005787331449152968,0.002380067005888145,0.01699098688082184,0.03744071466717777,0.012783613903426017,0.0070766500652650575,0.016843254942595396,0.0511948864434162,0.015620749193966228,0.005970156752134562
1091.8122379923582,0.01083052002885478,0.10505211815118563,0.001573257621619687,0.0010606481444026467,0.03220957120448979,0.07455904895996585,0.0007319111455181191,0.0003195397907359484,0.01051312033768305,0.06182292301260421,0.005910749908298869,0.002437802223120866,0.016970951170810728,0.037659572055627824,0.012885573629129735,0.007111476734724484,0.017007510010808132,0.051295910386224566,0.015606170497834804,0.005965348005446305
1090.6216030545258,0.010656945664311235,0.10490028429577324,0.0015534759173665184,0.0011406436675610665,0.03276790743222403,0.07506148507572784,0.0007432615424576781,0.0003170925459008889,0.010522478258228161,0.05616076825804243,0.0060420764632171525,0.002221428259751649,0.016237744119461408,0.03645617959592081,0.012893485465805618,0.007052589271172117,0.016739377491641356,0.05130459407484958,0.015574710329834703,0.005968990666496978
1089.4335620925929,0.01080539740467606,0.10496223075425624,0.0016380759523982457,0.0011354799768542485,0.03293665827746463,0.07418321882290062,0.0007178480021427325,0.00032088888049086866,0.002036337440579265,0.06529622205197658,0.00588867385000216,0.0023383363754901575,0.018065560243809137,0.036946292683234225,0.012829707784403472,0.007059886340422672,0.01695078309858481,0.051002971723713264,0.015553746134156993,0.005937893402756288
1088.248106638738,0.01067787675109155,0.10476749585295773,0.0015037717481745886,0.0011029016658298044,0.032821130211893375,0.07398073936480035,0.0007422550429524226,0.0003093619317817448,0.0033458355260358326,0.06614421096052225,0.005871535819950617,0.0022474768489141772,0.015756292854472977,0.036828549698892425,0.0127959433568381,0.0069919132260475554,0.016807201926627584,0.051134467190288975,0.015554010007916322,0.005940568887918789
1087.0652282619567,0.010609842176470291,0.10485788808096332,0.0015862894470377413,0.0011716693151637841,0.03225538718282648,0.07354727820772151,0.0007242556735682399,0.0003286625421415714,0.008281333003635961,0.06961259718583072,0.005841978841569512,0.002310020536639866,0.01796247325817997,0.037057540885262134,0.012746598801706456,0.00703071522249308,0.016853821612090876,0.05082693567753113,0.015525077448688496,0.005938537082207939
1085.8849185678612,0.010405675562863308,0.10597477059385332,0.001519421106484098,0.001202021870897455,0.032467043780249706,0.07409517311809243,0.0007342713133597859,0.00032550780883339273,0.006408839685128067,0.059654829502575175,0.005835867388462202,0.002297957732768276,0.017724888516182646,0.038319397266398866,0.012749598066796574,0.00705864897625822,0.016730772616111073,0.05105814098018818,0.015509609183016642,0.005925743676874458
1084.7071691984818,0.010709313353575766,0.10419012835604419,0.001621614812505905,0.0011045142513884142,0.03243755066017067,0.07338477847298551,0.0007173542931145307,0.00031768902911609155,0.0071893331386031975,0.06934152983850923,0.005883872433070898,0.002327950676708421,0.01613653837348769,0.037664490730109516,0.012796775135667163,0.007046325176047868,0.016809015042150797,0.05078183650282575,0.015498970117839087,0.005918886419261037
1083.5319718320695,0.010553732927513278,0.10420007009432806,0.0016214146632615091,0.0011392821041150054,0.03217341460118679,0.07383423651871812,0.0007162936358557595,0.0003166790151222716,0.00844095033638456,0.06431105536002131,0.005916897720619606,0.0022492344036680267,0.01648164005462368,0.036013268729472206,0.012802915552120979,0.007026175325986746,0.016743304390024895,0.051004914130502475,0.015480999452763768,0.005917988488115977
1082.3593181829006,0.01080870277937091,0.10394177248658755,0.001538781084445047,0.0009961855662987125,0.03245321115896461,0.07324628829648844,0.0007313047581112657,0.0002960380738265359,0.006204993026572678,0.07141341926289235,0.00577141997768099,0.0023294620417131876,0.01674070723297527,0.03522979071580175,0.012669823107266777,0.00701536362520293,0.016717356860799025,0.05071217141479923,0.015465101528701886,0.005906826772789557
1081.1892000010812,0.01053341801807224,0.10401503376733316,0.0015745787252123644,0.0010611590425586481,0.031818827277370655,0.07357618570388715,0.0007222904099827616,0.00030738029008103927,0.011268266706730139,0.06426068540170582,0.005892714911612508,0.002361633932157802,0.01686975458085049,0.03655358709967663,0.012788551473710146,0.007074470369779179,0.016607243593014638,0.050732192317507994,0.015449001256168545,0.005903244140999162
1080.0216090723543,0.010679728992211923,0.10389177725703969,0.0015580658857579557,0.0010686099610400738,0.032534260172742295,0.07347674013112253,0.0007255352672782583,0.00030590927925976537,0.0035353897820798747,0.06652836671357809,0.0058761929103692675,0.0023001948680109107,0.016100295542498144,0.03556989871700978,0.012742407397411235,0.007009626797349405,0.016816346686251572,0.05058911896204292,0.015431005371492184,0.005892220256256246
1078.8565372179073,0.010702047508580908,0.1037059132129337,0.0015676643310387943,0.001055649303346737,0.03181225789123431,0.07318451414723545,0.0007262821537656227,0.00030516651153766287,0.011013783164149003,0.0681800082787666,0.005841858973638061,0.0023007849833059386,0.01616830457549626,0.035288815088624206,0.012678054557711305,0.006982850158378391,0.016679959987821576,0.05081096537324298,0.015418754541644536,0.005888833013176015
1077.6939762941813,0.010692381798228352,0.10366779393356416,0.001566665714777522,0.001061943046155912,0.03202400237229227,0.07373232019391603,0.0007233213574412774,0.00030474532042529777,0.007871191924277647,0.060315161763185035,0.005835210675543372,0.0022522535865757867,0.017565865432562406,0.03653307261949803,0.012682592923457326,0.006962791673751104,0.017016401568250832,0.05040422392038639,0.015402053482448271,0.005882503226970678
1076.5339181926806,0.010640075558531092,0.10348791888602117,0.0015647886304591537,0.0010599108035066552,0.031806611218585024,0.07309787633655385,0.0007221395809858627,0.0003039870437161189,0.008581249965688187,0.06607826632695764,0.005842106935055694,0.0022630702308370737,0.017746504135521802,0.03705170896305588,0.012688665212661557,0.006950374652406251,0.016590644439032073,0.050336886133634205,0.01538703134721545,0.005878016333050963
1075.376354839785,0.01061022268580532,0.10336974276756006,0.0015694761543795482,0.0010589365043640361,0.03240284856963875,0.07334443452147144,0.0007208712999700885,0.00030592365511982215,0.003966890158143346,0.0627022154531445,0.005810685002522708,0.002279492567479575,0.016074199366758607,0.0374308072336159,0.012638170556765636,0.006968094658632628,0.016618984663862742,0.0498970296223538,0.015368615998845907,0.005868681102866831
1074.221278196563,0.010600740238734568,0.10317533021978244,0.0015665274478408814,0.0010623301432399759,0.032030116171732764,0.07271566874324753,0.0007221874708999827,0.00030593835695110546,0.008146537058252523,0.07051466817092794,0.005810883209064501,0.0022630694944672765,0.018052338245681972,0.03539747447391524,0.012615152672881305,0.006949779390713111,0.015646195820658394,0.05053470246662662,0.015353395597408044,0.005865317913045635
1073.0686802585838,0.010538695801588272,0.10315284514398947,0.001565201851625437,0.0010587045483663943,0.03175049440466701,0.07293690427455689,0.0007199329297607555,0.00030489360950973086,0.010017908362975336,0.06403249420204875,0.005776758623705259,0.0022913964870148193,0.01565144562571512,0.03722202223416905,0.012587117604893132,0.006969120382851271,0.01679972315478054,0.0509910908712769,0.015336458970060845,0.0058583665373328495
1071.9185530557343,0.01041589280559067,0.10301893760777135,0.001563438385120682,0.001055382023339907,0.0321558440688083,0.07273340174678776,0.0007201849932739341,0.00030433518584127426,0.007041279601133995,0.06794053354580917,0.0057653233058385335,0.0022908848339089093,0.013895148444419636,0.03503797273833993,0.012557253249862408,0.006966492322017071,0.01657764044803858,0.05058391908122431,0.015322012298465056,0.005853114175724002
1070.7708886520345,0.01056782066920567,0.10294970546404596,0.0015606122385767962,0.0010519268385106918,0.031793524489793716,0.07264426236981696,0.0007185928904736111,0.0003070619432674243,0.010188285145786959,0.06898314043234355,0.005799250151727146,0.0023097497379741265,0.015676883694067664,0.033794003375000436,0.012599925010394674,0.0069850451708530804,0.017056720929478453,0.0503598807490372,0.015307047960483641,0.0058453040887503395
1069.6256791454548,0.010420157672461837,0.10263817044535012,0.001563797148899078,0.0010536122976884602,0.03154166058659849,0.0726751613000917,0.0007224090569922595,0.0003046877979558438,0.01154980050551128,0.06612217223288322,0.00581376864318092,0.002313471842211972,0.01610417478086233,0.035790439296182225,0.01255168332374495,0.006953476209662977,0.0162300990399345,0.04992061930601127,0.01528985863454179,0.005839356807707201
1068.4829166677353,0.010406098123209907,0.1026356277136597,0.001565460478705857,0.0010521581993777245,0.031111144800131364,0.07297091134858713,0.0007188665758665967,0.0003003408927057395,0.012868052081699352,0.06244566264951253,0.005813292444566363,0.0023067162615607777,0.017828605087617612,0.035756574324013926,0.012564043782796278,0.006970897138115043,0.016587211196641184,0.05040510850800442,0.015274575566055661,0.005834718553014466
1067.3425933842052,0.010489830577286531,0.10253218014944623,0.001562467638683542,0.0010470328476522635,0.03180136824792078,0.07306290019566147,0.0007135064023165795,0.000298811556525028,0.009065114573349494,0.060011040379246774,0.005815603994920345,0.0022515533623474544,0.01522310819552974,0.03598464546245824,0.012613206724852197,0.006951519863438334,0.016587885516864045,0.04996432989193263,0.015259585666398994,0.0058271485577959465
1066.2047014936036,0.010076218729222118,0.10233905571903999,0.0015633639385282312,0.001056286382828597,0.03210616538443061,0.07278640574176598,0.0007140462798716968,0.0003047992103604044,0.005181391035306551,0.06411294745202291,0.005798193985533783,0.002271931659095933,0.014716124441236414,0.03315437506802278,0.012565410684419607,0.0068988571241825995,0.01649417862158755,0.04997442991058481,0.015243324087430014,0.005821659920542349
1065.0692332279023,0.010251670782578687,0.10245276335096479,0.0015638708716798956,0.0010530522270131343,0.031725430373656854,0.07241233493156843,0.0007142381053825853,0.00030474997078232583,0.007930480435153486,0.06550107786642383,0.005784436451943779,0.002321977925417436,0.018079234470578125,0.035305130632343265,0.012538490793990354,0.00694086457736734,0.016388732953765372,0.05012091777037829,0.015225547163918007,0.005814284034336361
1063.9361808521278,0.01076054408981402,0.10250994329442673,0.0015529660550490203,0.0010465881848402794,0.031266707402851625,0.07219038799504242,0.0007163177912607627,0.00030336440768190747,0.012890350020531627,0.06331924209419819,0.005778694637835455,0.002205152124052841,0.014249287271059301,0.039238657547188964,0.01251697596591118,0.006812101057980372,0.016540892390913935,0.04992517776800296,0.015210228460804063,0.005811561375501721
1062.8055366641872,0.010141134757808735,0.10226878896560279,0.0015564064132034467,0.0010502089879279172,0.031688324504922226,0.07308210627432288,0.0007170912163816761,0.0003024707284139921,0.011032322560335693,0.057969446194013674,0.005746064739372515,0.0022563231215400456,0.01489227843300159,0.03372674726781675,0.012449195305848728,0.006875630740552239,0.0163140958073432,0.049966000746388725,0.015196140473467677,0.005803245961195937
1061.6772929946922,0.010045397596248189,0.10189045403480648,0.0015549160770767392,0.0010332918632577042,0.03145711754184255,0.07276843311558497,0.0007090299289825493,0.00029244395822871147,0.007021171294912632,0.05907774813808586,0.005741004478699963,0.0021018411356278455,0.020782965320569363,0.0359097404207228,0.012509058472820942,0.006813891488219369,0.01639198824346996,0.04977190561440644,0.015179843983788547,0.005797266821258337
1060.551442206787,0.010220415506736831,0.10190474376525202,0.0015534012833863674,0.0010436595763747187,0.03217760100773947,0.07252701473461699,0.0007052704853858249,0.00030621435258009134,0.005089734400688977,0.05897862438343489,0.005583865744791877,0.002272159382030562,0.0162692785302886,0.038541817164181,0.012362093725025601,0.0068359081425246465,0.016329686142920876,0.049821429613857514,0.015163473562492336,0.005791043129817187
1059.4279766959746,0.010242510223319427,0.10167400322468444,0.0015606521679668803,0.00102782908015508,0.032585036615670956,0.07188475497644717,0.0007138787031474821,0.0002967649995380975,0.004941581263805202,0.06953625280017911,0.005806226547631803,0.0022480798555165357,0.014347257890509607,0.033871799984446754,0.012486691370926934,0.00689564533595796,0.01636640225152582,0.04969724810232982,0.015148484978028615,0.0057864517596550435
1058.3068888899472,0.010347650520300247,0.10168389280735844,0.001573350339136577,0.00103285084912046,0.03132303519066098,0.07125802805209842,0.0006966057875826849,0.0003028124280777896,0.010651303054619555,0.0719497843665473,0.0056107012492991395,0.0022751986159825397,0.019009006407979326,0.036364327852262526,0.012414341326311529,0.006842806878568211,0.016346208850427972,0.04975791489197308,0.015132906127384913,0.00578215678850437
1057.1881712484146,0.010252590368700425,0.10158701445220775,0.0015575613060793672,0.0010506569693966602,0.03156776859923689,0.07204818103158,0.0007091564444508066,0.00030988036278021007,0.006815029620370151,0.06316572565303184,0.005715076740032931,0.0022943444403248827,0.016090796529669403,0.036221038475074796,0.012407354543022353,0.0068347217043796555,0.016292472147553617,0.04965514489528023,0.015116676179044783,0.0057743403262309366
1056.0718162629357,0.010410312959889442,0.10143671585904843,0.0015507446137949079,0.0010498374518541922,0.0314736244802856,0.07124523466216091,0.0007095244624245726,0.00029668532376093563,0.008670051010417401,0.07094085511601136,0.005727073581582369,0.0021505352998268425,0.017525809731564018,0.03636338721983205,0.012411069907256036,0.006805723324528391,0.016340278878236546,0.04963497820398353,0.015102325886554493,0.005768780373261184
1054.9578164567513,0.010218766799338797,0.10120258891998087,0.0015590125716275739,0.001035678193387405,0.03109879999271358,0.07170084590849969,0.0007049983815159943,0.0003003545336668334,0.011432193803641601,0.06533743327675558,0.005653261066964103,0.002224509861351495,0.016172410942558453,0.036061054519019434,0.012350786765241371,0.0068098774482824535,0.016218670880959043,0.04955596205027043,0.015083906738607432,0.0057595286299777955
1053.8461643846156,0.010094715716297201,0.10146146100979293,0.0015626661355870786,0.0010182834299163296,0.031618587333372104,0.07187056734788827,0.0007024145187324265,0.0002921085739833757,0.0059101458050892655,0.06364185896640416,0.005679119787612827,0.0022127726612701966,0.01573346604544336,0.03400395401766657,0.012385422974435486,0.0068757667868048255,0.016275033017774068,0.04936391643913992,0.015071607554452988,0.005756385290155326
1052.7368526326318,0.01034665786942523,0.10114698475552998,0.001524521281109854,0.001006875316601881,0.03097960213712449,0.07195772740365323,0.0007057571400765628,0.0002908438303863875,0.008592355114468365,0.06339366838166596,0.0057026706276355615,0.002249583339932153,0.01926174556625922,0.033323770943414086,0.012420291398890167,0.006866681405701906,0.016183614115144324,0.04941142057637343,0.015054285947188465,0.005750655889380059
1051.6298738180865,0.010330134334977498,0.10129380343140337,0.001593326933659102,0.0009649945930015487,0.031620347215665257,0.07169489165210476,0.0006949687326006156,0.0002841336368475581,0.005833611622906109,0.061753295665468305,0.005671362983915796,0.002147387945578553,0.016472305744933878,0.03680713407016853,0.012374397076336554,0.00675909727937582,0.016188337787338147,0.049345938834727925,0.015040376351384435,0.005746116173752774
1050.5252205892857,0.01080392758443638,0.10061624853629085,0.0015534251793617993,0.0010152293380628953,0.03066347645754996,0.07116938813271875,0.0006987858639962965,0.0002985910272662851,0.015936333609179423,0.07060336721868717,0.00565441633248078,0.002320869663184911,0.014356108595155823,0.03336493960534125,0.01235450060593547,0.006847908617893354,0.01614871913808336,0.049335668505157394,0.01502362413770833,0.005739106953183479
1049.4228856253935,0.010289492418466448,0.10045280864636777,0.0017005961823840935,0.0008545991578719845,0.03064667839348649,0.07176012278459817,0.0006833184324799233,0.00026974226717965953,0.012153815580870518,0.061598563921822336,0.005681349329378579,0.00212737254657841,0.019211425272487842,0.03413731998389228,0.012339588879689393,0.006739446354754708,0.01629741441712481,0.0493356578415374,0.015009172752139024,0.005733878477288089
1048.3228616362685,0.010582663789953957,0.10044241189974165,0.0016238572551373718,0.0004285544930005912,0.03105520982120562,0.07100685010860139,0.0007758742261694576,0.00013859176665590808,0.007617515499559979,0.0643844949645343,0.005645044229089519,0.0022470392290296366,0.018434650820962746,0.03969329458472965,0.012323273978426266,0.006842776105447635,0.016156177746676194,0.04926647078217162,0.01499383405103854,0.005727139007840722
1047.2251413623037,0.010570608127587918,0.10086251114374203,0.0017708596022752122,0.0012685704422358444,0.031064038768431026,0.07149777485580902,0.0006567356370212199,0.00033821458874150746,0.010547749384286273,0.06020213357291466,0.0056775627867028285,0.0021925397181410036,0.014087721381299486,0.0355359228996615,0.012363307437572345,0.006821381393491666,0.016231127719953754,0.04917467824845198,0.014979022826570584,0.005722557025936358
1046.129717574268,0.011508679142586803,0.10328277121238731,0.0016973515138254895,0.0010952560421728882,0.031019684396489514,0.0710397427853736,0.0006731232832638704,0.00031250417415256104,0.0071867657602402695,0.06569929848511212,0.005737290541231977,0.0021868394297996988,0.017098578983824723,0.03429253901467976,0.012369145645144162,0.00676151720519953,0.016010905256835798,0.04906436857983021,0.014963786999929913,0.005715763107562319
1045.0365830731455,0.010422545785874279,0.09975808551102619,0.0015556919673544774,0.0011299391536766506,0.031170762660623876,0.07089879691062777,0.000695233900540173,0.0003131258695526806,0.009156137118152748,0.06544105256824803,0.0056511721063340304,0.002148756264534421,0.014658357771721454,0.03619085351773147,0.012284954263709897,0.006709323577439337,0.016236127454665027,0.049022748859165265,0.014948523911393848,0.005712282190835105
1043.9457306899792,0.010025930429028664,0.1001360414732358,0.0014823886701608219,0.0010960171342774992,0.031203388025716528,0.07146850062636026,0.0007030312051940935,0.00030436727980192864,0.00809935176019217,0.0636072409443473,0.005617952913367032,0.0022288377591857316,0.01480083707606707,0.030681273853691068,0.012273099978284468,0.006811375958235835,0.016072802115916482,0.04904267924249637,0.014931840143620206,0.005703551044890722
1042.8571532857145,0.010198644305810781,0.0997901874482541,0.0015144975240042784,0.0011155080785485963,0.030731341616248846,0.07111834364852063,0.0007009560342917807,0.0003088118643031918,0.007253838166523851,0.06283795214774718,0.005710421109713844,0.0021939231729661813,0.020527512522637317,0.03463641148139398,0.01232828999357018,0.006762755390416729,0.016250855378588322,0.0489221961462054,0.0149170287668075,0.005698692040802312
1041.7708437510419,0.009765567769485377,0.10018842039680884,0.001496563624265658,0.0010915099692910934,0.03092605223048738,0.07034417939008879,0.0007043968442551528,0.00030624050526652214,0.009897439357775002,0.06740105455101968,0.005632593837033102,0.002094400209809068,0.017970460372786223,0.038459819495491494,0.012237948165626544,0.006612164647781826,0.015996113839785876,0.04905979156166707,0.014902504572261747,0.005689773808068109
1040.6867950062438,0.010072136078878314,0.09988458807514629,0.0014975226894718622,0.001082589933393515,0.030553987506381084,0.07046464397030529,0.0006998685499569749,0.0003048055875453568,0.014661552157145749,0.06419804561144159,0.005573252026483562,0.0022064049086358254,0.014053001921707284,0.039864880092771615,0.012206360649150835,0.006739886392913458,0.016126325358868227,0.04879255345021556,0.014887703217516516,0.005685285585743217
1039.6050000010398,0.01005994941103485,0.09974747324008466,0.0015060268680378865,0.0010653099979899027,0.03125720310804613,0.07103577032641992,0.0007010352218474065,0.0002978566970211262,0.00823845123390093,0.05947457856905856,0.005643491315090537,0.002085426957115948,0.012172620103451796,0.036687094920018794,0.012233003719258787,0.006672853674319008,0.0159613269170028,0.049029446551873065,0.014872764818295853,0.005679042719265585
1038.5254517144342,0.009941837498566634,0.09962642931156894,0.0015214860813566214,0.0010740631718249437,0.03090076895548529,0.07097696932745244,0.0006920504287921022,0.0003003190034776079,0.009354510304569543,0.06345210818153953,0.00553743054643455,0.0022278159332725965,0.0140893970560173,0.03243251470970638,0.012164341162241786,0.006778638856077299,0.01635466480295934,0.04875457329273693,0.01485898836802818,0.0056763843455567425
1037.4481431545644,0.01002028530907477,0.09956445900653807,0.0014950133221666303,0.0010838541663621898,0.031122665977182985,0.07075610359751744,0.0006988706975619725,0.0003024339936258914,0.005937175455236555,0.06316784315941744,0.005612702864769595,0.002120423016929079,0.015202334827294071,0.03400972927657853,0.012205879597912042,0.00667928475302279,0.01622300500551515,0.04882243505585416,0.014844186843733771,0.005669710060661927
1036.3730673585494,0.009861204330150452,0.09931970072746624,0.0014866259085200002,0.0010631003894827783,0.03074848727359415,0.07061299542115212,0.0006998429242528865,0.0003001767729428403,0.011087564849465116,0.06481297941363771,0.00557995007174329,0.0021738795230983386,0.013699489254683617,0.03323820534536626,0.012159819259661189,0.006699071813357555,0.016461464904432798,0.04830711202202275,0.01482993198419511,0.005661393258057184
1035.3002173923396,0.00989353349106471,0.09928047528502312,0.001496440392248412,0.001064546844898994,0.03101566192743449,0.07059065626545172,0.0006978189872548167,0.00030002400351800097,0.008159372602939127,0.06082149847872931,0.005542245678554772,0.0022208675693531706,0.014855951543592698,0.03705980401337795,0.012111259800797934,0.006751646652381209,0.015674901454096495,0.04839274004193135,0.014815335271693608,0.005655577988497992
1034.229586350569,0.009817975583126519,0.09930982016399156,0.0014920761818082693,0.0010525942091492264,0.0313274158970705,0.07048718241223996,0.0006972179992171708,0.00029774678033247593,0.007540325157914924,0.06654376291262448,0.005611957218449459,0.0021923920704418746,0.010114985965462547,0.03128058723125491,0.012174914432646221,0.0067090979544301085,0.016062726972660552,0.04879512248295609,0.014796735804364554,0.005652244706795655
1033.161167356405,0.009771017905474359,0.09919167002497867,0.0014902169243173168,0.0010502141891113343,0.030364654171020498,0.07082288192617721,0.0006946889438940242,0.00029903251296482184,0.011580549349744434,0.06379271274812065,0.005574295840880345,0.0022273326338112212,0.019576963920527858,0.02724880651574315,0.012156336396872231,0.006709204928221152,0.016104481444571977,0.04834007962576393,0.014786017739565931,0.005647322423040177
1032.0949535614036,0.009814873527748593,0.09915243739167919,0.00148998057978544,0.0010496505882316416,0.030303511566734075,0.07066421787030976,0.0007048318418411526,0.0002901015245403519,0.0077960746655565735,0.058670855070230184,0.005677973157582883,0.002059707609597192,0.02228934814599732,0.0360407618896948,0.01215059018468225,0.006619945304625454,0.01586101247905646,0.048459298620331055,0.014770634577138725,0.005639858831326364
1031.030938145361,0.00977985935941277,0.09890310364825752,0.0015005600807046669,0.0010449416946072827,0.03077271874446033,0.0701039354190738,0.0006925637087994436,0.000291353976565394,0.007838940024498984,0.06659778556945485,0.005597065361144146,0.002103290985633378,0.016922504632544532,0.03466581481882526,0.012149179354774636,0.006672437601049399,0.01594113360131486,0.04845275719232032,0.014754960683674196,0.005635990851472494
1029.969114316169,0.009755504582453807,0.09884539207018928,0.0014934310215905155,0.0010475412028551664,0.030608462404782363,0.0702183197294801,0.0006937623178633551,0.0002916921726532649,0.010460947726593853,0.06121871177427731,0.005633910765198196,0.0020266917665421897,0.01678949569138827,0.03617198918301379,0.012173766158319294,0.0065887050306594995,0.015960257920370105,0.04834220389894068,0.014739599521337536,0.005628429936124238
1028.909475309671,0.009751535858374185,0.09872664371507926,0.0014957084067784396,0.0010492299506449803,0.03061854967744617,0.06958435308507598,0.0006900322126843841,0.0002960176710160969,0.008394862443854617,0.06541263560529649,0.0055553225419018755,0.0021329563701158872,0.016679003483952466,0.03808874107057074,0.01211223900848434,0.006616845088306942,0.015863594164485323,0.04826010448258656,0.01472653963716779,0.005624592519478597
1027.852014389517,0.00977154400343017,0.0987316367418183,0.0014971166204526957,0.0010395528544890418,0.03017481690716257,0.06986150671112244,0.000696036743718097,0.0002918834305585036,0.014591587065625706,0.06294770660742725,0.005634871585596631,0.00205398905525026,0.015695758297657958,0.037744425535142,0.012123279264094828,0.006605801376539251,0.015912243866007515,0.048251306036143936,0.014711613677973603,0.005616392788019801
1026.7967248470227,0.00980774641156793,0.09856451785571975,0.0014918396798546101,0.0010383032412767178,0.030439697320993175,0.07000845842132788,0.0006882441417664063,0.0002971767534702955,0.008210835463430384,0.06049411709236343,0.005482422262123861,0.002145559623063624,0.01559908341582103,0.037468191436674736,0.012030948300422539,0.006600674870934511,0.015953683601472632,0.04829482848854235,0.01469407893236836,0.005612276283638904
1025.7436000010257,0.009713955653450485,0.09849125732865233,0.0014865213217911085,0.0010548706901935098,0.030557832770022143,0.07007233040737212,0.0006928700492738677,0.0002939345872560319,0.009951348440722638,0.06324874074990808,0.005523346518547111,0.0021407697250451566,0.01424779990465181,0.032534339545148096,0.012027717397199801,0.006666237261171214,0.015850713166528006,0.04825970594076831,0.014680763159536493,0.005607401349413532
1024.692633197746,0.009655123213342639,0.09843601169291974,0.0014827987887856286,0.001030958771084586,0.03001935924358174,0.07025553322513346,0.0006861008206927193,0.0002939216415055721,0.010627511626159958,0.057876642253705035,0.005542748980899564,0.0021429002149771664,0.018400296617351392,0.034151793419151276,0.012092471297447997,0.006641130511325747,0.0159137066321938,0.048162680062610604,0.014665929759242457,0.005603150425121367
1023.643817810645,0.009722710675176644,0.0982997922899479,0.0014919423386005597,0.0010238682787096411,0.03091865738874184,0.06962003434573916,0.0006848565486915048,0.00029220434671734197,0.0042660360248900075,0.062152926812713484,0.005469115413074333,0.0021275954634146915,0.01528781460095864,0.0376965976420795,0.012001758982929722,0.006572015047201729,0.015745916482295293,0.04818330301257759,0.01465370027494697,0.0055987739448064774
1022.5971472402864,0.009725949003858127,0.0981131214605151,0.0014785543269149836,0.001031880702500104,0.03028819605562627,0.06950288086478876,0.0006860385399876093,0.0002951007390477515,0.011156496915331472,0.06388596452599388,0.005552610522477871,0.002221945521466973,0.01473190594799376,0.03522328595660289,0.012075226079686623,0.00667307194419786,0.015783217180997136,0.04801646160852716,0.014636565340961128,0.005591357097044274
1021.5526149141984,0.00977868504458658,0.09808492799847067,0.0014793173045833516,0.001040702183712283,0.03033532094227294,0.06957597949441728,0.0006851266829128153,0.0002965022083189187,0.008733435699318105,0.06256197906191188,0.005550858890288957,0.0020737536331617104,0.016195232854398958,0.035765204079499444,0.012066919319190586,0.006544791357539435,0.015816907677797993,0.04803594016153458,0.014623324669865986,0.0055833203147708154
1020.5102142867348,0.009695192280333947,0.09788365491468806,0.0014798982161429656,0.0010343622685625876,0.03035893924036988,0.06970622659496033,0.0006886245312559991,0.000297507165971664,0.00988482911616509,0.06155036245147707,0.005470454300432585,0.002121229234508384,0.01392689303561864,0.034035475034577205,0.011946482637739985,0.0065390475966216645,0.01573574555832362,0.04802298154328498,0.014608125118392086,0.005575958858459968
1019.4699388389399,0.009659493790807872,0.09795060671844859,0.0014855128780978323,0.0010284214624320751,0.03022438781404485,0.06954794587619871,0.0006817827253417316,0.0002907567612257184,0.009217135678597473,0.06179815228453679,0.005550833118462071,0.002103335262329286,0.01686067931143166,0.034433927293569457,0.012068031669130445,0.006595965611931767,0.015769345071544323,0.04772478463828109,0.0145954982351295,0.0055743174632781525
1018.4317820784116,0.009728766229810544,0.09769014977569768,0.0014791236813792058,0.0010242266287180206,0.030144313320452577,0.06965876043684742,0.0006816858379106356,0.00029395041411970296,0.009805804509025665,0.05999778449551244,0.005420674101039405,0.0021155590954825797,0.014899505120853177,0.03452386447890222,0.011934248907566837,0.006550283888446578,0.01612257201203132,0.04811103068271834,0.014579728849866002,0.005569624901615286
1017.3957375391659,0.0095462814076807,0.09750007730247591,0.0014887621672913507,0.001029119907269926,0.030321431205896303,0.06981936935548903,0.0006796493970252602,0.0002887151865323974,0.010382828604183212,0.057494411968543914,0.005495054833481137,0.0021278608827618286,0.013874451885332522,0.032927676275914815,0.011988852050371153,0.006617367308314895,0.015386101023610554,0.04812537317647539,0.01456519264627693,0.005564156740102775
1016.3617987815043,0.009588762185080013,0.09777423596126053,0.0014780340574989648,0.0010278021189172794,0.030225960061906615,0.06967888655165899,0.0006837345359915511,0.00029107199752040266,0.008711928908897507,0.05870822894237703,0.0054659840268001456,0.0021509435079677093,0.015470765066751458,0.03388721693095717,0.011923995317576874,0.006578413058113787,0.015809707001489547,0.04738477415333506,0.01454993201885853,0.005556418469161121
1015.3299593918782,0.00965413941107247,0.09747548268137508,0.0014709085186752082,0.0010162295914326902,0.02985586488753643,0.06954183486135052,0.0006803300979756445,0.0002904613783038896,0.014560068467724207,0.05807932286829835,0.005489122634607809,0.0020957440448323185,0.013082654918158985,0.034166417101539726,0.011979605748431616,0.006536546413094386,0.016105338650702444,0.04808441934538443,0.014538107930906673,0.005552716907675906
1014.3002129827588,0.00980334996926928,0.09736162208330382,0.0014722759855105962,0.0010227082468697002,0.029795634745544062,0.06903253034851257,0.0006828853623434405,0.00028807374159592694,0.01611199096222255,0.06357057006784311,0.0054997643514442494,0.002148029385641912,0.013587096669780346,0.034230475018787704,0.011944844661801787,0.006618232564428192,0.015350028621558036,0.047971662142422836,0.01452098938249648,0.005547383062716326
1013.2725531925026,0.01000705189424382,0.09678319063207459,0.0014693288863625914,0.0010157209875485673,0.03072256147725662,0.06930489848369364,0.0006815680055103436,0.0002851086678725433,0.0048976949107590205,0.06225513046782174,0.00546624191938785,0.0020752088374359806,0.013533765700079083,0.03315075251299272,0.01191662813353273,0.006555700923350956,0.015719808896640142,0.047436460261706274,0.014508479620191313,0.0055401811251481504
1012.2469736852229,0.0094503785381917,0.09683416270229604,0.0014805623125749609,0.0010180009927295084,0.030080096462489294,0.06937929936310072,0.0006792670032087416,0.00028621874066246634,0.009594116711260238,0.05960708150024358,0.005498205116308387,0.0020654623090195557,0.015675935926388298,0.03277390450288117,0.011941821707003183,0.006529280433024218,0.015718897137216473,0.04787498726477122,0.014494141681177483,0.005534882149242967
1011.2234681506574,0.009987353872248304,0.09674721005644388,0.0014718230088747806,0.0010152391851731535,0.0299489920366763,0.0692030419775724,0.000679488513621757,0.00028785564727084646,0.010206620236210672,0.06054479036801084,0.005458353333743788,0.0020617687589637064,0.015435734948804096,0.033150283292428716,0.011899735116685909,0.006509735692961134,0.015718254406568048,0.047709822385545664,0.014479912137219346,0.005530417073399587
1010.2020303040407,0.009733732190289541,0.09720795844425992,0.0014752986636513133,0.0010135654911062365,0.030093662471561717,0.06885754819462798,0.0006758434332414706,0.0002857253465096358,0.007011686376886296,0.06366177015462311,0.005432388040962851,0.0020152709353524244,0.016544432004874234,0.032136976570582836,0.011882087218680091,0.006470579850830098,0.015274566980408015,0.0481238417991246,0.014463711264042431,0.005524439626507347
1009.1826538859739,0.009424582298553114,0.09688469964871523,0.0014676000146978637,0.001016423305423283,0.030032122566013803,0.06895474595540804,0.0006783491936953686,0.00028879814052287203,0.0086145508505354,0.061157897647730934,0.00543383560882067,0.0020903664725966478,0.016607549879097412,0.03308870279935283,0.011857369818467734,0.006521793253759766,0.014941093621028328,0.04719000885398436,0.01445081443946754,0.005519052288807921
1008.1653326622984,0.009582773516161287,0.09682527418555405,0.0014665995654501664,0.0010132297448527756,0.029842320829876878,0.06887720668333051,0.000677324647716294,0.0002899655668835644,0.009309845620720153,0.061044888354640225,0.005456038567223941,0.002041131327457603,0.01708672363949916,0.03428778235259918,0.011877418595363651,0.006467432116287263,0.015379970902508188,0.04722589756840516,0.014437492820711542,0.005512439974855357
1007.150060423968,0.009474439250821103,0.09663708391695339,0.0014659388290584933,0.0010086859273311407,0.030117357526738442,0.06867266552991723,0.0006743697995204874,0.00028695698444936935,0.008008272046848229,0.0598606565248488,0.005417401273385941,0.002143899452486108,0.015151507379372833,0.03657068489882225,0.011853742054137055,0.006557983353517446,0.015406338339376791,0.046841092577021154,0.014424051651489229,0.0055083759522859144
1006.1368309869216,0.009493420422292594,0.09649580711057083,0.001465037819801064,0.0010098410303046152,0.030173971153166074,0.06868079563478258,0.00067185805334473,0.0002860540065336399,0.008245974412059313,0.06341296622046011,0.00543887316092687,0.0020785392903078523,0.01380553942751371,0.032856109478141264,0.011888791490054423,0.00650566919482719,0.015865447435317214,0.047296052038008,0.014409175679843043,0.005503033332161833
1005.12563819196,0.009491998504215102,0.09655066466738672,0.0014670603995503488,0.0010097774919617928,0.02982131726081471,0.06875980285818659,0.000678486571400937,0.00028306314356875244,0.010463070739163615,0.05847956795596172,0.005488036051598912,0.0020014729876588464,0.015062788114982914,0.03486220427819,0.011856334969431746,0.006485018353298645,0.015451756358787143,0.04718651491263735,0.014394997613248582,0.0054988394692792675
1004.1164759046186,0.009514278180349193,0.09633471713429062,0.0014637406270544165,0.0010081709836762564,0.030094289677603032,0.06890794380376272,0.0006705156498854367,0.0002906313237450563,0.00583666244162135,0.06130885855334628,0.005410673098839953,0.0021356910544112068,0.01663394292870549,0.031497777244136466,0.011842845169464404,0.006503508163610028,0.01561399481165231,0.04726603535573154,0.01438234465262027,0.005491432033120795
1003.1093380150453,0.009424028383105434,0.09611639401155779,0.0014644300175727428,0.0010072718583705254,0.029397195783060836,0.06855869025813904,0.0006810086572490762,0.0002889271943000045,0.011582299532641508,0.06271607330460893,0.005541324357056204,0.0020914937932822943,0.017473048520363604,0.033211634255064175,0.011856719831535172,0.006479724453789447,0.015301326675639907,0.04703060756332716,0.014367295747576789,0.005485475627340931
1002.1042184378758,0.009455767215670426,0.09612163762527054,0.0014604007063177744,0.0010062144745311523,0.029912312491933067,0.06846079707543394,0.0006703238250198337,0.00028009518140729945,0.008213578224514554,0.059958701182180045,0.005426230348163641,0.0019524307591047545,0.01503998698077884,0.03441328884585219,0.01183015194898469,0.006395905664443728,0.01558314013938621,0.047096510450008365,0.014352799754420194,0.0054811568462341176
1001.1011111121123,0.00935472375192196,0.09600756362844708,0.001458488643387236,0.0010062213471467027,0.029365686040622594,0.06862151018171152,0.0006715420310616522,0.00029577057047699534,0.012039759482602738,0.05889786090040281,0.005381240885433202,0.0021749807804372586,0.015200416879355343,0.0342081619870939,0.011762580398284912,0.006469567974029185,0.015413867911722463,0.04698456032210079,0.01433928592177503,0.005477169928917066
1000.1000100010001,0.009488631921931853,0.09603835539037504,0.0014578921510071037,0.0010024516827395779,0.02976731861188141,0.06842872375849181,0.0006809560051021714,0.00028132163612552884,0.009865770226013303,0.05798440198439238,0.0055198551410142165,0.00198512503694271,0.01363181067059594,0.03544745348158378,0.011802545156910411,0.006445142909993626,0.015485119564535972,0.04708328254770951,0.014326412720383448,0.005470360866315266
999.1009090919083,0.009518598793096635,0.09588047015390931,0.0014593881710357407,0.0009994522523734946,0.029588408900947168,0.0686923703304486,0.0006680591617192965,0.00028411553334601274,0.009636595855058066,0.05675973340542708,0.00539714955204418,0.0019698046882511075,0.014919098071800498,0.033016423955235255,0.01178045644775952,0.006343447611884068,0.015346490922172874,0.04686536175577214,0.014310516774420105,0.005465301448746514
998.1038023962077,0.009420356666653324,0.09580190390855269,0.0014558205135898816,0.0010022699101498128,0.029936386578449905,0.06848246658846203,0.0006784229338148518,0.0002832563810993945,0.007597086278963745,0.05683247134043468,0.005508466346344049,0.0020134866128257863,0.015074675054419,0.03387185335628384,0.011793322476449163,0.006462016513988724,0.015470460398556844,0.04693511191823169,0.014297903227400596,0.005461637508298195
997.1086839491526,0.009458676247310784,0.09563862268397313,0.001457860885765734,0.0010017653316560754,0.02968152824754693,0.06875081940019653,0.000669323975025557,0.0002759116339594223,0.007711865975162516,0.05722719799217174,0.005448858042434495,0.0018713687283015911,0.015054230843470672,0.031068427964444794,0.01179188840726515,0.006358684521345486,0.015434727396955658,0.0468140768302109,0.014284423829087572,0.005456026959206837
996.1155478097611,0.009422133193704038,0.09560587544510447,0.0014571176853070357,0.0009961097033978604,0.029641910127491008,0.06829057962334747,0.0006734832244766556,0.00027711579981433383,0.008643638420944549,0.05929328321639733,0.005424820782611836,0.00198790233519842,0.01621919307917526,0.03291467622104467,0.011729556431213138,0.006459148497712429,0.015434189688154706,0.046889414338726995,0.014271476149702299,0.005450121011701928
995.1243880606966,0.009437895220124221,0.09547386140455114,0.0014582723519488768,0.001003473447585996,0.029779126574291295,0.0683975897796378,0.0006642966688784683,0.00027939216336454764,0.007868203084156932,0.05465844022336194,0.005434916763001476,0.002006618455441142,0.01632167405521402,0.035219576032232185,0.011805553362499041,0.006449718681633488,0.015381225110099183,0.04681650446703163,0.014256824510554727,0.005443660085238417
994.1351988081512,0.009397691166496566,0.09541222695151659,0.001444144583239275,0.0010074340123707053,0.029694518373695914,0.0678497328274492,0.0006695239396941014,0.0002873772610999285,0.00866111344603555,0.06408067564242052,0.005402549806206131,0.0020470734207646505,0.01822541163790879,0.03200064731213359,0.011728970021430342,0.006424039564839924,0.01533148712687446,0.046821279006568677,0.014241233864091306,0.005440370039957165
993.147974181728,0.009444479276963413,0.09537968019991697,0.0014410466287351881,0.0009945977368455525,0.029679988781500383,0.06798726454008863,0.0006634757404845538,0.0002805883948167399,0.009660016709158647,0.06219337162631581,0.005357403997943398,0.00199453040077729,0.013410034010616514,0.032666919030440465,0.011729072345099194,0.006397331487600561,0.01535536783905937,0.046692163065846684,0.014230055671005224,0.005434746239250526
992.1627083343257,0.00933766442308632,0.0951713467888934,0.001449316996622572,0.0009892160905206745,0.029350428701712422,0.06785510247563196,0.0006621450225122886,0.00028085340513076034,0.010385051141145329,0.06165206539879469,0.0053101655516120255,0.0020122184265324587,0.014813275098885274,0.031170608703713874,0.011671292938538535,0.006388877237729951,0.015333916175158144,0.04667482675503027,0.014214694267527053,0.005430640646951029
991.1793954420219,0.009359741145306421,0.09509393522264845,0.0014467241937776688,0.0009800366163856722,0.02947226272852918,0.06808300852701521,0.0006661801360369495,0.00027802196461886914,0.012755609597587968,0.057278445886153335,0.005424919499292229,0.002030219127445126,0.01208495199129138,0.033472155817637746,0.011742544194106929,0.006453226056118748,0.015417479095455659,0.04658694618566567,0.014202732188451202,0.005423227084349993
990.1980297039606,0.009323880525282343,0.09498077372539603,0.0014387973882447522,0.0009772967789595621,0.02953207559699566,0.06805330161551183,0.0006656693757381684,0.00027851156902490787,0.007412644706910941,0.05735547382717956,0.005435732948511579,0.0020241513230020683,0.013826357417177597,0.031832254666033864,0.011743134647682375,0.006409676430456009,0.01532864327194467,0.046621738179721255,0.014186079226884332,0.00541850543637493
989.2186053422355,0.00928310653856179,0.0948020406077751,0.001457382379916441,0.00096021974821189,0.029306933831128347,0.06784214280763443,0.0006632203555251719,0.0002761345978046588,0.008553393134136715,0.0607713448921438,0.00534550646198325,0.0020599334123349647,0.016562333595176188,0.03152989500889343,0.011649003746848421,0.006388039350575151,0.015368446547625838,0.04654703271163564,0.014175500080054948,0.005411563302478047
988.2411166017789,0.009291011941244558,0.09481182764870016,0.0014511158518120432,0.0010222075428774904,0.02920405396925292,0.06767687587493997,0.0006626351539877708,0.00028157565785389663,0.011054426061790005,0.05794142110529075,0.005396757659880737,0.002002761154167881,0.013169823636327445,0.032961048291912605,0.011682253306323057,0.006400190888460418,0.01533030358237344,0.046583195798558026,0.01416176800711767,0.0054092434642978885
987.2655577502469,0.009299857920203049,0.09474894887897739,0.0015072363401654268,0.0008783122304634024,0.029509856326621814,0.06788528981488867,0.0006533326354036639,0.0002626998484101475,0.008252902495258153,0.058283973179753576,0.005360678808582738,0.0018668522385955082,0.015428148413236559,0.031686330183089646,0.011671508581560736,0.006263011674544818,0.015327691000316222,0.04641411861712937,0.014147948317754903,0.005404515313313316
986.2919230779094,0.009350386963245215,0.09459962853270638,0.0013628465709739053,0.0009231131865172502,0.02917423197973328,0.06750259881245146,0.0006756214986428195,0.00026535226830146747,0.010965827239728023,0.059848682435771496,0.005337738576817044,0.0019100799543851322,0.01302548393229746,0.033195024411287806,0.01163454576780096,0.006287134110809001,0.015316614995745874,0.046434436684564775,0.014134444401354678,0.0053996815208697604
985.3202068975371,0.009252520589771026,0.09451275830301475,0.00151876811347991,0.0011388319526901944,0.029129803527450926,0.06768204586854736,0.0006448171879946845,0.000306654375090993,0.012456306489936892,0.05813775566221467,0.005295723761212096,0.0020729623515916783,0.01331963140830319,0.03126754247201602,0.011608817370913427,0.006412597993142474,0.015320720548930305,0.04634907697907288,0.014120149731062246,0.00539092537863533
984.3504035442915,0.009231958864428265,0.09434231763482691,0.0013780822246655575,0.0010695949308547968,0.029061239334611362,0.06765518654703337,0.0006696926811506467,0.0002945418852082279,0.010535623631479122,0.05671613848413984,0.005319347087420578,0.0020562535604247423,0.014324517646881823,0.033223265781041685,0.011595092124735725,0.006369268753297001,0.01528034782622217,0.0463246907543412,0.014107523341604212,0.005387626762460934
983.3825073756148,0.00933216250568584,0.09436375979450859,0.001421435772029141,0.0010027247442748657,0.029374818547271704,0.06740718425636948,0.0006599401523405021,0.00028245330376725126,0.008606428067290405,0.05887969221046965,0.005358244786292934,0.0020558355884262593,0.013549206813009768,0.03191556305574617,0.011645438442467041,0.006387241778787118,0.015270205668843882,0.046236525416864446,0.014092706707100871,0.00538355076371348
982.41651277112,0.009182746599226762,0.09417380011589176,0.0013433246737797756,0.0009954046244598238,0.028933590642085987,0.06765043076228468,0.0006692050096104545,0.0002743015480506294,0.011288765302248338,0.05645715948197994,0.00530409228032763,0.0019855204407967742,0.015626052876612728,0.03279138725531759,0.011626663730682534,0.0063653460580101184,0.01534554421076269,0.04620231771454914,0.014080894275573503,0.005377402538825161
981.452414132483,0.009214005167953673,0.09413419850521403,0.0014264189774303411,0.0009918513774620295,0.029235109679443944,0.06739547826212565,0.0006567032276223556,0.00027922393563858234,0.009903327319735374,0.056014166162926746,0.005252040106686497,0.0019345419390380662,0.01312361901955427,0.033502530590886544,0.011529667950441585,0.006283069869900068,0.015300929245519549,0.04621370993290803,0.01406802637799625,0.005371921065881067
980.4902058833335,0.009288860916258445,0.09402122743733124,0.0014052147234668688,0.0010003133825951152,0.02928986040963938,0.06734895543175493,0.0006591575193610075,0.0002847206763495007,0.007921079519936225,0.05679272034341174,0.0052837534084110875,0.002010688782897373,0.015547548464206659,0.03341535653469592,0.011564462088878272,0.0062893462474260045,0.015241621792636375,0.0460669286444763,0.01405385506144565,0.005366065491421008
979.5298824691481,0.009180255627675053,0.09396838864952597,0.001411861366658636,0.000991915022082076,0.0292920520524133,0.06741214428366904,0.0006496421218687048,0.0002764503167525071,0.008008240647254293,0.057604613898301786,0.0051779302857202425,0.001956012206930326,0.013664531723359803,0.033031614260640704,0.01152775116350078,0.006308116382382612,0.01530869462792812,0.04604798674560311,0.014039454849653377,0.0053634062971489125
978.5714383571429,0.009239264282531632,0.09378216564551202,0.0014197744579860787,0.0009928392153775343,0.02880662250223188,0.06715849183678733,0.0006619323571452729,0.00027979330393747406,0.009335093522025006,0.05867671234748024,0.005339193239364057,0.001938492388765386,0.01567658237076399,0.031880668334527656,0.011542402815450003,0.006280269312172337,0.015196239847652577,0.046033332927492523,0.014025273105463698,0.005356021183684341
977.6148680361683,0.009161566174612602,0.09382299184625334,0.001421042474681431,0.0009952666567734241,0.02913622832945373,0.0671357584971467,0.0006552835675139375,0.00028118500230338,0.009642016333372317,0.05621889998173773,0.005300564522727948,0.0019078703334520402,0.013661791928556022,0.03385588563196619,0.011551437420467523,0.006243071161921901,0.015270838595134902,0.045953680382642394,0.01401458551881032,0.005350326393799133
976.6601660166017,0.009190483517425924,0.09363994449607532,0.0014056825281547277,0.0009990219546604656,0.029132173001816294,0.06733377717730538,0.0006561565480395755,0.0002800267421722818,0.008080244196370105,0.058448719331466746,0.005278939698747342,0.002077481731587047,0.013449958269825635,0.029931859882194583,0.01153320280468416,0.006408089158197164,0.015132920749926717,0.04585859266459898,0.01400258973797901,0.005345579933773474
975.7073268302439,0.009194049350667737,0.09356618095796379,0.0014073765666267899,0.0009833268732572216,0.028886544604360617,0.06707469860376927,0.0006548268971201921,0.0002760636158063454,0.009095647448542455,0.056283251894145125,0.00528552667626168,0.0019540217399482036,0.01450549572517175,0.03320294755203369,0.01153368430983436,0.006274310202426231,0.01520572909541991,0.045878367580095725,0.013990221893146512,0.005342133035564939
974.7563450302146,0.009216004258945473,0.09350353730749182,0.001416488587383966,0.0009846817476358014,0.028753187100832033,0.06707050365570143,0.0006552080085478333,0.0002705875019618675,0.011556124614152848,0.05811428382284357,0.005281435308956538,0.0019971967173113806,0.013728344878887555,0.031217392813128707,0.011496218368481768,0.006376074039812512,0.015170739259550313,0.04580869793537839,0.013973811161001683,0.005338174309497096
973.8072151908472,0.009216134288325182,0.09355917367195157,0.001411497673665202,0.0009818334098469785,0.028783483199338048,0.06706655730992665,0.0006533700863108789,0.00027514413101029295,0.00965002711520674,0.05387885248079479,0.005317810973978307,0.0019546883703874074,0.01573390328733785,0.03351952600981999,0.011553365488987383,0.0062860243992984895,0.01519478255950892,0.04579062133050686,0.01396166768833777,0.005331095277902167
972.8599319075877,0.009134618082777676,0.09338568197058131,0.001415919772484465,0.000980397920192096,0.02900639488957678,0.06703418409379398,0.0006490177651984007,0.0002765546776431277,0.008283284083951818,0.056427881519745066,0.005267971086534142,0.0019220744281489173,0.014384094502538044,0.032298247011969955,0.011522723775370097,0.006244272296078505,0.015173957547761137,0.04568473756256239,0.013947693542193785,0.005326221703539478
971.9144897968903,0.009159315146067687,0.09314114766922213,0.0014119464440569566,0.0009802129120077845,0.02868385843986941,0.06704973954619783,0.0006504277047187364,0.00027519877793565946,0.008868556992705381,0.05418928343669249,0.005241995178007482,0.0019249453916372295,0.015439400591150045,0.03254615053199224,0.011475678745100363,0.006241077867406588,0.015076272405763282,0.04565043096205204,0.013934824217443785,0.005319513398171317
970.9708834961167,0.009196694576793445,0.09322104639155186,0.0014161201478146643,0.0009809167467248428,0.028867022080352942,0.06689736997234363,0.0006536130319513252,0.0002767563487237818,0.007486972655772312,0.057741155254953144,0.005367462418308811,0.0019396391807250592,0.014584613311915458,0.0312735553670024,0.011544055876405971,0.006257264503663912,0.015080173997016603,0.045580014213841134,0.013919515501575037,0.00531855818402686
970.0291076634337,0.009095007862795901,0.0929249763369579,0.0014102074640718926,0.0009842095939259173,0.02888262959343399,0.06670094328093006,0.0006538955828414406,0.00028425075088377134,0.007990413293922966,0.05632736196633592,0.005297133302306701,0.0019432410192226385,0.014909324420862666,0.03175087211105874,0.011468516322896732,0.006204569039054889,0.01506599238619678,0.04553942138996388,0.013911674236333188,0.0053119540492556185
969.0891569777134,0.009119831004500893,0.09281541381583037,0.0014061031120328996,0.0009819692716101537,0.02861682440492595,0.0668721211279546,0.0006438919331747169,0.00027077214431519165,0.00855098304243832,0.055481408744921135,0.005108342624232991,0.0019171565724419805,0.015237554496103724,0.03164082352640884,0.011384921533734582,0.00626637894779263,0.0150575206351931,0.04547169521913388,0.013894929740256648,0.005306655577501201
968.1510261384319,0.009103124497158527,0.09273557837015191,0.0014080852648791192,0.0009795592143601736,0.02854166528189481,0.06724354467903407,0.0006532317893464296,0.00027368687322888995,0.008010559854793695,0.053874716798902995,0.005276318578076742,0.0019499107205059873,0.015718610397235596,0.03148275018947431,0.011400003080636632,0.006275269855764079,0.015014799679696612,0.04550167220664126,0.013882955544625637,0.00530265833213337
967.2147098655709,0.008741561875986365,0.09265819310410822,0.0014076029389519496,0.0009755393585739669,0.02955383975479408,0.06642617113254394,0.0006490340854650035,0.0002770086624456388,0.004340595786603444,0.056842125280516,0.005248344629902776,0.0018908808758071286,0.013663581296272986,0.03247361654993731,0.01142482366378065,0.0062165893715805135,0.015088196913819924,0.04545005176598761,0.013870410231392209,0.005298114292733561
966.280202899517,0.009194353078310994,0.092840137958292,0.001408537133608978,0.000977630065856125,0.028614008941887748,0.06634997983839193,0.0006499490046144721,0.00027388947710019906,0.007168424123781264,0.059930800580303215,0.0051900503434969755,0.0019498413951354971,0.015466566144680284,0.030773542681735818,0.011368399237454606,0.006237250941789952,0.014964899043173652,0.04535985489110058,0.013858110051967248,0.0052920331394409464
965.3475000009653,0.00918381235880687,0.09261573803151645,0.001407340822129814,0.0009764493571152309,0.02874626907697259,0.06644680906482868,0.0006559112803261754,0.00027780697520449085,0.009194713143181755,0.05679127199003442,0.005343707084469781,0.002034787169030142,0.01361905649128171,0.031107697584244625,0.011442752852521965,0.00631778937405276,0.01497214630205494,0.04538001119377562,0.013844358355629503,0.005286847785847962
964.4165959508198,0.009175836058053256,0.0926377368973542,0.0014030436268782696,0.000976848323302348,0.028128512105285317,0.0664857472781241,0.0006497094483583355,0.00026838524744099255,0.008171290348297965,0.056908362378786846,0.005237895610544402,0.0018849740926046674,0.01618924758285885,0.030982460291183327,0.01138241009294127,0.0062173898572346975,0.01489951980313264,0.0453277020352392,0.013830562208561043,0.005282240894642099
963.4874855500964,0.008991343972158585,0.0924741719514616,0.0014017638279018622,0.0009751803075171585,0.02897895053479901,0.06627738836278994,0.0006437236724855437,0.0002767116283815761,0.007333208142732969,0.05666615900733695,0.005223930434245533,0.0019869743356580533,0.013517127625745171,0.0309915876935321,0.011428107114234934,0.006240155186276559,0.014928703714082033,0.04530778929625534,0.013819029565695156,0.005277790481738322
962.560163619827,0.00910205627537189,0.09233379711508832,0.0013989895001057938,0.000973743903578291,0.027979379496724813,0.06621681847162586,0.000648385676374296,0.0002716267266745396,0.008581157311541701,0.05781622306715226,0.005254887600448266,0.001881798695886694,0.01672245762974191,0.031031703197356125,0.011386333141460469,0.006173470181380944,0.01486494976795168,0.0452744760603621,0.013806255055405827,0.0052727410629327945
961.6346250009616,0.00892478598099438,0.09227756982788203,0.0013991858224728624,0.0009718186253414773,0.02858405911689598,0.06615795039137072,0.0006434286514323876,0.0002685357059421844,0.008008674856876967,0.05540463845037428,0.005104972578920679,0.001899272668990498,0.015570897023780436,0.03233003839074556,0.011274695003320208,0.006227182400708728,0.014894704806011825,0.04523503032265628,0.013793998206245564,0.005266993656136909
960.710864554275,0.009118851691938662,0.09223324928621404,0.0013945704082454224,0.0009717428910693339,0.028571925023608155,0.06601949104392696,0.0006396269076362384,0.00027569586633005843,0.007808603040661663,0.05780653821406361,0.005136931556111286,0.0020014081046998357,0.014217022568413576,0.031084289169949066,0.011332161928151374,0.00627150325525155,0.014871643592702271,0.04518780647613332,0.013778667979461735,0.00526155174784988
959.7888771602688,0.00887335728326922,0.09207774337902642,0.0013893014866852246,0.0009730589932935652,0.028143743410716463,0.06573120592687043,0.0006451238907539527,0.0002807482018202544,0.010425276768006114,0.05543508480557879,0.005181066773703458,0.002014407112903912,0.014247896718833633,0.03380738689119748,0.011319644930688686,0.006260548760483459,0.014875106243331047,0.04514047721627123,0.013767852418535514,0.005258600656550252
958.8686577190798,0.008961366537813254,0.09178350744969885,0.0013925044512093352,0.0009568136792286194,0.028483191159742988,0.06626257986078707,0.0006410780070712876,0.00027804919820529955,0.009313590052163475,0.05550566672294852,0.005205767290381672,0.002079254758505662,0.013627214687239982,0.03121475026857808,0.01137212832706772,0.006282935650006448,0.014883123700428475,0.04518002522576253,0.013753717226467534,0.005253359534410038
957.9502011503832,0.008895768860545468,0.09169634238755692,0.0013847616829814166,0.000976073835449316,0.02827559517831678,0.06584345774124947,0.0006562302582929115,0.0002776758371499627,0.007476326278948197,0.05525300322666397,0.0053291588778628775,0.002036507366827711,0.015445797033517974,0.03211669655777243,0.01133381251075652,0.0062398332198102344,0.014864941904538626,0.04506752664002396,0.013741795441834992,0.005249673253354744
957.0335023933017,0.008939689862138013,0.09197374752776995,0.0013946789689981184,0.0009963726416919304,0.028851857613428636,0.06598968005107354,0.0006477881529339648,0.00027461199074609754,0.005333053442454016,0.05592807729002814,0.005251584310636825,0.0019428547723921916,0.01460020161010437,0.031845575303916705,0.011317180067719153,0.006180499898559862,0.01483644365414827,0.0450568818025669,0.013728932072880154,0.005244230779353158
956.11855640631,0.008971726587963984,0.09150093967550138,0.0013958006384768768,0.0009646862305631865,0.028275386340165833,0.06546404373348491,0.0006416377385638006,0.00026377911380133306,0.009471491748778683,0.0580019119000035,0.0051987318916229775,0.0018214369652759968,0.012202940831794271,0.03268945250761931,0.01130956144908239,0.006134450914357986,0.014807557572393552,0.044973708595306985,0.013717597766139011,0.005238254535561403
955.2053581671443,0.009058626879475637,0.09163805570191082,0.0014123194293637735,0.0009690148160765532,0.028293425822129008,0.06604964260364916,0.0006317039347184247,0.0002687917196881941,0.008950860823196285,0.05731591384975153,0.005192013453281641,0.0019366539569878375,0.015174160921413691,0.029456668418363825,0.011367432056154486,0.006252567987552848,0.014797321261872207,0.04496299903827418,0.01370344046078813,0.005233275351748167
954.29390267271,0.008946006956606753,0.0916163438770137,0.0014150429340072245,0.0009461636141052514,0.028140395746555778,0.06550637201432266,0.0006380617451460877,0.0002773199002943322,0.0077905708216772646,0.05568364823351142,0.0051374305921593755,0.0020355385029413586,0.01598311128286295,0.03213830746223577,0.011236413891035099,0.006203026758737582,0.014824418548218343,0.04501746506825585,0.01369204494354395,0.005229096691963296
953.3841849389896,0.009317117551072625,0.091595777544274,0.0013887741830562795,0.0009031809385171893,0.028435185739969226,0.06610699132087598,0.000636834716081693,0.000261252789820876,0.007424300506722811,0.05576263947339433,0.005082996989687477,0.002021635424375735,0.015204318415943077,0.029237419843332516,0.011215047667678944,0.006251392876329161,0.014760738899988881,0.04491870426788938,0.0136779915484042,0.005224543711523247
952.4762000009525,0.008725815746841871,0.09133537043565784,0.001400399880410104,0.0010063142166463824,0.028262947704335628,0.06552117265320498,0.0006384309936722844,0.0002697513620888748,0.00727473552702003,0.05451359037032135,0.005183208342438814,0.0017925732826408402,0.015346401384690086,0.03267611777222064,0.011254161182704092,0.006097408052302258,0.014759731860337473,0.04484485263238512,0.013667988815002044,0.005220338351846298
951.5699429124644,0.00888163225213492,0.09120234777491698,0.0013485850511565827,0.0009865166301785883,0.02860252718848518,0.06565886883900994,0.0006366034875622759,0.0002703127650476544,0.0056682150968897105,0.0554792713597581,0.005091557688776667,0.0018784314833870644,0.014133146799522763,0.03130801969139717,0.011243895238470423,0.006185751399191142,0.014776699511387029,0.04477491832284701,0.013653437235456466,0.005214346328857604
950.665408746198,0.0092299380699572,0.09144221411187557,0.0013798857406320854,0.000947948942003306,0.027912171984630807,0.06547810649649888,0.0006333137744470084,0.00027369851283172387,0.0077984481059370685,0.05592367913012307,0.0050527605379765295,0.0019806822495681007,0.015530606744093381,0.03133260621364703,0.011184096120839664,0.00617450034597895,0.0148507848476844,0.04476107452534505,0.013642500815415194,0.005208854111560895
949.7625925935424,0.008040670649376023,0.09108509480347893,0.0013646385832144757,0.0009523457233942729,0.028544166408708455,0.06562870730571539,0.0006441545516539032,0.00027316390581002273,0.006398249864802752,0.05578210249265036,0.005190548004720916,0.0019529730730154134,0.014994321881426085,0.030868161237093107,0.01122711965095708,0.006125030687514282,0.014762419623752996,0.04475572645813901,0.013629010347066874,0.005206226283564871
948.8614895645163,0.008649494872841411,0.09123199041903327,0.0013806217305975406,0.0009477875863609216,0.02776286011853727,0.06578812092192199,0.0006371065801372402,0.00026473067474093724,0.006166487165537935,0.05634990907229001,0.005167304424381427,0.0019205548002783732,0.018120037810650465,0.028853290897553657,0.011239839532810214,0.006167060296000044,0.014751320356173296,0.04470869789647056,0.013616297522051228,0.005200467767776908
947.9620947876779,0.008580064124485991,0.09103702936868421,0.0013730804818976286,0.0009512202619658757,0.028389953618289325,0.0655739600454185,0.0006402713520271854,0.00026740376537522917,0.006798614706013951,0.05591630343218579,0.005120714451392617,0.0018980627462477757,0.014849240103929568,0.030282725364136655,0.011165271682402314,0.006153707742923117,0.014723863284296286,0.044632323027847726,0.013604904025371262,0.005195091317441542
947.0644034100382,0.008855258053078836,0.09128830878467181,0.001379607196290546,0.0009449214999467986,0.027849275480115218,0.06584067701723996,0.0006380416608882778,0.0002676892816238642,0.008558067978772508,0.05424697785035954,0.005204296456419148,0.001978777289391692,0.01545624012396181,0.02919362282667229,0.011244469514906822,0.006198144148445569,0.014672975765406562,0.044581869582499135,0.013592344460962753,0.005191325785713686
946.1684105969726,0.008787598818278702,0.09047709677890416,0.0013786100225390919,0.0009487584655323593,0.02885913354806782,0.06588445649231814,0.0006318430367141263,0.00026743224292082225,0.005726580346314285,0.05509140750376601,0.005047956327550945,0.0019416028579220973,0.011925359575834453,0.02861555047222931,0.01112776941567394,0.0061360238048088645,0.014772827836089074,0.04452040903960339,0.01357857110028152,0.00518626748838157
945.2741115321362,0.008627428790656417,0.09051338411200434,0.0013818922672790925,0.0009497239959662898,0.027947306937511907,0.06529986330895203,0.0006346650637179055,0.0002654555443057626,0.005909391836954703,0.05892979585155498,0.005189315082561468,0.001957946385755035,0.014902077989342446,0.028350721839804936,0.011231406403839374,0.006190471125236969,0.014667692251289215,0.04451896800540535,0.013566117208366011,0.005182481378917793
944.381501417375,0.008774710698821995,0.09083374544818246,0.0013732459382053404,0.0009542165149187057,0.02780798458231155,0.0648885410866778,0.0006380482886007049,0.00026748058544929826,0.007837512270676493,0.05631001723665555,0.005206541606918951,0.0018703815985856782,0.015299091045735028,0.03187949324063123,0.011215683982255108,0.006086596086968539,0.014747744828082849,0.04452144140858475,0.013554546974862676,0.005177095320720342
943.4905754726416,0.008481690923751204,0.0907004873878961,0.001372257870409994,0.0009456944780723458,0.027494750460341236,0.0656348486604503,0.0006309868722571877,0.0002675325387797742,0.007069324423061195,0.05717832864581903,0.005106503651586841,0.001980485698980202,0.017351231453222617,0.028177645060552647,0.011175933383959329,0.006182661729553232,0.014613549302847017,0.04433263185551405,0.01354269124533695,0.005171692280101227
942.6013289359097,0.008619354687248478,0.09062492312267907,0.0013750520916503389,0.0009475415478950071,0.02786924081842719,0.0651958790491037,0.0006307287643977643,0.00026874062508939334,0.004991598732210953,0.0551721079631812,0.005146391988606723,0.001881094329443049,0.017077730533567648,0.030535701226009904,0.011209498622571338,0.006079684336924304,0.014667338381690018,0.04432811024876688,0.013530348489138592,0.005167189008495732
941.7137570630886,0.008356771019501606,0.09075803877134068,0.001373078189809646,0.0009473849260052368,0.027487539385551773,0.06669837720058841,0.0006327733579753573,0.00027401954352174266,0.0063929283916049195,0.058463224581790776,0.005102613650870221,0.0019677472725173986,0.018965600598790315,0.022776611196567716,0.0111256693165309,0.006103134629329354,0.014562047988937564,0.0442467904488447,0.013517190597685084,0.005162612627880988
940.82785512794,0.008567577699699978,0.09085804618815382,0.0013740283168098715,0.000947882705220727,0.028644044752996405,0.06416815177116032,0.0006231224407137279,0.00026989224293972426,0.009381542307053507,0.0560128747684643,0.005031873685430514,0.0019746788338356664,0.01056632571555337,0.03322537100253518,0.011146446520839714,0.006149699783763792,0.014544434712321239,0.04442548454063653,0.013507249971719312,0.005157795952574868
939.9436184219926,0.009137023850404515,0.08957614076891272,0.001372539662831713,0.0009458262359809827,0.02508511504758912,0.06478083568060526,0.0006367041167291559,0.00026034520374093183,0.005932792456242877,0.05683696875535365,0.0051414269278983096,0.0018622886130499076,0.025908069483515147,0.03234208871677706,0.011105771133860421,0.006128661423379735,0.014622629720050035,0.044277547661179174,0.013493455521165433,0.005153976007091045
939.0610422544603,0.009104605221395239,0.08980520753970064,0.0013751441591981753,0.0009475380335345572,0.026696158609112213,0.06969348209742054,0.0006285910329913773,0.00026214837220980375,0.00684230451335996,0.05674304855981451,0.005028062139770639,0.0019778605283534683,0.02974858512519286,0.0140174757520949,0.01105651043760798,0.006227319319006614,0.014563006798869203,0.0442996410166184,0.013481974702964328,0.005148959287391713
938.1801219521577,0.008725432096055129,0.08985609289164057,0.0013678552150453028,0.0009326810832186081,0.034832798455008855,0.06460198267287866,0.0006170744437759082,0.0002690851384383802,0.008907352153099327,0.056328194923443715,0.004963944797428682,0.001979053366871408,0.012397400529855149,0.04047329796588843,0.011080639713756833,0.006121713276903413,0.014542365234261775,0.04412665031255532,0.013468343213553715,0.005145164424060665
937.3008528594191,0.009072309207823266,0.08968909952550926,0.0013383425999989606,0.0009555837815813325,0.018187195567624916,0.06106921242236072,0.0006500976453055169,0.00026814144733216285,0.007067198528747928,0.054240918160371014,0.005132601271665445,0.001973171021219773,0.05569373926728417,0.06196530997880225,0.010998748470948089,0.006148642831465457,0.014520761669992855,0.04423155617681971,0.013457061204224394,0.005138348636713771
936.4232303380152,0.008791927324744642,0.08967670439870935,0.0013577788209793453,0.0009322538441668601,0.03692296825695256,0.08373085158289445,0.0006208869254353526,0.0002525155989240897,0.0052951468916231335,0.05557522812071322,0.005046133340677698,0.001908553470627328,0.07194715356194939,0.04399968019269837,0.011116817208054046,0.00617778789752408,0.014589166597808245,0.044050131278477414,0.013443872066768048,0.005135270677940451
935.5472497670721,0.008246197443579356,0.08958368252679752,0.0013626477470541425,0.000936038046567745,0.04369746698376901,0.06266829563459864,0.000624972590112629,0.0002727160477437013,0.006044508028343257,0.056451972845980185,0.005092889268071024,0.001930442339240992,0.04655991964565132,0.0739805053918005,0.011108344329851241,0.0060207897524072376,0.014410693685882466,0.04411367892407701,0.013432316336939351,0.005131145858476477
934.6729065429909,0.008905563782478653,0.08922558670864063,0.001365102559529507,0.0009410201588737143,0.03350972854546186,0.06168974804143232,0.0006304288359193262,0.0002704396160893354,0.008070881751827852,0.05773560151552833,0.005119032655171671,0.0018775819468914185,0.013910499991057852,0.04450541870252507,0.011070812543172638,0.0060038463338759505,0.014591430422498212,0.044041287451655226,0.013421462892490863,0.005126690143447539
933.8001960793652,0.008706577150656841,0.09000168263006103,0.0013669629125276732,0.0009343382547981897,0.03550846909788161,0.05225992797167858,0.0006286720551745581,0.00027768238641591095,0.005526660610646287,0.05428464190780077,0.0049811984727272385,0.0019427692595778044,0.04640525775836362,0.0809356142280178,0.010942287124666567,0.005978572167544967,0.01443717329300627,0.043970124395812896,0.013407981456487658,0.005120023555780648
932.9291138069032,0.007812830021967821,0.08886913308618764,0.0013591906080717424,0.0009453719999068573,0.024008909526654392,0.06127868400029928,0.0006271731629994356,0.00026831872523046355,0.005899396665575083,0.05679960409851322,0.005065886299348398,0.002019114737835275,0.030791200803760004,0.045517925737037064,0.01103752507799554,0.006142596171899357,0.014532110661483754,0.04397544029110276,0.013396469391741654,0.0051171742587669275
932.0596551733458,0.008683296289392404,0.08847999298199571,0.0013578452584989873,0.0009393460843951192,0.030292069947145936,0.05915822177583696,0.0006281783224560761,0.00026467770038880506,0.008398653053242255,0.05793709525478904,0.005105033204379779,0.0017388906876333085,0.017816457599150418,0.05011393976772031,0.011043157909307365,0.00592236128998483,0.014393843458518941,0.04391718098521798,0.01338473559715843,0.005111228401206672
931.1918156433894,0.008388402008154917,0.08908213467727141,0.0013559009727986098,0.0009301993594772015,0.02655503560831286,0.06352100599320293,0.0006248175107971786,0.00026624890831714027,0.007312970888439332,0.05689185418802227,0.004901948381983747,0.0020188982573414935,0.01891388335699459,0.03169443996778493,0.010888297752043976,0.006122886787329285,0.014508237840606076,0.04395755444659898,0.013372803660890373,0.0051082038592049185
930.3255906986047,0.008923025369511298,0.08913577489737053,0.0013499626561392789,0.00093244578586359,0.030774496804969124,0.060603281346573716,0.0006229686518369323,0.00027163193329474654,0.006878400189459561,0.05735039554776172,0.005089337029885411,0.0020893556317491545,0.0141217646461857,0.04334810370380595,0.01106339703820518,0.006180115281570185,0.014405479081851923,0.04382965000732291,0.013359794250741613,0.005103305666280689
929.4609758373608,0.008398134780878646,0.08923419414706729,0.0013564203954480774,0.0009337286518916139,0.027006105013704703,0.06261048819925621,0.0006290059435978861,0.0002652683606836139,0.007109442771303655,0.055462561466663306,0.005162265848276636,0.0018077011971693933,0.01701835077233646,0.0355691037063976,0.01106571832887143,0.005971086953253094,0.014482373572339424,0.04388307551380366,0.013348464089320874,0.005097864788983894
928.5979665747448,0.008786417825651264,0.08877758046021315,0.0013528085436606463,0.0009363158598785684,0.029483813099404392,0.060563246565521936,0.0006250415744873967,0.0002644595605250821,0.00458381965839221,0.058841869075611924,0.004923127373763052,0.0019934202906822835,0.01482545735782105,0.04137282545350115,0.010866289793137552,0.006078049935774308,0.0144709826837909,0.043713954328548535,0.01333649879749178,0.005093545284821614
927.7365584424863,0.008506891003911481,0.08885887108766,0.0013542631506472567,0.0009305472875921381,0.027499308809350136,0.06280264636452283,0.0006270510554030115,0.0002560398498300526,0.00688163828414035,0.05703085806669611,0.005076535482312768,0.0018274983407829796,0.016543403501269795,0.03336457011450913,0.010981349897802566,0.006028543044608199,0.014403476190708506,0.04380409449025747,0.01332480812933208,0.005087537717899939
926.8767469888787,0.008595577346316836,0.08877152085296378,0.0013483747051681607,0.0009343658272213523,0.03014970021351152,0.06067014602534926,0.0006250705256363081,0.0002723761438320662,0.006466049592582488,0.05615837365310386,0.005076332137865512,0.001994980795661861,0.011613926949579467,0.04347249759878865,0.01100001635974046,0.006059316120015311,0.014386595837739914,0.043670791981837404,0.013313173669360493,0.005084025013433297
926.0185277787037,0.008647858205199989,0.08887706505371036,0.0013462625422829891,0.0009367354183816301,0.028013327371845857,0.06261331587045993,0.00061435318233522,0.00026801278136058613,0.009389734218825538,0.057670176131684694,0.005059550596835623,0.0018539400492376395,0.011207025951032304,0.032770215977436394,0.011057215838895277,0.005971058824190477,0.014337525110682576,0.04372465628156713,0.013299996555639107,0.005081481257645103
925.1618963931546,0.008512909808872596,0.08864717835100483,0.001346067484178914,0.0009316651227602307,0.02978368038521851,0.06063755003412053,0.0006247594692357214,0.0002687795062359786,0.004643643245047696,0.054711946533839206,0.005046934076853328,0.0019336168335021288,0.014621303583829083,0.04378532277954082,0.01094962704042777,0.006010592076781712,0.014500367588251734,0.04357987224935055,0.013289041371848833,0.005075988057491444
924.3068484297597,0.008882733285431705,0.08762820685517954,0.0013541682644126164,0.0009353868568690057,0.02852320771258684,0.06347618947957749,0.0006222362229201022,0.0002585397353168503,0.008516071778379614,0.05570153541848403,0.005025519179342228,0.0016545680570360188,0.008897181418821693,0.033123555252127936,0.010915135773386929,0.005820834945911873,0.014386421972890525,0.04357347342826647,0.013278052926276067,0.005070871553772099
923.4533795023086,0.008900662509368908,0.08863019346920749,0.001343291612992586,0.0009325397036939088,0.02903951006800951,0.061862381960938365,0.0006161068126347189,0.00026538776507802774,0.009643059538412428,0.054983418986218245,0.004927904111727295,0.001903468914067522,0.009306414498098138,0.03684596244692913,0.010898976167757039,0.006026243545620983,0.014388670668362085,0.04349173703361826,0.013266204292290475,0.0050668988077866555
922.601485240775,0.008270543118395833,0.08775375991713535,0.0013499016232139454,0.0009222814162444397,0.029210129459491384,0.06399555101515814,0.0006176586242663192,0.00027220044186500845,0.00857788505200475,0.055722521260620377,0.005108619859465247,0.0019277415499002455,0.004691596112649109,0.028932044126176185,0.0110288106885143,0.005964669731663063,0.014298755676268128,0.043519847584472846,0.013254961972949602,0.005062567635251578
921.7511612912444,0.008883675703799786,0.08855702988197348,0.0013469877063350055,0.0009331920013700651,0.029259638039721817,0.06171553052357677,0.0006106891694195712,0.00026500281355683607,0.008552989229287716,0.0578951453464552,0.004929466146726092,0.001954404221378066,0.009630749109111774,0.03503823208168337,0.01090819502034488,0.006041748194733168,0.014382731555995662,0.04346290432167645,0.013242435349255649,0.005058262643310191
920.902403315838,0.008570111902327657,0.08826110423515908,0.0013422867213240262,0.0009307045444907798,0.029764742374762426,0.06455580434911855,0.0006114258821985164,0.0002526802682558599,0.007670137907489982,0.05502790226378357,0.005037594043093881,0.0018343746460330044,0.005891615150608578,0.02649434929437781,0.01101044322361296,0.00604415802538992,0.01421924276892846,0.043361632458738655,0.0132298761955076,0.005052952370241895
920.0552069926405,0.008778368693948397,0.08844602613114808,0.0013452220551872984,0.0009260158894676113,0.028352478439356447,0.061911467897389605,0.000616863910035976,0.0002671802327851116,0.005019644664505568,0.05686438989245084,0.00497250177374521,0.0019127642347239776,0.012270004453551584,0.03536006693824385,0.010870284902605982,0.005956614986981192,0.014312953254745393,0.043460704167556645,0.013218700775261912,0.005048810704088098
919.2095680156251,0.008640258591231754,0.08808974938404274,0.0013420329783938893,0.0009267329517720779,0.029660053898792067,0.06441275893972921,0.0006144300300156726,0.0002614750783635386,0.008094319018550504,0.056506252399430336,0.004989198094010299,0.0018464165630627436,0.007409269302857062,0.026726799064721207,0.010897982491378286,0.00594825099207477,0.014306814989243872,0.04326144526678092,0.013205737029369998,0.005043382495221215
918.3654820945824,0.008392509988295556,0.08818378726983693,0.0013421972111539201,0.0009253449890524096,0.02729774316032563,0.06256509811798325,0.0006110595444631122,0.00025950943792734554,0.007304381704259722,0.05565319474200351,0.0049415980716210365,0.0018707090482120022,0.013504535408455006,0.03225479220805981,0.010878326881449381,0.0059648728977557105,0.0142991825125822,0.04339288714238326,0.013193873765167667,0.005040510694648154
917.522944955046,0.008655225777416968,0.08797349349072105,0.0013384983829711795,0.000921862205851661,0.029693802714622665,0.0641811937018566,0.0006144080090398972,0.0002584931284021927,0.00816238397049875,0.056577073408976046,0.005024393651862255,0.001860684091964073,0.0064618184913560325,0.026604636893692923,0.010919715619707804,0.005996081920688374,0.01427375002125931,0.04319725318200005,0.013184258287632495,0.005035743324168911
916.6819523382219,0.008329479510695969,0.08654448006863177,0.0013383336831255387,0.0009253150830742931,0.026625830826520838,0.06390501003090852,0.00062084764758862,0.00025880348641095556,0.005192392971897937,0.056627513437496856,0.0050349372478397285,0.0018257617399834085,0.01738211718648299,0.02671131759947891,0.010869386123527005,0.005940373041984889,0.014175575136426167,0.043272864401166705,0.013173696266327518,0.005031917118531583
915.842500000916,0.007513290200885568,0.08773753350755413,0.0013351168479186714,0.0009213512193067816,0.029849849968713378,0.06349963391451595,0.0006186409103569556,0.0002695457257594392,0.0062085085951113445,0.05673036296827292,0.004985402043092605,0.0018611688416574194,0.0068096216363107845,0.028743672024064946,0.010826978300481058,0.005876594500708411,0.014267980104656611,0.04317713453206639,0.013161273236126191,0.005025496735138905
915.0045837154621,0.008093550380668356,0.08831447989623381,0.0013466443927622003,0.0009261163277276043,0.026421196497436763,0.06425396742734038,0.0006173696308135403,0.00025860130423404254,0.007299561603354615,0.05400485620131025,0.004977041989149009,0.0018476647902279273,0.01954447289891084,0.02812758033880728,0.010803030268612724,0.005974921007023738,0.01421573890686728,0.04319173546341377,0.013148047066394572,0.005021487050983946
914.1681992696529,0.007736772841021234,0.08629314012259229,0.0013317906012494383,0.0009265484712020378,0.028159584259123367,0.06246325900224362,0.0006089634570059663,0.0002705035250659789,0.0058173679081371344,0.054863770574745084,0.004853673236823288,0.002050153087152589,0.011906390128166747,0.03468467643894245,0.010776984974160705,0.0060301509780663,0.014265100164339649,0.04312338348345405,0.013137426827111411,0.0050160999514436005
913.3333424666667,0.008832088733589708,0.08739565446635156,0.0013347388932564343,0.0009272767611727904,0.026772326700999063,0.06456905725876932,0.0006174125758434899,0.0002572982295082165,0.006956303889161135,0.055136262106108475,0.005022156655640973,0.0018298771544342865,0.018093541432943852,0.024408743441383055,0.010831806765236788,0.005950915758207707,0.014167882909472233,0.043043203622921015,0.013124749039404835,0.005013313096302035
912.5000091250001,0.008716827723566125,0.0871486172961324,0.0013323054303883907,0.0009240311239679702,0.027515007689541193,0.06161814084185888,0.0006147733949946536,0.00025734605320518807,0.0075397069776572,0.05692357498119739,0.004944701811591069,0.0018898114220402733,0.012741276282700708,0.033992275773950066,0.010774231235732802,0.005991448458617439,0.014162419559616191,0.04302868248093663,0.013115497741002381,0.005009986583355778
911.6681950783957,0.00902213149082562,0.08746607250450637,0.0013368164040071001,0.0009320938274569942,0.026903670417958513,0.06409617833867896,0.0006092920943809281,0.00026798307607075626,0.008828425399597004,0.056232618489952,0.0049141167898025095,0.0019687797268523864,0.015263170583836043,0.024313255161220192,0.010792993973678021,0.005973909134660547,0.014164786231646164,0.04302446697654523,0.013101732023868619,0.00500300414528111
910.8378961757743,0.008625097650621718,0.08806859649800074,0.0013341119127860247,0.000977831516428073,0.027419397610794292,0.06133731035715171,0.0006121570912270283,0.00026912314691048835,0.005721860679301545,0.05650307050065408,0.004922596919068507,0.0019029526111227128,0.014986996223176407,0.03401543463457247,0.010761050085312765,0.0059547227515184525,0.014276752644015657,0.042971363952191935,0.01309031713118306,0.0049990244961174235
910.0091082811648,0.007877218943694154,0.08662871210588104,0.001338354415823095,0.000890170892961654,0.027787225080193927,0.06495531021655375,0.0006014511233270339,0.0002481846923187523,0.0077968843685957065,0.05676154625017217,0.0048734359570626684,0.0018884496782536496,0.015099908225395762,0.021282118915250153,0.010778381345165738,0.005986021906553324,0.014116345928562883,0.04285491992522387,0.013079849156974509,0.00499638965924276
909.1818272736366,0.008849646020758193,0.08726231978354143,0.0013265252898416295,0.000903613701080394,0.025560287746873862,0.062220343514742205,0.0006186708391640813,0.00024825612329218075,0.008211678252604467,0.05603577242031978,0.00495639796124679,0.0017164221802808094,0.019109974749875865,0.030737084405926814,0.010720913486230848,0.005857659843527175,0.014112620773286918,0.042891985302170685,0.013068588737112051,0.004992834813406626
908.3560490472299,0.007387078224153275,0.08610811106325361,0.0013313563106955538,0.0008855231356494684,0.026677157336524655,0.06406838657288311,0.0006191769503244076,0.0002598541001683018,0.007838051056565985,0.05391768386477831,0.004989902682948692,0.001895147862717721,0.017283920712425026,0.026298791095645556,0.010728713776137523,0.005907204176352921,0.014114089293300172,0.042842943608720895,0.013057428283025205,0.0049873254625231395
907.5317695108894,0.009042806258400569,0.08682175259950549,0.0012710628496188448,0.0009626476057263729,0.02486189920218333,0.06164436822530417,0.0006258393801149366,0.0002754544456355748,0.008123353181431711,0.05694493008039714,0.0049643607578509635,0.0019321159224752957,0.021132472566523806,0.03308053082547799,0.010711316705216275,0.005930176401227143,0.014066286328417913,0.04281476259601795,0.0130471676726104,0.004983041186286676
906.7089845883954,0.008329508234033542,0.08730213395829141,0.0012960263088829097,0.0009094914815412664,0.02715776980202459,0.062124210342562665,0.0006053634278261707,0.00027109741735523976,0.010582277932022693,0.054452686320307184,0.004839482918912164,0.001925624597713303,0.011850879452747303,0.0319703415492827,0.010729852237063532,0.005841281102846119,0.014026099650408337,0.04282969670548578,0.013034658338786732,0.004978925577639848
905.8876902182972,0.006375092253958036,0.08625063320424348,0.0013244999948998084,0.000919033215908506,0.02417296203890751,0.06218679744460282,0.000595909412455253,0.00025846556570843006,0.009706997963518798,0.05515273207931309,0.004822671631974051,0.001859033201052329,0.02284779235155067,0.03180080191139253,0.010743425366160197,0.005864745618399614,0.014076472914332377,0.04281168812738084,0.013023853180907891,0.004974131223613145
905.0678823538464,0.009988967121406076,0.0834886882191974,0.0013126837283867522,0.0009135221901125454,0.02756441655047602,0.060683891971794204,0.0006067788660069807,0.00025364938472014116,0.005318255959225101,0.055117684118821106,0.004794490384130605,0.0018333889466457408,0.012687352676041255,0.03816355645320027,0.010624974497922587,0.005893121883117234,0.014113695322709719,0.04277020895748128,0.013011323489313689,0.0049692092203745914
904.2495569629295,0.010696387088958086,0.09207723950872185,0.0013142688123556545,0.0009169837460497227,0.02565227843143535,0.06246791706721512,0.0006109821094834003,0.00025233777377626116,0.011784748477664532,0.05276056943892958,0.004940218831516686,0.0017264401652203102,0.014969486672813401,0.02922255561693047,0.010713694324533245,0.005817723285671295,0.014144307038855521,0.042665318892638075,0.012999764195797951,0.004965350704998102
903.4327100280038,0.004082651023149146,0.07985168130831198,0.0013143119132194684,0.000910970481137076,0.027183104243533922,0.06092737205710049,0.0006129316926148471,0.0002573553569498038,0.010990002500442712,0.05954379605288303,0.004919255268666677,0.0018149592971579238,0.013879554750494502,0.032988150196628305,0.010673867930551846,0.005855757392474968,0.014021547960632975,0.042627670140705794,0.012989244548766921,0.004960143978828032
902.617337546029,0.013944380704781469,0.08160365228866094,0.0013061886033954935,0.000911158370760004,0.02562483355098666,0.06158480924314599,0.0006070183899330849,0.00025594968573072795,0.003922167793677482,0.058647237258558374,0.004814361255094999,0.0019142238069529973,0.021192674186054326,0.03177421474717749,0.010617827442047511,0.0059476403568313645,0.014074347075615275,0.04267913435893521,0.012977879606091924,0.004955908018536443
901.8034355284042,0.010409910652556378,0.08490810443509268,0.0013129134523442126,0.0009168334559620785,0.028410330425156848,0.0600924056069176,0.0006147272409543294,0.0002481468660227262,0.006542180536148666,0.05446572350015558,0.004965984295135989,0.0017523641951321099,0.009855917466153127,0.03992754930996597,0.010678923323147321,0.005872293622280386,0.014052473576415933,0.042470086574910304,0.012968064763344406,0.0049524712273575685
900.9910000009011,0.014478744120518264,0.08842297314260786,0.0013124218713284571,0.0009134988679225546,0.0260269155477655,0.06387561859418525,0.0006214590940328156,0.0002529347577154771,0.006139740883459062,0.05237191059763131,0.005008740930506815,0.0017412296414646125,0.019284996084042893,0.024346947103247803,0.010661656683615156,0.005832791804812475,0.01396351818487333,0.04251780701958555,0.012954515614904103,0.004947615086204049
900.1800270036006,0.009305694329819938,0.08884855424668672,0.0013157985800175671,0.0009146587068412695,0.025905827033097628,0.05938133252911818,0.0006127495323698741,0.00027168849463565776,0.00602868382682276,0.05343268384129211,0.004880030762960161,0.0018856901623810422,0.022046420465965,0.039340146899564186,0.010559187134768961,0.005780224460817077,0.014088455415327578,0.04254497881884856,0.0129440227942061,0.004944632368907102
899.3705125908275,0.010467206897159584,0.08773899360560175,0.001314018206715224,0.000894718768476429,0.0276998623801182,0.06237214738240884,0.0006066341081621757,0.00026433632074298073,0.007680031402595193,0.05418221035246629,0.00486806939879145,0.001923165314980243,0.00887444287177859,0.028103373343721042,0.010622705633107785,0.005834068370146901,0.014060816925329542,0.042424820314077794,0.012932448867317491,0.004938774490728567
898.5624528310874,0.008296070362516145,0.08763320704342223,0.001307463590804461,0.000903773501810995,0.02593988012009737,0.05993046837722795,0.0005990487336422263,0.00026725386597148155,0.010560056152275439,0.05469190807179492,0.0047689398805650235,0.001890964129283586,0.014633295646338935,0.03738862492087675,0.010610458041287863,0.005804334446624502,0.013981277981912168,0.042417776081699526,0.012921947155167658,0.004935806254304374
897.755843807002,0.01004784520770135,0.08723743961645831,0.0013086275784572848,0.0009038541731226311,0.028370714820122992,0.06255334780855219,0.0005979544203395708,0.00025566999049055306,0.006708011655667587,0.05530358589024849,0.004861953431719989,0.0018540081494029608,0.007675261943383729,0.025343582967154957,0.010642116070195166,0.00585313827992866,0.01398660699210838,0.042377169955737044,0.012910093527905002,0.0049301039304934955
896.9506816152467,0.008159665117947525,0.08750955356370353,0.0013038686620046591,0.0009039852154994305,0.024593227964262592,0.060813483489461646,0.0006004019993266322,0.0002584832675113725,0.007560762193057631,0.054060474130083684,0.00483138123381237,0.0018144608530592013,0.02280567403298879,0.035355743098563056,0.010624684330587789,0.005783049930965522,0.013954446676412975,0.042319925815097185,0.012898765201977944,0.004927405648547975
896.1469623664876,0.009585456247201753,0.08661081648450705,0.0013104694899757226,0.0008961490002291804,0.028990520964578374,0.0601513658435332,0.0005974715129096201,0.0002572788296171274,0.010956580751028273,0.05600287039497135,0.004833289829125144,0.0018575636093583,0.005687303299376795,0.0353514294069298,0.010618085564619666,0.00580384117067995,0.013949254755618357,0.04228438121478389,0.012888598344297468,0.004921769152004065
895.3446821853179,0.009011895042238807,0.08628868753434157,0.0013046747784707438,0.0009085442406541956,0.025726377209700654,0.06416406046453026,0.0005976087723023024,0.0002486983449598145,0.008638804594794953,0.05552275138624681,0.004777735716295004,0.0018743591902829764,0.019415635270395873,0.018478789408249693,0.01056836653000721,0.005936192350921308,0.013878376796202354,0.04218045837698915,0.012878882629224812,0.0049169873711692414
894.543837210197,0.010113753022688353,0.08797070897627501,0.0013056942165608095,0.0009011700998966755,0.024369071200840493,0.059434035960234784,0.0006033010800977195,0.0002478263861825931,0.007480552984345043,0.052984334181545995,0.0048426856097385125,0.001733921320069218,0.023125298646937898,0.03966398088604901,0.010563368374681179,0.005773032516945622,0.01385702803214709,0.04235005128380036,0.012866891473361853,0.004914757819508995
893.7444235933871,0.0077444727798878,0.08524917691158941,0.001302201894225269,0.000905487554770807,0.027681391336498766,0.059409320875934264,0.0006128307536641875,0.00025009798717083066,0.006221437683438295,0.052678607836576734,0.004935824580078674,0.0016823026397310295,0.014326417886976762,0.040084267109105357,0.010559257766407655,0.00574309855165971,0.014048570082783927,0.042288972778472295,0.012855727825565086,0.004909872217394296
892.946437500893,0.012431611007196815,0.08747968464306093,0.001298646386028949,0.0008985860348463775,0.02819107341438895,0.061264503107096836,0.000613671228110242,0.0002562609594809221,0.007489999894466093,0.05138216824537929,0.0049763886090388775,0.0017429954228450745,0.006464382445432595,0.03506108245215035,0.010595740431941354,0.00570094080396375,0.013880820862657543,0.042058725641210895,0.012843909880955883,0.004905571332560492
892.1498751123997,0.011881774224913924,0.08968816660449257,0.001302563698951724,0.0009020783126654078,0.025731847119916433,0.06163555188081016,0.0005992348468386539,0.000267197426997067,0.009183456522870736,0.05312349512682207,0.004856936457422826,0.001894925891334187,0.016157884171527644,0.027898432930950345,0.010594278913108345,0.005811027310154055,0.01381673304286678,0.04218505783280467,0.01283272381935042,0.004900510838492944
891.3547326212123,0.008937126796505782,0.0876049773765373,0.0012979864699797458,0.0008977350997145074,0.027381774343537217,0.059897431297507575,0.000601298021244786,0.0002518064366237971,0.011783689032750852,0.05318595825360316,0.004800210664152564,0.001742415059539819,0.009510527264218796,0.03396911951921622,0.01050519741764128,0.005761032997989781,0.01396424487105057,0.04211260834710841,0.012823633686681232,0.004898550120682623
890.5610062341942,0.011027749999316416,0.0891606982457945,0.0012956777930869443,0.0008913110314520625,0.027634046872294683,0.0622736277397619,0.000598650421073958,0.00026542144855398503,0.007470459940162646,0.05507773907001744,0.0048004605006595116,0.001970560506163173,0.010255044542138506,0.022586477218478493,0.010515876797354868,0.005833155572641065,0.01398570479228277,0.041992202665218505,0.01281189868966155,0.0048920580157912775
889.7686921717084,0.01004569737473954,0.08823660833103483,0.0012917383866687291,0.0008984052859464347,0.025791816964140825,0.061279033174998346,0.0005794613501958525,0.0002504772534861989,0.009256831559059694,0.05601220129969525,0.004615427008097474,0.0017020216550100945,0.015054023783386317,0.026591202319353864,0.010520317034857547,0.005772150933759668,0.013839045787426538,0.04197479160094036,0.012803102104780792,0.004888629043119143
888.9777866675557,0.013113810717553385,0.09098759928585044,0.001294584772172945,0.000899137836472076,0.026027049017034325,0.06160541626529942,0.0006107207648568993,0.00024252684533400542,0.010268582542512667,0.05508471851320225,0.004996619397237768,0.0016701517882826604,0.013397880460105977,0.022947478695412634,0.01056656514682808,0.005748620089363441,0.013812028490636287,0.04199456636716263,0.012789308481208283,0.004884340316364184
888.1882859689166,0.023831756737706315,0.07604698055407835,0.0012942884762257546,0.0009003824460909311,0.020339284713803047,0.06330094178803695,0.0005890234699907187,0.0002525060545757136,0.008064507832678237,0.05170478725791238,0.004636799873031976,0.0018320097131721072,0.02559458726626213,0.03473339100227495,0.010428682737094443,0.005809754756696168,0.013780062155814336,0.041902015864243226,0.012779113595425629,0.004879466981113599
887.4001863362912,0.003981666562369329,0.0791322028653912,0.001294405768531099,0.0008853086068192411,0.029071939900098355,0.058561528468812976,0.0006034537656006858,0.00026086880873106295,0.01014519043331535,0.05554479252354275,0.004963696626245291,0.0017627538513513756,0.015439351556966087,0.04329691545765355,0.010582420472147453,0.005653890658020347,0.013760655026290359,0.041903208631454796,0.012767623927153268,0.004877780878277082
886.6134840434398,0.006242451578704583,0.08766849838144766,0.001313559867707944,0.000887298767285334,0.030029965080185322,0.06354830870393072,0.0005925091299254957,0.0002258994621342332,0.00870522264654045,0.051947653351097405,0.0048560314305994,0.00149884923366143,0.01075529204992258,0.022725077298509973,0.010548389914522482,0.005716733138651072,0.01374502153712112,0.04190040643952301,0.012757254343394506,0.004873134000768583
885.8281753773252,0.011064363091588765,0.0737280864037423,0.001295041383459607,0.0009142923237531218,0.023624151670850378,0.06460428849367256,0.0005699124553481083,0.00027185178570054264,0.009282442356785775,0.055398785972388155,0.004591086849526517,0.0019436646741122635,0.02365121588812753,0.025646965425687826,0.010573719374602433,0.005666089489298725,0.01378387072251,0.042034772348146815,0.012746718760594565,0.004867312183444605
885.0442566380532,0.018229141874766205,0.08665599203237129,0.0012765883899657918,0.0009055632234358758,0.025365687952487902,0.05849586789436692,0.0006242411329142486,0.000250116043105797,0.010386010442218934,0.05420552663423185,0.005075448146226242,0.0016734092094092016,0.013041639344284128,0.03750957120623643,0.010461437891867108,0.005744924632295631,0.014017099454828798,0.04185150427988141,0.012735978221667686,0.004862895517714898
884.2617241388153,0.00955263329136504,0.08770553272310615,0.0012967565074324023,0.0009110691030907025,0.02747719600229756,0.06676974580359171,0.0005780938766528488,0.00022482594781669468,0.008371027967266135,0.0510466966329062,0.0046707876487332945,0.0017278891224490585,0.02556109250717625,0.005442129466854373,0.010540778036016328,0.005869890034650982,0.013724332506046062,0.04159260494369439,0.01272444302359388,0.00486021438626166
883.4805742058305,0.014726078928866806,0.08940211366178152,0.0012929379831797868,0.0008795485759507801,0.015648153223944316,0.05950005052272429,0.0006032521535245477,0.00025319097464918355,0.005364195763793635,0.05265449511374541,0.004748181734961703,0.0018156730113628625,0.052643366132596084,0.05026919512619282,0.010343867082487267,0.005722910446701564,0.013635255651416742,0.041899448722603566,0.012713955334991273,0.004856399727402235
882.700803178288,0.008172347362314628,0.08943024739514494,0.001284165724104608,0.0008925117746735974,0.030394447385340057,0.05116774721999844,0.0005958947111336203,0.00023583143750724082,0.010388394793293218,0.05334217900916871,0.004768949879511249,0.0015605737956384143,0.03313007377108831,0.062165993838240716,0.010430811126352062,0.0056833706310809055,0.01397842741810118,0.04178368045843736,0.012703524366271556,0.004851388392000978
881.9224074082894,0.007156881232243829,0.08229802049712921,0.001275181698011162,0.0008857048947326666,0.03038083297161882,0.06519105874469003,0.0005761449384866438,0.00025679871718234317,0.007040352743651362,0.05207359111309187,0.004610628930422421,0.0018727576989386056,0.018210757861462038,0.020727772870900017,0.010483824228998483,0.005701615015919509,0.013764336308318675,0.041510742077418734,0.012693214505451461,0.004847573525617264
881.1453832607932,0.01102154502904496,0.08887303990517803,0.0012779113573740462,0.0008938013979238047,0.019538407770032566,0.06048551356788618,0.0005815602572351961,0.00025233405255568176,0.007730293819241966,0.05460096317499233,0.0045454236711765265,0.0018780612152303508,0.04030726792762809,0.03785489581764308,0.010364102360844356,0.005762321626985595,0.013729724965977718,0.041766986577177194,0.012683011732362035,0.004843914760224101
880.3697271135565,0.005281144754969337,0.0835228397993135,0.0012722835108468044,0.0009123348023972623,0.024918074777078993,0.054305527368584926,0.0005848193536478459,0.0002848144184805736,0.009085316735005284,0.0549111868085356,0.004610634794850311,0.0021223509788483538,0.03398364659527099,0.053014375738636696,0.010385084470907762,0.0056889750062068005,0.013937672990130729,0.041530014672449184,0.012671544446040359,0.004838514692760458
879.5954353570801,0.01068898983175246,0.08622048583688534,0.0012614080325204502,0.0008831249047115485,0.027838702328449642,0.05276458576472087,0.000592936034778134,0.00025578730881787453,0.006771901215880232,0.05278346461620473,0.004775302411463461,0.0017846873325104483,0.029990286317601915,0.057250924361487605,0.010441711236923426,0.005666370532491231,0.013674537792137495,0.041437396119774456,0.012659422310079448,0.00483385259034189
878.822504394552,0.0078098711890728185,0.08613323049194083,0.0012747660117075244,0.0008952038836870513,0.03584828808536005,0.05526169981227849,0.0005853251078642035,0.00026672565665658885,0.00632705165945337,0.053772257935535646,0.004800925982071095,0.0018282417608579341,0.028542998099976884,0.05935207014327381,0.010520254845047964,0.005604040242401318,0.013683486211171275,0.04151001280382443,0.01264724632137549,0.0048311920281648504
878.0509306417911,0.009988269769673675,0.08838029491609928,0.0012654889569683617,0.0008575757652460709,0.03422739719645822,0.06498144460627708,0.0005880834249205804,0.00024975248907451803,0.006741305231485594,0.05198817686004691,0.004783815992513761,0.0018085925501368331,0.02300486389620025,0.030793986492359805,0.01046824810249667,0.005685403609939824,0.013608291916304962,0.04140779801949144,0.012639319735411367,0.0048255232302917275
877.2807105271932,0.005861126467065348,0.08535361423009735,0.0012812150732243715,0.0009104111387160924,0.02847373431630233,0.06399780766859431,0.0005939669180539864,0.0002591208363124292,0.009773114844265724,0.0537947883634244,0.004807598855876325,0.0017750994900630572,0.01513650534617886,0.013597419111254882,0.01040413312450753,0.005651384904004756,0.013633846701752226,0.04154185648278151,0.012628713501876094,0.00482207621855852
876.5118404916741,0.006206593325495203,0.08450920443307892,0.0012961351796348267,0.0008897208763434737,0.026817085224683714,0.06541443546306408,0.0005827562109846049,0.00024432765569779556,0.006839512507124724,0.0525587219832318,0.004755515963344014,0.0017193314195051341,0.027103687390913966,0.010469899278044238,0.010420927170281577,0.00571271329369729,0.013768341695634357,0.041406834022000134,0.012619117996792604,0.004819439001957415
875.7443169886167,0.007636071764159038,0.08469580734858542,0.0012632168464331887,0.0008842116529894575,0.021703246645560476,0.06078289742720821,0.0005963389762450304,0.0002467903691155796,0.007194922596224354,0.04938495407333251,0.004754640120247354,0.0017750021559014648,0.032459067370161396,0.03524613307925238,0.010342094499870154,0.005697692026146747,0.013624016041450821,0.04135033586213132,0.012607228956589544,0.004816200514727884
874.9781364838146,0.006908622159638129,0.08491956341743771,0.0012827386683600013,0.0008818350529352073,0.028419454151279392,0.05955068320217523,0.0005890043212483358,0.0002401539628079921,0.007050591662893876,0.051766850281420744,0.00480907682305748,0.0016662852641236331,0.006269486225718671,0.03298965310110274,0.01040632464503599,0.00567921577420062,0.01355838109675194,0.041456715917040865,0.01259568106998024,0.004811438743158572
874.2132954554198,0.006579350848898598,0.08412408984996278,0.001270560370522413,0.0008888341480352008,0.023233486356168023,0.06325613346846443,0.0005908786059612496,0.0002506504384945813,0.005822482654398343,0.056243703844179795,0.004793963600737516,0.00175413378164526,0.031188660082275468,0.01772322102710339,0.01041111797517172,0.005637692583142545,0.013793357112476756,0.04145838879585866,0.012585587202949612,0.004806069911313774
873.4497903938866,0.007377443334143107,0.08448490937681567,0.0012683765172676487,0.0008928956006224007,0.024992247702712713,0.05522686422274071,0.0005902942218707449,0.00025170967076193024,0.008499654079665828,0.05373306286831426,0.004750510048298894,0.0016966878753823743,0.026766864899938934,0.047605652484576204,0.01035707087760533,0.005613053657304449,0.013752662106885903,0.041145700850192854,0.01257551019425849,0.0048018603780478975
872.6876178019199,0.008567025609918379,0.08446405149783134,0.001265897185528286,0.0008890125021098208,0.029365322000081913,0.06097304246768404,0.0005869663599210216,0.00025158483881687496,0.0089817467079888,0.05197914440111929,0.004809345542189429,0.001856464972207061,0.008337741276683885,0.030645494193684297,0.010441096716847951,0.005761296421274832,0.013553038052285823,0.04123165959375404,0.01256556049083789,0.004799898984529294
871.9267741944203,0.006002429824265308,0.0835021696147226,0.0012667749933833526,0.0008895029449300678,0.023951307603712446,0.061114845653692615,0.0005898761687952919,0.00025815849104583055,0.011888210165032938,0.05481333982931834,0.00477340644960993,0.001840246017489984,0.02026596823449544,0.024413859924244774,0.010350943041497286,0.005635829093224953,0.013775568616255975,0.04126797314831308,0.012554394894887149,0.004795636507993226
871.1672560984321,0.007538296832517602,0.08428587136297307,0.0012572624645562783,0.0008856222511976524,0.025350407600211178,0.06038324049954192,0.0005754247243625515,0.00024785943678121543,0.007442186696445185,0.04940549671411885,0.004700681677282851,0.0017511124490808576,0.018452261963227846,0.028790269892094697,0.010450367227475667,0.005681926000090618,0.013685814316351793,0.04100689114064012,0.012543551591411628,0.004790421462905918
870.4090600530898,0.006997753685324951,0.08373388901728086,0.0012618696337775284,0.0008849408172937433,0.023052507994325414,0.0587469009993853,0.0005909335618236258,0.00023681716691962483,0.0072695025791927395,0.053283598375094034,0.0046787083656291695,0.0017627992260210907,0.025752410641964228,0.03418060985961659,0.0102329121513917,0.005809728259220608,0.013509640255389971,0.041095419266523756,0.012533369224280706,0.0047854120524309755
869.6521826095653,0.007168434527550156,0.08414000489840161,0.0012627424022643142,0.0008907838321298284,0.027637943872134998,0.057246070332645005,0.0005931554954303896,0.0002537740951805743,0.008802350028725947,0.053181077103531135,0.004717374366657422,0.0018355633815866372,0.012444159576290076,0.037806606331933015,0.010223395258046136,0.005694966746120562,0.013564276549380219,0.04105843524210928,0.012523980659035865,0.0047823383234186275
868.8966203310167,0.007167480034593356,0.08216425561424202,0.0012598483170569127,0.0008866028111570566,0.025558518735335392,0.060717733584199525,0.00059348326740765,0.00024115557120841158,0.007484329201583703,0.054582138403382864,0.004718850632208948,0.0017401906721446962,0.016683373587713848,0.02429507633632848,0.010229743856582908,0.0056792254807337674,0.01345790736399529,0.04096612915655056,0.01251217486656154,0.00477880215781514
868.1423697925349,0.00949178038496362,0.08508822944902661,0.0012572705211281055,0.0009024145285618027,0.025034267120028583,0.05741470948841403,0.0005967148250916487,0.0002596042842101488,0.011900477022973985,0.05021682431127518,0.004861117097535132,0.0017933840938454875,0.014561061054887768,0.03930408375341497,0.010346394060249795,0.005607961833607995,0.013414237375100507,0.04114834618081563,0.012501892370435391,0.004773926438794112
867.389427581093,0.0083341952878192,0.08523760993240606,0.0012824940508492284,0.000903529062542647,0.02728865975334657,0.05891264365108948,0.0005867072991918336,0.0002505458974520296,0.008529090118194022,0.05190006252298277,0.004696578253435961,0.0017909137729692378,0.008627056398979217,0.03135896656987048,0.010220065888501823,0.005699322398815364,0.013684376556927714,0.04116791949151023,0.012491935359849916,0.0047708850164292545
866.637790295494,0.00631095097809092,0.08264243790207888,0.001268316712820434,0.000871003584082228,0.02599283088956335,0.05986166103196128,0.0005860018023284627,0.00025969417192894486,0.01060228553680145,0.04840113292509359,0.004701388164862544,0.0018623957615790505,0.012106207211059605,0.031952914739871496,0.010244576120800654,0.005609619334516415,0.01374932877672103,0.04085292259853663,0.012482433830761117,0.004764499737837833
865.8874545463206,0.0103081928599034,0.08459273884831117,0.001249282407379025,0.0008768788338499694,0.025441365015787767,0.059855186203731765,0.000577674052817586,0.0002502113751715245,0.009700211171715677,0.04886624635650831,0.004640015928474465,0.0018065927226739934,0.012837693188308644,0.028978701554640496,0.010300443286406852,0.005685409077982279,0.013416755739093315,0.04070827092705673,0.012472221916274276,0.00476455911045531
865.1384169558825,0.011701695996775532,0.08959252007431102,0.0012646591184741118,0.0008797664664026011,0.024766102432967996,0.057544879787478985,0.0005870047889763331,0.0002520740207664523,0.006271410060460225,0.05271680126985319,0.004647754508732853,0.0017923421310873662,0.020004949204841475,0.03068728779799206,0.01013330081394381,0.005650556880551606,0.01324725357852992,0.04086395774206678,0.012460050512796726,0.004758713898735882
864.3906741581679,0.003844120736829597,0.08285279219583819,0.001265043043014259,0.0008795763661551192,0.02731928380668981,0.05821954610491587,0.0005824193068661278,0.00025005634272178326,0.006647972415963333,0.051132311234830745,0.004671393842820149,0.0016621828591323934,0.013198553929288134,0.034478244785745175,0.010226303366021195,0.00552060097202826,0.013320093533303221,0.04093309587973875,0.012451672642170893,0.004754810609882679
863.6442227987911,0.00822361337435969,0.08747318009160295,0.0011732900426913626,0.0008982470182841968,0.02635672402829193,0.05729037375391958,0.0005934692681205184,0.0002561682840302676,0.008169804200161907,0.05232534128988655,0.0047657704982052886,0.0017796002780276659,0.014670435958109587,0.032875448816360085,0.010344353314593671,0.005613148520434592,0.013278417132628619,0.041006045005887656,0.012440429377685452,0.0047506582554891754
862.899059534944,0.005725485729450683,0.0858147388960523,0.0012369101955294881,0.0009536562205258141,0.029201533497710014,0.057720002853192794,0.0005847207629438212,0.0002554241159674583,0.007580939201169891,0.050642934417607643,0.004719111246601346,0.001766178220107442,0.007811669106452106,0.034251885974465296,0.010297822503935367,0.005662861864178151,0.013742171792629966,0.04097150726963917,0.0124310278644739,0.004747398786159563
862.155181035345,0.01921655005121968,0.0995855560503898,0.0011313188867393513,0.00074276907304229,0.028754495172523164,0.05713808807321451,0.0005904460018590154,0.0002356327680382133,0.006988561246406526,0.04885063989767132,0.004617685490901964,0.0018781346243845916,0.011704842952588694,0.028179537283336064,0.010250579434170258,0.005688988954863394,0.014099299095172912,0.04086950007089796,0.012419611979900774,0.004743328257007926
861.4125839801895,0.037283756404784756,0.08586052559197087,0.0013143693442962756,0.0011015131193676552,0.020185301006360835,0.0595004237446792,0.0005844685218582576,0.0002828079040523937,0.009236998928875981,0.054199054443969295,0.00476695991519528,0.0016047148492073556,0.010038616235098646,0.029026498590141368,0.010228772091229259,0.005470178462897377,0.013442108321576867,0.04047667890091367,0.012410182032471894,0.004738718300701964
860.6712650611017,0.010183567740915321,0.0751866433605451,0.0010907240135024753,0.0018393129610149415,0.026046774936272617,0.06198995676999984,0.0006856784460959233,0.00038411915318009365,0.006693610735711148,0.048749868623600305,0.0045547061070781445,0.0016782782957032087,0.012666645840380686,0.02595057643442911,0.01026475087452548,0.005639491397110778,0.01354331964158013,0.040931774970125866,0.012400985898268818,0.004735969545688651
859.9312209810835,0.007428128860934491,0.08510572916788343,0.001470367767543617,0.000841892641278039,0.025448310186649736,0.05869534880480441,0.0005442908252453988,0.00024975346438066274,0.006329871245572555,0.05213971634080548,0.004612131842952575,0.001884445829483476,0.015451302950041984,0.02912353609566201,0.010169840468928588,0.005563888960185873,0.013839971537843603,0.04058835206791635,0.01238861611224947,0.004731116599449064
859.1924484544676,0.017876071894493105,0.06766420980557715,0.001293478905837203,0.000848139029959735,0.02521973724276574,0.061823630374222845,0.0005843383103747595,0.00022917556813454708,0.008138078951100278,0.05155305840058301,0.0048706126402217045,0.001587693569146523,0.010941319854438693,0.030938593365318755,0.010261660694216666,0.005629807756269056,0.013700473549771039,0.040388410120642385,0.01237949193031704,0.004727390419407794
858.454944206867,0.023794940961521738,0.08875085134224249,0.0013325647614252855,0.0008618705311683977,0.021869396289873885,0.0578701204257388,0.0005520910792766964,0.00023056578279489188,0.008297905691223885,0.05061134412926039,0.004526930150466922,0.0017084137364251869,0.015270903459530534,0.02960552474097696,0.010213213918415632,0.005631183644839932,0.013527298721058276,0.040247614173778395,0.012368144590114727,0.004723467678992217
857.7187049751288,0.010346396541679775,0.08926181763090055,0.0012662937110259772,0.000817027122907774,0.02813329100913067,0.05709277579050041,0.0005685792696922897,0.0002318876179617799,0.008728451835883411,0.050238484942632146,0.004571577593784432,0.0017173830336516499,0.006500610025965798,0.03285979923050916,0.010167961925436963,0.005595571819617273,0.013289544769869207,0.04039720119656988,0.01235957530858012,0.004720523506088701
856.9837275072838,0.015731183861374783,0.08887175029126955,0.00128203488603712,0.0008485532338262435,0.025122265698684042,0.05983446853373644,0.0005526571862102084,0.00024401361216766772,0.006128254758275652,0.05233074184949767,0.004387045213740485,0.0018181637861083234,0.016012317801883832,0.020370326043790268,0.010129526712783722,0.005581265828650684,0.013457830335707922,0.04041868722721735,0.01234904778878984,0.004716283619348963
856.2500085625002,0.006167146572981379,0.0854941240091323,0.0012689624649184286,0.0008341562479692531,0.026483254567993008,0.058021982124953915,0.0005680142198034369,0.0002448832924653407,0.009177472829799032,0.050351291960985964,0.004571125977626972,0.0017965629574258769,0.017528416465546183,0.032762442711694144,0.010151570802895367,0.005566667922894388,0.013159285502522353,0.040245507347161195,0.012338537085136218,0.004712396956510324
855.5175449110352,0.007809112431804546,0.07622313046331107,0.0012569530592735558,0.000837700263936399,0.02524513109937889,0.06104892696758015,0.0005708600372270189,0.0002469745516812719,0.007867059955107338,0.045863974333965565,0.004603054382186671,0.0017750504109237974,0.016551934038287353,0.029503690379932966,0.01015298949075575,0.005545266423205427,0.013229321824710413,0.04071295089336561,0.012329516613339708,0.004708498150082658
854.786333334188,0.00815474071692809,0.08482742858498997,0.0012722177537095752,0.0008653208559009548,0.02468119861534717,0.05762019982691213,0.0005755869195253429,0.00024301288139098371,0.005510746213953604,0.04915634727468302,0.004724042770493693,0.0017333046262249247,0.018826870853767816,0.03235792742341564,0.010179747281717576,0.005568499714963117,0.013533166977334185,0.04041692522982638,0.012317802570331467,0.004703593578373117
854.056370624253,0.004120090116509013,0.078293906936622,0.001290618730904952,0.0008490257796313625,0.026831212352658645,0.0588647985034899,0.0005658635641306359,0.00023946661387974028,0.004662432469086,0.050491793181098255,0.004562428724991184,0.0016437852772959614,0.013545865549728175,0.031477029177793034,0.010092396739917004,0.0054885927826197264,0.013332918498244379,0.040505132065556004,0.012309628916872477,0.004699544254779841
853.327653584471,0.008515065806355903,0.08090931510513875,0.0012654160205463408,0.0008240716946791861,0.02475489833201535,0.05829259787487438,0.0005671718457670486,0.00023681903521774166,0.0052059028669062205,0.05321079247876727,0.004552897761204678,0.001710157660170807,0.018350657176701,0.02917069755901207,0.01008658745309706,0.005541185457583764,0.013670127732036933,0.0403233055495913,0.012298209093366604,0.0046960060552010425
852.6001790289856,0.004414156458729461,0.08183374317144879,0.0012483579969358061,0.0008428970154470411,0.02710258807928621,0.05757147398722338,0.0005699432953830723,0.00024852101639381645,0.00935082374114604,0.05116817994750555,0.004650198845196356,0.001742456682064403,0.009361979874234419,0.0329919427795433,0.010178257356956268,0.005458807376025327,0.013253535601945986,0.04006333319853171,0.012288897012441022,0.004693386534837941
851.873943782794,0.006466795920291942,0.08467516919260136,0.001255204025810982,0.0008416204477598306,0.02639688279525918,0.059153969025288786,0.0005723767109867282,0.0002386808842874899,0.00847261139197458,0.04956754698341725,0.004645732409660246,0.0016954143149880098,0.011759342297481422,0.026178742402337987,0.010113391619339815,0.005538853118131809,0.013262175490264917,0.040371929632117574,0.012277875602021484,0.004690325606504845
851.1489446817023,0.0043819960656503835,0.0805970561556083,0.0012477913759773604,0.0008437873911258251,0.026813166230271773,0.05854923861533219,0.0005652920868093693,0.00024249159374347304,0.006528877224524433,0.05266573353251166,0.004563731045017163,0.001691520988903481,0.011233071379635844,0.028630751264223108,0.010109971958206223,0.005473428712088471,0.013274615329262284,0.04021680818564097,0.012269188205231945,0.004685417283158469
850.425178572279,0.0048495308641047005,0.07700007222105279,0.001246207454980541,0.0008457929383232574,0.026026881659021395,0.060032924457098964,0.0005723950492466388,0.0002384389786401333,0.0074043423331422754,0.049175539967001004,0.004640229720125998,0.0016558695390540127,0.013372898523897819,0.02830189042056768,0.01011469481990347,0.0055083727521174,0.013352354916117288,0.04043616439554148,0.01225882306660827,0.004680210602693491
849.7026423118099,0.004603946066226823,0.08031626522578471,0.0012438507233919031,0.0008461172731683834,0.02517324271697669,0.05870253853695752,0.0005655191235903669,0.00024259327355705514,0.008495650385949113,0.050395139463417574,0.004555047400941408,0.001713692179126172,0.014536530463386991,0.029641962109790834,0.010076481977022279,0.00547508699427779,0.013573254917577481,0.04009751173306027,0.012248340801055285,0.004675642434066076
848.9813327682514,0.009504150076919281,0.0784522669850441,0.001253106163392422,0.0008511351954024782,0.025377323169607457,0.05894245407141408,0.0005697277586857155,0.00024152957669954848,0.0077967063447527555,0.05034422243351273,0.004610725798208189,0.0017357878732152826,0.013462922808386629,0.028865445522699398,0.010062794500937701,0.005549494820256295,0.013281642683171654,0.040175708801116594,0.012235367938928194,0.00467416518479215
848.2612468201868,0.002065471357586594,0.07824621859740519,0.0012491905457036915,0.0008461333958144228,0.02483259791126779,0.058358581610995164,0.0005703950270070822,0.00024272002068419785,0.009415381200283906,0.05226449261435633,0.004558385842393114,0.0016914988811932883,0.016841560483010987,0.029470837590388564,0.01003093299016233,0.005471349627678816,0.013536174960696694,0.04019224751128468,0.012230608750160321,0.00467045649448771
847.5423813567797,0.0070708773982870255,0.08379211968530081,0.001249920305656285,0.0008405175945135314,0.025674314998570074,0.05804770020545269,0.0005704785563674917,0.00024080619947641966,0.01114414387911014,0.04799666644098477,0.0045986151895414315,0.0017125953216017187,0.011491468386819347,0.0313659437833411,0.010035574421545628,0.005490091276079531,0.013294710621595833,0.039935129146633615,0.012219080522518343,0.004668755257785572
846.8247332777308,0.010560158743756244,0.08242568807262317,0.0012432587926222763,0.0008496594107579813,0.025540104898108044,0.05850280336265649,0.0005699747754653302,0.00024162229996849626,0.005200389690116328,0.049555882744984896,0.004584413394386682,0.0016392082288049087,0.013874581284857522,0.02708662358083636,0.010024665634212681,0.0054332263178051895,0.013205600500085339,0.04018681943765909,0.012211627438498115,0.004664484834871097
846.1082994932319,0.005154037416920188,0.07806517296064848,0.0012418622329210074,0.0008473449252522278,0.026023017942232288,0.05776031903986924,0.0005717381076280715,0.0002426178606903915,0.0077377602921084206,0.05144229439316669,0.004597891381849283,0.0016320526875811172,0.011611911531158398,0.03198631109523679,0.010020640303388863,0.00542593326589926,0.013328150058245091,0.04016717152304805,0.012199175957677845,0.004658748031593681
845.3930769239223,0.005712185959127043,0.08153732152777109,0.0012426931664421444,0.0008427590264269634,0.02608063967700583,0.05870925013472816,0.0005666538611435307,0.00024102994317784258,0.007477233940176855,0.0482063291096402,0.004568825770543168,0.0017583249016624681,0.012042685719553166,0.028454416691943124,0.010035905078634869,0.005561224480455638,0.013423607632969448,0.04021017262748198,0.012189031176761627,0.00465353635929648
844.6790625008448,0.007851685009749169,0.08222785373808886,0.0012411651018588627,0.0008464316405305865,0.025744095170173113,0.058441337788475885,0.0005682321823499643,0.00024529444534428235,0.006910453919854841,0.04654538402152882,0.0045898188048410895,0.001755287870017717,0.012725531674861974,0.03080423126089941,0.010038706369421831,0.005482114312839129,0.013641306799832954,0.040003264298781406,0.012179427799404742,0.0046501637844410335
843.966253165401,0.011113059736976514,0.08322198434639141,0.0012382283636813035,0.0008484813567245984,0.025592591041322825,0.058312213332293604,0.0005667781511127849,0.00024066997120406609,0.0059329720268154786,0.04863765164682163,0.00453840604742641,0.0017116305763328424,0.012309886773303608,0.029583770370053067,0.009986028328177588,0.005472216176573701,0.013588103934463285,0.039938935771107395,0.012170880136893544,0.004647143206059398
843.2546458693088,0.012415519607311179,0.07957508349418786,0.0012384186141307183,0.0008457660109749312,0.025337126332343182,0.05829343394800464,0.0005635880988456146,0.00024374489619980014,0.001932502948800725,0.04973028803446762,0.0045210617309724595,0.001686899931695022,0.01501431556181162,0.02863107623229895,0.009994046733372824,0.00543682338733022,0.013589906087673848,0.03986935469505086,0.01216029680423995,0.004643196791965047
842.5442375745578,0.008361890339057198,0.07712703834655024,0.0012338410004067934,0.0008408679491396607,0.025879932372026817,0.058000529444769855,0.000568786420779332,0.00024148536267443345,0.0068442972849295115,0.051122965542500974,0.004586767112726944,0.0017191852599845031,0.009726395484346614,0.029203753353507212,0.009980768253901028,0.005491596070772016,0.013370428625931772,0.039758100312603836,0.012150934408116064,0.004642075074966393
841.8350252533672,0.007543113160971355,0.07745812618062005,0.0012359620509521658,0.0008444437818135054,0.025653332706186468,0.05840438424830998,0.0005669384839648089,0.0002447636273264309,0.006731547432817853,0.05003406972374614,0.00459856793228147,0.0016971445038105556,0.009991166035104282,0.028784679330579835,0.0099987968394313,0.005428933271561516,0.013399746886653782,0.039815679806300706,0.012140480687943683,0.00463682565396021
841.1270058881414,0.004011923563291621,0.0784689373943544,0.0012462832189459804,0.0008507834713179075,0.0258960136246895,0.05837755085262586,0.0005639164815995356,0.00024088734646311356,0.008265449469135273,0.04831872470202089,0.0045636785566857165,0.0017064003832532126,0.010334206180964192,0.029037389962138272,0.009973679250070118,0.0054789383130848645,0.013275056347656838,0.03995690968885275,0.012131027981488544,0.004632179074847187
840.4201764714288,0.006638932196227076,0.0815940728761519,0.0012351193831981362,0.000838495852906413,0.02539150898751251,0.058476254565601064,0.0005628016100852649,0.00024331913607975882,0.007329354733046964,0.04925739042930271,0.004553881181357677,0.0017069235850086,0.014490520870302524,0.02813389458553508,0.009977087367936363,0.005433383489672638,0.013815695883476102,0.04019319382414948,0.0121210459024497,0.004627817795460863
839.7145340058776,0.007047453511847771,0.07849964373763932,0.00123082034452754,0.0008731807564670468,0.025107164515006247,0.05816443758551746,0.0005664321432273096,0.00024420860564574833,0.0032567880592572324,0.049521904746838735,0.00444857124255778,0.0017276031655062633,0.016166098926460974,0.029811590407802586,0.009861394768112895,0.0055173433032581895,0.013831539263175673,0.04000135148150203,0.01210984185805682,0.00462401576928825
839.0100755041947,0.005194118509503451,0.08120601849863125,0.0011894069049686,0.0008653815265035519,0.025122992433709905,0.05828296952980696,0.0005651502759465658,0.0002459363088371029,0.008391504570607349,0.047679139713985644,0.004463055295144992,0.0017046100618931892,0.013790206693917197,0.02849718245080459,0.009933165890366986,0.0054426114787000145,0.01353271346086672,0.040149252534547486,0.012101766075329179,0.004622738551314122
838.3067979891032,0.009498725679981251,0.08144937404610489,0.001286342810698316,0.0007273937214327263,0.02469101639727043,0.057864624224368326,0.0005579782095856222,0.00022234124675922796,0.004002927258400787,0.04957609493397873,0.004504559430408548,0.001713360107770233,0.016221534304222286,0.02823538015033872,0.009879194516512998,0.005466490326817344,0.013974584552593422,0.040238296123767864,0.012091773043919077,0.004618605623098755
837.6046984932999,0.0066652045491225245,0.07843298236580729,0.0012316388899934775,0.0007571539504100441,0.025296384690480143,0.05732091831460122,0.0005597127865175758,0.0002283262754929933,0.006615169809908961,0.05254072621177563,0.0045268763935360935,0.0016688337385834396,0.013658592491766819,0.028130936025133762,0.00994475317738344,0.00542117988979932,0.011782843273443977,0.04284878491951123,0.012081921252717691,0.004613314440110505
836.9037740594143,0.0052075074393919335,0.0805401807366028,0.0013392853150532744,0.0008558741904701438,0.02601996850620091,0.05786871214011241,0.0005475534337021906,0.00024145792564222827,0.004428267376501187,0.05255308056096726,0.004598987572609296,0.0017240326115513563,0.013804194252448486,0.026528168871074665,0.00998400150733438,0.0054290741494759966,0.011252594955737123,0.03243408652280425,0.012073395755361087,0.0046102574934087
836.2040217399666,0.007771116779330744,0.07995242142032931,0.0012339737598675406,0.0007915205916467048,0.02554978436346926,0.05751774889040871,0.0005580594577886966,0.00022959273165887228,0.0063118035132851535,0.04709126524723313,0.004487298204858965,0.0017683902319036015,0.011346491176461191,0.030206035826275228,0.009923130194766873,0.005525843084965857,0.00966845364064716,0.04040819100970727,0.012064240267052457,0.004606428030232129
835.5054385973268,0.007763272725411474,0.08201304220319271,0.0011970349584226976,0.000929292549039685,0.025494158923919666,0.05774669387492181,0.000566684757065356,0.00026055792083768905,0.006844437104933316,0.0486607614080051,0.004552535779076992,0.0016677377506814656,0.011900483656766762,0.027858005054856846,0.009951743706376734,0.0053514824129677506,0.012765590091007483,0.040785003098479204,0.012055025818752872,0.004604756413195813
834.8080217036729,0.00824688046516442,0.08019303196410278,0.0012430282795118138,0.000808024042571516,0.025224492176143386,0.057794164868826936,0.0005567419092513104,0.00023021624741032334,0.005243183102625557,0.049058477481939436,0.0044584004752895165,0.0017635320009725729,0.013303441578025552,0.027802802681812636,0.009856942923719204,0.005536990314523224,0.012914758309436992,0.03934483961905767,0.012042238448240648,0.0045993447769038616
834.111768140951,0.006782180742735742,0.0797033182234786,0.0012128949929554747,0.0008434250596362833,0.025213629286569308,0.05765612038788168,0.0005532756832402578,0.00024346375308882678,0.004560053201533085,0.050720522782725895,0.004385496052034574,0.0017635245925825057,0.014078103896419739,0.026889558738280785,0.009865103195832545,0.005444712750880578,0.012381897554097104,0.03954996968457463,0.012034212691818313,0.004596334338006752
833.4166750008335,0.009394903329480444,0.08153939347135092,0.0012167389434872033,0.0008371313445439537,0.025164246410504902,0.05687289757326089,0.0005607687773849353,0.00023549669965000159,0.005466696638564482,0.052414598718474564,0.004494503767744981,0.0016459134433978225,0.01265131326779097,0.028706790916631544,0.009873038543659583,0.005414369933308376,0.013020381731932717,0.039106031657129,0.012024953158828164,0.004592606169906126
832.7227393846796,0.0072612535432139145,0.07975401152295133,0.0012117040805897782,0.0008282379885317208,0.025321265746397773,0.057459217154571994,0.0005609798876754627,0.000235541931741835,0.011393242041793854,0.05360064151279576,0.004612980735160658,0.001722913790621612,0.009001452657519572,0.025272745674165563,0.00999588674208455,0.005451872659720611,0.012068248133010764,0.03901601450311906,0.012016155406360595,0.004587794487176475
832.0299584034943,0.007423583350407668,0.08017220911633648,0.0012091231124567979,0.0008333090294179999,0.025081459284501666,0.057485913057157646,0.0005650216708910457,0.00023176214058612425,0.00961978674054562,0.04633153385430862,0.004493424649003488,0.0016329312810739692,0.010516955652954331,0.030497951825084017,0.009827072862745957,0.005448891556381912,0.012272523312438196,0.03969522916306079,0.012006039158887568,0.004584895458353421
831.3383291778887,0.006300995869216634,0.07959473062667125,0.0012128066891206697,0.0008353566238153365,0.025350782841747004,0.05756899369707909,0.0005585922586494687,0.00023406698642298104,0.008368601639348517,0.04889655697413517,0.004524133335086727,0.0016004140681242724,0.010845304268248855,0.028136925787631637,0.009914689576775123,0.005375895084709661,0.012102775593299482,0.03988859349787847,0.01199726968340326,0.004581433929850071
830.64784883804,0.007082205192916879,0.07967562176810232,0.0012110290506983327,0.0008337079868848509,0.024985608633905577,0.057445714953723186,0.0005588628220788127,0.00023485380554285492,0.0068527509856048646,0.048708124265693306,0.004512117919403372,0.0016367558490099708,0.01260472803150981,0.028621406091406523,0.009885590002503187,0.005383085213468967,0.012817106934584443,0.04044402590576568,0.011986068441556433,0.004578594296662323
829.9585145236515,0.007562126768030114,0.08002849755481725,0.001208251855778711,0.0008361697493446205,0.024913880652725106,0.0572429145028647,0.000557034653046053,0.00023581967300494904,0.005767209258356056,0.048723078734195104,0.0044674954043257805,0.0016658005072371703,0.014752947079560702,0.029031110511071125,0.009858505893498523,0.005414056145052181,0.013552382747422449,0.03968143934194084,0.011977426943458365,0.004575375380623294
829.2703233839139,0.007761605081656084,0.08009122335610733,0.0012139360789848964,0.0008375801224563624,0.025177613902107182,0.056892677107926455,0.0005611074600731345,0.00024216337107587184,0.0054219140044735195,0.048609301615918366,0.004444630822206712,0.0017580500694508773,0.011267305108548542,0.03084100028280114,0.009772566430023262,0.005432675690266905,0.013332184440277253,0.03927787751888999,0.011967476661459454,0.004570379333965989
828.5832725774649,0.0081799441348142,0.0789363295261158,0.0012101556953614163,0.0008309915957867769,0.02527726611004884,0.05696996068976815,0.0005582766665621604,0.00023580743326924878,0.004805131708113176,0.0526374929177663,0.004442265466540991,0.0016656148694771066,0.012243248492638708,0.027536247857639296,0.00979554809835669,0.005396382236895472,0.01324216902974252,0.03884630149339817,0.011958752254803055,0.004567240561727045
827.8973592723512,0.006974794742042434,0.07891536380273977,0.0012093982563368933,0.0008314273111189924,0.024873396115224333,0.05715166228221343,0.0005520822836131956,0.0002327519031341178,0.007160615345683813,0.05313911471717759,0.004469514925900769,0.0016955263080539011,0.013850601908637303,0.02351623827920401,0.00988907179370589,0.005435955604478886,0.012358876158040056,0.03911038915017825,0.0119507512337192,0.004563543209442248
827.2125806459885,0.007624504975873798,0.07906841590995942,0.0012091156855238872,0.0008309304230221918,0.02532274769123541,0.05696427481832354,0.000559768596420191,0.00023603262748360165,0.006175147910105551,0.04993468392422407,0.00449781068094416,0.0016871191908279693,0.010941005014709048,0.027842716723617073,0.009803707107012718,0.005415878471743908,0.013189457608325461,0.039884796173908096,0.011939465678283577,0.004560002365006926
826.5289338851242,0.006283219045138833,0.07823470837692273,0.001205156304601724,0.0008310725183659116,0.025164682270299228,0.057395130673638245,0.0005630937490102227,0.00023795229429057237,0.006036364329248597,0.047992968229156004,0.004466974243818489,0.0016992647886418955,0.011089667653140012,0.028624451337616923,0.009742775708552207,0.005366773473424786,0.013649249338872353,0.038571511787782765,0.011930072994453903,0.004556730250068922
825.846416185797,0.006873063053284422,0.07925855624913204,0.0012072428070186963,0.0008307613667625236,0.025055681944376313,0.05706315140542889,0.0005487723407771977,0.0002358590765441052,0.006646952839622528,0.049646304407702006,0.004440432674980548,0.0016661568749495631,0.013060738678458571,0.027870817725121743,0.009853137167684094,0.005385087443166196,0.012298397328384617,0.03852895072440456,0.011920565143441024,0.004550077147103959
825.1650247533005,0.007133559860436925,0.0787219159969617,0.0012074199164061813,0.0008300544189750579,0.025038162767161122,0.05728469640222952,0.0005647344493372405,0.0002432844821298774,0.004718870813112254,0.0463519732465754,0.004493860993220595,0.0016928960542392398,0.014221619077079913,0.02973467769213446,0.009729310976669837,0.00530029544713607,0.012672510433883956,0.03948730101604057,0.011912218996730999,0.004547822384907756
824.4847568021436,0.007596825949067631,0.08003173896067664,0.0012043421132822694,0.000832076769470856,0.02512498663610851,0.056631010421856115,0.0005576576374615264,0.00023399934177784003,0.005061927670405296,0.05113599222369253,0.004469020867435863,0.0016832068378614061,0.011022153440204121,0.027414547183116346,0.00977184441338197,0.005387695699354675,0.0129927492664461,0.038857063306441834,0.011898696620408232,0.004544367240296821
823.8056095560132,0.007716106534865564,0.07868994971078615,0.0012047710646735424,0.0008272374802022425,0.02547581201779178,0.05700257616773586,0.0005542155560334584,0.00023472219440817666,0.0046527757053138,0.04815536486148226,0.00451142076283103,0.001649298179693951,0.012796107637550048,0.029902785763909524,0.009841609914558853,0.005375822864409204,0.01253262206181094,0.038958826826505984,0.011892221130033942,0.004543853480545575
823.1275802477368,0.006471175490475754,0.07778650980389648,0.0011995013965669288,0.0008257522570909864,0.024798748616124758,0.05720134652760403,0.0005583590402276397,0.0002354383889006204,0.0035593357792841154,0.04957526253799332,0.004469382495685159,0.001640167610533801,0.01486247058880977,0.02789812082244712,0.009754750017915146,0.0053312910265987,0.01283142652047423,0.039275361645534114,0.011884533881952736,0.004538933678239676
822.4506661192435,0.007384852528274262,0.0795941087070506,0.0012041491969530258,0.0008255930926498636,0.024813381710129,0.05675060520728939,0.0005560148205680316,0.00024332537383568695,0.00710801366490265,0.04656257050418031,0.004326806952292894,0.0017990951518301159,0.012541513520773477,0.030100506639834462,0.009627870819751925,0.005390354018521288,0.013004777306936548,0.03883632274209634,0.01187769645237742,0.004535274904809564
821.7748644215285,0.005957498017528201,0.07861853493351524,0.0012035482741046578,0.0008289599887832694,0.024986623727882552,0.056768062923323925,0.0005793510193217834,0.00023132370502002673,0.004494287193208709,0.049506396108666084,0.004738067876695669,0.0015908067901228748,0.014072364065961872,0.027986429833113318,0.009752030453469826,0.005364910673984989,0.01257284033042309,0.03874232211382096,0.01186556794685852,0.004531340235907784
821.1001724146142,0.007412383250313514,0.0791055713092067,0.0011971879228293578,0.0008263685341981933,0.02521986214300963,0.056789145112552,0.0005413786487931588,0.00022044414754291482,0.004251674354941836,0.052075686476493965,0.004369171717004102,0.0015751838134114198,0.011664157821420027,0.026015197550894157,0.009810285102951543,0.00541004219825441,0.012558465046585948,0.03903317621787251,0.011855243662194944,0.0045271240566090165
820.4265873675146,0.008067606688298548,0.07817297872561238,0.001198490277346643,0.0008256403185914878,0.024864906621549377,0.05614669211141312,0.000539736350645764,0.0002649463873891954,0.004072128943558731,0.05632587491547287,0.004460580476274244,0.0020393994551632967,0.014581444115092728,0.025346174802661207,0.009893328474448501,0.005387280579174207,0.012638084992146114,0.039022809039499416,0.011845615983953122,0.004524079314109542
819.7541065581968,0.006963482633472607,0.07806704598369331,0.0011970685535717973,0.000824665241221662,0.024466127380730833,0.05644453188903198,0.0005664185963821335,0.0002251361243667269,0.007103440462712561,0.05421132091135834,0.004620722366694582,0.0015472609696659942,0.01612024983461829,0.02449617986589869,0.009748071673048916,0.005380811031722521,0.012748420552976595,0.03917953550258749,0.011837562483943137,0.004520054089504957
819.0827272735464,0.007811928133822329,0.07813559845626263,0.001200501945409852,0.000820755606728146,0.024731007278432204,0.056484652229948,0.0005375949238183423,0.00025744152069116663,0.009008756382766407,0.05144534350305233,0.004398245245662756,0.0018952502596281586,0.008035812249764004,0.026139402559224957,0.009856214102018555,0.005271354478493754,0.012919190656182676,0.03899502987587638,0.011827846129494298,0.004518362273776001
818.412446809329,0.008419533724701308,0.076922423537629,0.0011993733556707668,0.0008264265578984,0.02433171326845098,0.05675041545312907,0.0005825629217865452,0.0002468422368399602,0.005801016016533424,0.05004913182715688,0.004754573987798403,0.0016590022260673464,0.01307674717033203,0.028445457722812734,0.009667459987461711,0.0052682730424952915,0.012567670732542394,0.038999201470766076,0.011820382948451233,0.004513550080764842
817.7432624701555,0.004638458550851105,0.07818260394116797,0.0011957475014606359,0.0008224306405943345,0.02541418901450911,0.05653204980726262,0.000561455999260439,0.00023034362110805292,0.001995472005580053,0.05150687719830088,0.004498716348261963,0.0016664742229703735,0.0159906998541867,0.027108579025915038,0.009656610224897458,0.005437124289228631,0.012923061629758753,0.03922053764525015,0.011808863357410685,0.004511098408687415
817.0751715694446,0.005903800364374476,0.07912757217591997,0.0012027568633117061,0.0008203859134545839,0.024877802935007628,0.05639286333206887,0.0005550594094498987,0.00022845883544729605,0.0036603572526792767,0.05208319146122245,0.004476049365328283,0.0015532751711648017,0.015616878845749554,0.02332345736439555,0.009672021115335942,0.005296326038946884,0.0129966969307725,0.038834160859771136,0.011800093542222365,0.004505673769658606
816.4081714293878,0.007988478030367207,0.07886997847214773,0.0011933408246250058,0.000827072356253647,0.024362542640753417,0.05613328440282677,0.0005532728124178153,0.0002343083997629225,0.009127377574385784,0.053686526247167736,0.004333228987365579,0.0017916951802030116,0.01293446713877472,0.02472581593787043,0.009587144303572999,0.00541866220731891,0.012650616716072283,0.038874458037244215,0.011790653133058625,0.00450351542885744
815.7422593809137,0.007257516874250675,0.08043342335191876,0.001189011056754727,0.0008235094762057307,0.024751783019018817,0.055942137401283704,0.0005561940110744342,0.00021830634811597364,0.009279859741722747,0.050776967579502744,0.004483140517124293,0.0014108520744250603,0.008675360286396178,0.026047125348143945,0.009673472852922466,0.0052222442527067245,0.012719606046236833,0.03941926108844116,0.011781996431871599,0.004499169062371739
815.0774327636512,0.00595876038704425,0.07878978896251244,0.0011916189095315412,0.0008174971042612663,0.024705031082873412,0.05625849324229211,0.0005441408983893532,0.0002393953285154789,0.0075678038537666005,0.04605770389693781,0.004410920702931065,0.001642591443581064,0.01447331407599618,0.030384688743208134,0.009745733985380332,0.005231106226173365,0.013009883997486265,0.03905915273697027,0.01177309134051605,0.004495542595922271
814.4136889258959,0.006962637450892397,0.07857408682228949,0.0011899924749199185,0.0008164250366829214,0.02464090176395749,0.05621189519624229,0.000559546203569394,0.00023142056051410665,0.006218016341963032,0.050596856083365914,0.0045561014855576695,0.0016752316728208773,0.014563878989509662,0.025252582757172713,0.009692697750223602,0.005377701500044402,0.012899034588812053,0.039009652534636445,0.01176326420828629,0.00449290477285238
813.7510252245729,0.005624251561823751,0.07745560653647966,0.0011865220017705075,0.0008264138860682511,0.024890901038090656,0.056315054040260305,0.0005529584615022995,0.00023296638411849448,0.007717791832346746,0.045575059253270704,0.004450024879827163,0.0015733491674467855,0.011178857372116989,0.031055550255403186,0.00967057602709531,0.005265061418022907,0.012542288534869097,0.041244841970516054,0.011754962189647805,0.004488129034143881
813.0894390252034,0.008091688540529034,0.07795540763900101,0.001186947127909973,0.00082025324029726,0.024584849353222166,0.05646472744371913,0.0005512281459236322,0.0002225451275588593,0.002856633222354901,0.04849590424614722,0.004422691606315516,0.001503786134621661,0.014210993186120485,0.03138320642639622,0.009640979174542503,0.005293746550834521,0.014580445162477265,0.03129278499623299,0.011746291472072921,0.004488544288888706
812.4289277018685,0.006736563600929924,0.07820964318302777,0.00118829711510724,0.000822727820340578,0.024482397855140094,0.05650813811136132,0.0005391070897462527,0.0002323407744019484,0.0076868669103649775,0.04724596124398609,0.0043431009434484035,0.0016540998077194283,0.013003127987938363,0.02502025336584183,0.009691330738966664,0.005290433354113908,0.012000442938362324,0.036728814855368795,0.011737713047381769,0.00448195644636552
811.7694886371755,0.007176566989603113,0.07729905700561347,0.0011866801354981395,0.0008181179593651257,0.02452722025339251,0.05620368057590729,0.0005446162821571193,0.00022992212618075646,0.005610130460453055,0.04865930522479885,0.0043418641308608395,0.0016560697384791418,0.012179908503527863,0.027768696790160575,0.009620961631386121,0.005317621490263238,0.012443438539787738,0.03776905749917875,0.011727457862967939,0.004480712997358032
811.1111192222223,0.0071567984034993475,0.07786514558159081,0.0011834035298327874,0.0008169305455068863,0.024222819896980424,0.05576207681453899,0.0005414035451921502,0.00022835936941993946,0.007460962208456695,0.048793646161861576,0.004315474372931231,0.001602771652934993,0.013747956849381394,0.029774671497430568,0.009627546546572021,0.005272343078111446,0.012415437874266804,0.03830943738192594,0.01171815258004117,0.004474542420720881
810.4538168565642,0.006812878338276547,0.0776540209612351,0.001187232271495878,0.0008187922450533701,0.024482209437279908,0.05570403036851539,0.0005488581759332975,0.00022835702683091577,0.008529322184237492,0.04894064323878522,0.004379875455083961,0.0015647720202707183,0.011345125907420298,0.030454577461164273,0.009576811327409446,0.005295567588107284,0.012728563949054365,0.038063127508986674,0.01170929291732056,0.004471177047421743
809.7975789481783,0.00711020703001117,0.07723254293589324,0.00119017417212488,0.000817069613946835,0.024578352685372843,0.05604485156922159,0.000544852554826953,0.00022637952095540593,0.005189201300979663,0.04996628067322826,0.004420845109868246,0.0014868236024815674,0.013782450958129756,0.028527960979457433,0.009652298892066763,0.005195267873034982,0.012598096509684766,0.0379244687449598,0.011700177276297545,0.004468296165386507
809.1424029134305,0.007000152258957653,0.07695712433117012,0.0011796757324816817,0.0008104857404636717,0.024433295306812024,0.055849120603932594,0.0005489945250262375,0.0002292700752553031,0.005115877974022,0.05124957430177692,0.004462488011708158,0.0016583430245945884,0.012905623617614971,0.02734703579850189,0.009666320885852328,0.005322715566203591,0.012559649046274643,0.03788873581415557,0.011692323840250995,0.00446368431864765
808.4882861770413,0.007553667006071154,0.07702887975402027,0.0011824928024005404,0.0008148465377342723,0.024322359154843532,0.056098394206659914,0.0005452640257989302,0.00023150324087210471,0.005968988701752499,0.047515559718512373,0.004368670685993918,0.0016899755568712386,0.012860153651446068,0.028649498478684227,0.009595285615166949,0.0053319828671894685,0.012469444511218297,0.03805863151356851,0.011683140591902888,0.004463755661864497
807.8352261720518,0.007108018944652437,0.07725908675198694,0.001186393496528029,0.0008190752248034736,0.024196232708734576,0.05550102133412628,0.0005448311826301138,0.00023340500496775638,0.003930588904222432,0.054159264336368335,0.004316388889227245,0.0016753813390713995,0.015184781459547481,0.026307012633395802,0.009534112044101224,0.005292505916276209,0.012666742739548998,0.03797566573997537,0.011674989416944098,0.00445815229928844
807.1832203397903,0.00727528254756624,0.077445490144198,0.0011797654797945196,0.0008208553330265518,0.024316999531246893,0.05578952633163012,0.0005413061422588933,0.0002285466700896748,0.007467443781079033,0.047999542115601,0.004328291269289896,0.0016222282919628012,0.012593175096915075,0.028544259590062866,0.009580344822768696,0.005283472849648865,0.012301379205610379,0.03802750349264176,0.0116640286583706,0.004455519676246879
806.5322661298388,0.007031026617825696,0.07715950619144829,0.0011779694035139344,0.0008133173518405979,0.024380844839715612,0.055969119741154094,0.0005431070677669312,0.00022482542984085502,0.0012070816629222221,0.05003518727280212,0.004323776219823699,0.001646089837996613,0.01843772627463351,0.025926377195831272,0.009549903880673265,0.005347134069232582,0.012697514361607163,0.038005967129404024,0.011654288871804246,0.004451139569508298
805.8823610000002,0.0073688371608428335,0.07768113738368007,0.0011776430719477268,0.0008136631794466046,0.024102172478371764,0.05567732070246381,0.0005425277356918541,0.0002263354075342509,0.0067836704637921534,0.05161054542943282,0.004299072984176159,0.0016383462423271674,0.01443733164948404,0.02379689264358532,0.009522873578575107,0.005309825252142507,0.012459715507878824,0.037822084817234855,0.01164747935988141,0.004448062632510406
805.2335024162642,0.007140920847609783,0.07726839024421978,0.0011761828896888248,0.000812069166530542,0.024112621782775037,0.05571933808425696,0.0005429569088545,0.00022674492071244752,0.008171617825716333,0.047441078042360654,0.004289183693905286,0.001551747752725151,0.012048838976249709,0.028556712629162234,0.009498827329822403,0.005222576559444192,0.01255636619999493,0.0379879716274686,0.01163904323071935,0.004446393263301404
804.5856878527757,0.007551789031565122,0.07731012429931873,0.001175288946111234,0.0008087231590656789,0.02438506453906467,0.05568781087653617,0.0005459189261209013,0.00022819368213067864,0.0039291892506003075,0.050206253753042225,0.0044682443881629555,0.0016100113502549751,0.013869014691321669,0.02635967534928907,0.00964580690587296,0.005215353729085491,0.012261931794358645,0.0377985865672931,0.011630947588244737,0.0044392360351140905
803.9389147918007,0.007621902750607008,0.07713305521254224,0.001173601412660436,0.0008099017904434145,0.023825255606105652,0.055386579940844415,0.0005430813697684378,0.00022856245110742162,0.0112408266278228,0.05585766272911179,0.004353496523486343,0.0017065542478608246,0.013809058333175708,0.02151459742129322,0.00953740704094875,0.005353670174548697,0.012427634335256977,0.03822120403333742,0.011618934801705663,0.004438635149267567
803.293180723695,0.007484015109981362,0.07715322801250037,0.0011732607258192924,0.0008102204413491093,0.023843370556472992,0.055127765460419816,0.0005396687869909847,0.00023160502367659775,0.010619702352068376,0.05105576577330597,0.0043303751183629636,0.0016247859067161751,0.011062594346307334,0.028367929736132284,0.009563360208931424,0.005172974154670716,0.012487004419970173,0.03774936990297731,0.011612887479500745,0.004434736208134747
802.6484831468701,0.006866675366725844,0.07671393075651844,0.0011759864805608107,0.000809665883919894,0.024204416331059405,0.05552726625338259,0.000541935708487449,0.00022564139118793,0.00874166315308007,0.04579757597653549,0.004327649582185495,0.001529594100332734,0.009635847362559877,0.030961934342886605,0.009518668056342506,0.005180039714487487,0.012432255669824433,0.03790621519604911,0.0116005192591504,0.004431639482779156
802.0048195677626,0.007704331818966856,0.07732274613262011,0.0011701272083812532,0.0008080768626766962,0.02403872379418904,0.055441428903508325,0.0005398599131363958,0.00022772986356374018,0.007654093592259859,0.04827636049087416,0.00436400177304783,0.0015075693839012188,0.010770882813086085,0.027013062369711065,0.00956814489206329,0.005155833795659921,0.012500516544592851,0.037559982930243846,0.011592214795140342,0.004428483154803184
801.3621875008014,0.007577963613211134,0.07783436402005044,0.0011715441194446864,0.0008069100545109553,0.02399298318168575,0.05515067231704248,0.0005439874659371894,0.00022880925870945675,0.00648758607508075,0.04991266469267102,0.004250118247007421,0.0015708404100452018,0.01324012136204193,0.027310497462865166,0.00939114089222511,0.005193322637179127,0.012586597371037544,0.038038039382599295,0.011582467929867436,0.0044266735144255
800.7205844683748,0.006059036934755827,0.0767721352367861,0.0011731308464036706,0.0008047123923905013,0.02418836955303667,0.05517034906219881,0.0005385510480810954,0.00022873422819139676,0.009950467764535864,0.04615917653984673,0.00434344647004356,0.0015958228496564322,0.009543191635553122,0.032104669451282215,0.009538678854524528,0.00521367014988922,0.012411646511170297,0.037691417528846555,0.011574979137932652,0.004424920659672301
800.0800080008001,0.007304871460360323,0.07586727671484113,0.0011694507550503933,0.0008060137685983101,0.02416960765463468,0.055139631915258,0.0005411875690528466,0.00023180463421928362,0.0016153415357068525,0.04960804258164073,0.004283145221702503,0.0015990322929574925,0.017365495905646514,0.03154046719669265,0.009442906024476625,0.005183781141759601,0.012283474889993116,0.0378390189730623,0.011567906845382855,0.004417015635147637
799.4404556362911,0.0075988544486239465,0.07819789555653135,0.0011680714984555138,0.0008073988307033781,0.023704199750641173,0.05475380274439662,0.0005514118096788884,0.00021941443947193074,0.008185086218611675,0.052112996975853865,0.004488736952932125,0.0013952088613964097,0.015313436852104408,0.02628683619722174,0.009539152451296586,0.0051338069300311505,0.012617788302268274,0.03780990447781152,0.01155975078211155,0.004411902346250351
798.8019249209267,0.006057587137623481,0.07684077240065064,0.00116999397618108,0.0008057805472751644,0.02416212698253305,0.055128383767845464,0.000526593650907134,0.0002390139461905148,0.008566780366406125,0.05015387368512961,0.004262805003851088,0.0018005568085375893,0.01182802443460456,0.02602243490302528,0.009584817473208532,0.005244448044541068,0.012228381582245321,0.03773245655142301,0.01154953204642421,0.004410035586445161
798.1644134086195,0.007450437354753061,0.07570475288928427,0.0011661330874949054,0.0008046663873557989,0.023576739971484455,0.055134654585127424,0.0005492695772252495,0.0002454338773138528,0.00777690008429616,0.053156834321197936,0.004404252009302456,0.0018196372350606125,0.015727561172931257,0.024230968807484144,0.009436480822588921,0.005252255852775648,0.012543701913268954,0.037891587947373,0.011538320681468489,0.004408046685103237
797.5279186610846,0.011351886300575452,0.07805662403813622,0.001165389730081574,0.0008062334934138853,0.022981267055050696,0.054748782906302404,0.0005439835846544219,0.00023363475850350442,0.011045240761151832,0.05072695153869062,0.004434979593453905,0.0015886322900627498,0.009782990383325517,0.02563317245640207,0.009533535336651563,0.005139663365099501,0.012293310368807491,0.03763863420216469,0.011533018411556207,0.00440423622939463
796.8924382478089,0.007648642453279586,0.07461276838256992,0.001166925644548133,0.0008064574430315404,0.0239516087256809,0.055476986944188546,0.0005459500812712405,0.0002307212695083003,0.006533958135275936,0.046498127821762845,0.004370329875033736,0.0014790808091874066,0.011567838551157408,0.029087916188990884,0.009413556403270549,0.005081966732063705,0.012496343152447239,0.037922789536597876,0.011525526296882313,0.0044010941979454495
796.2579697460193,0.00971221864884726,0.07861527647290634,0.0011656871888873735,0.0007979641704560236,0.023389682112651952,0.054427459688544975,0.0005351099653923014,0.00022474186002510992,0.004902777215339524,0.04939619397424306,0.00432000977328144,0.001565772549407049,0.016224584661820987,0.02886599388912204,0.009502033868669699,0.005157032022106774,0.01238946160772091,0.037590199738260874,0.011513003023051008,0.00439225890765434
795.6245107406525,0.018468864062758102,0.0760616470420561,0.0011698499610534256,0.0008048745794738691,0.02135017401574545,0.05506587389027906,0.0005363226569692033,0.00022349571236966536,0.006134414401751487,0.049356360578994715,0.0043457596371452144,0.0015255838753188615,0.015657527757995567,0.027320173237796005,0.009493690707547483,0.0051555973025318065,0.012430297841620475,0.037855601770550536,0.01150657219262193,0.004392816285453083
794.9920588243244,0.0038029302648052944,0.07079341885657783,0.001157997962382079,0.0008021125985403058,0.024745711447221225,0.05596649798597706,0.0005384408454306553,0.0002240741480194619,0.01020539182112462,0.052468133248303524,0.004382101358742545,0.00161383100018969,0.011241904620037081,0.02410677460604529,0.009512501249311101,0.0051897644082697005,0.012466319395618812,0.03760901094668326,0.011495500095636641,0.004392652326881468
794.3606115972996,0.0028729025254550524,0.07437990692253521,0.0011693837451593593,0.0007863061515739064,0.024396237187742708,0.05494891780414726,0.0005416124297527928,0.00022631101423694732,0.008126197187940967,0.049475574031935476,0.004316040473271528,0.0016419232668828895,0.013656784352317609,0.02943598526525121,0.009391213453005734,0.005230963831285407,0.012457240125617289,0.03779280831591727,0.011488521099955316,0.0043876481085746485
793.7301666674604,0.009172197560494883,0.07450626056649921,0.0011651197481206842,0.0008062152005605988,0.023354974131145435,0.055362978111604316,0.0005336554403862356,0.0002248494288397025,0.005043455095486927,0.04595723187603548,0.004301882601642522,0.0014938379004699814,0.013570559550773461,0.027248630793763256,0.009459675077123175,0.005107133589377901,0.012518441702920175,0.0375490664712072,0.011479750646443044,0.004385207899804887
793.1007216502777,0.00659400220088695,0.079940400374237,0.001162211533218822,0.0008072303154720582,0.02455179003022957,0.05389490296675419,0.0005369989759241311,0.00022823803919248332,0.005615516813808102,0.050062468173758826,0.004321265934003787,0.0015809831681570996,0.014297866351048131,0.026984840521949244,0.009437526075685375,0.005177578936953088,0.0124304378907042,0.03768197617463612,0.011473711443686087,0.004378357938103257
792.4722741687798,0.00333322723055734,0.07094758350044965,0.0011608441651623947,0.0007987554601254305,0.02488955427112406,0.05539900926217202,0.0005398992515611953,0.00022895031990403329,0.006943301122844096,0.053274083952921096,0.004385263537367413,0.0015075818614820997,0.014119793550700074,0.026457021130599303,0.009462871469069838,0.005074570525396242,0.012634306306587103,0.03751477616838572,0.01146656540821068,0.004378292566890565
791.8448218535235,0.005637226103811442,0.07424679580290497,0.0011466657360165152,0.0007944459652436349,0.02372121710337931,0.055250653409499875,0.000532480207639339,0.00023026490131077283,0.010352606190639463,0.050358235819082796,0.004272637191158235,0.0017082814851744363,0.01136093274943109,0.022940335904354785,0.00942783348102371,0.005215438166656828,0.012406135793657807,0.03750064906178975,0.011454267549188078,0.004372671019200609
791.2183623425634,0.00591966883946503,0.06993456776431393,0.0011579289753699147,0.0008074003816609676,0.024037944970643217,0.05594748015409807,0.000528578344315966,0.0002245317380991563,0.011685341539026508,0.04560042070490423,0.0042678376231700885,0.001517052917027942,0.0070193400834170985,0.030729070361980512,0.009458197028404013,0.005085137838175712,0.012659992584849627,0.037426831741191,0.011449116881117884,0.004369328129755864
790.5928932814231,0.010481892164779802,0.07408364211570885,0.0011548163637908316,0.0008009775489739358,0.022954375422654223,0.05477424671905329,0.0005385994710407604,0.0002251960697230663,0.007905574611153548,0.04750720477373866,0.0042922201915120365,0.0015541263274636307,0.011503860352981477,0.030168656307503,0.00935267702736784,0.005151784002480028,0.012349627112962397,0.03745290348689443,0.011438945804154927,0.004372211264781476
789.9684123230649,0.005580391285406148,0.075749173482221,0.0011634506517453087,0.0008068629734105649,0.023887829625305237,0.05427745739582168,0.0005346054248541212,0.0002290665562131301,0.0033024976668617504,0.048732466525833615,0.0042908428041194165,0.0015759411743625502,0.017318588635730013,0.030753928855943347,0.009381639580156505,0.005128826228645358,0.012615411781327872,0.03741934791801389,0.011425001573306583,0.0043665147834931585
789.3449171278613,0.007684188432351521,0.07319441344254549,0.0011564408704340529,0.0007956771012057078,0.023352723585455648,0.05512171260820401,0.0005302656721597934,0.0002249921106416106,0.00747630891476191,0.0467984593640111,0.004276921514717535,0.001636587453761187,0.013455433299753045,0.026563154037245948,0.009407274178974622,0.005182469904311037,0.012373439955809171,0.037285440117347676,0.011414902969155632,0.004364423717930205
788.7224053635648,0.007549720861120769,0.07554370128347787,0.001154546009310548,0.0008179201659924731,0.02365675683938251,0.05464408323189029,0.0005309481439562428,0.00022249918338299659,0.007140697898975028,0.044670093079971024,0.004223402189077945,0.0014899656247745422,0.012086039410190336,0.029113937248514476,0.009347302425624263,0.005117207511412896,0.012541832373587771,0.03738781097678985,0.011409989539136899,0.004357339513682417
788.1008747052798,0.0063652531346149,0.07409892078629537,0.0011679273152555383,0.000790796839361064,0.023632084900666463,0.054864903112382464,0.0005308823434427111,0.0002242227347696688,0.005551621955324307,0.04416789261858902,0.004286344227857265,0.001599400015927094,0.01693143888793738,0.030063731619539256,0.009388436221252397,0.005162589885483008,0.012420368087766611,0.03720334580104195,0.011404344553708342,0.004353716355175197
787.4803228354332,0.007202285744386062,0.07447203182283092,0.0011663277024349101,0.0007961236500591836,0.023814674465620498,0.0547096493931933,0.0005247571798887622,0.00022805638145245553,0.0018058161163542212,0.04857845888657074,0.004194053124939602,0.0016735308086922164,0.01533424967957905,0.025420001615719116,0.009357095337299491,0.005185644494052723,0.01260308864835219,0.03729409723564368,0.011395973071903943,0.004350705915398526
786.8607474437451,0.0077324810338072975,0.07378467839946029,0.0011647003753788082,0.0007916805734281026,0.023024486826100303,0.054799434833054154,0.000525432557676196,0.00022187784777994907,0.011044567544805928,0.04680196555935845,0.004163448501669879,0.0015225916840752966,0.011419084011437776,0.027850602791609128,0.009287463598854512,0.005107957656900167,0.012427540619869136,0.03714519062204543,0.011383286024931246,0.004348860033833016
786.2421462272014,0.008473854379446633,0.075340370205569,0.0011391729579949834,0.0007929399506585335,0.023213289000567624,0.05405779912800995,0.0005323503546801013,0.000216072331838699,0.007817369062654544,0.05392644099479148,0.004257514791900402,0.0015554674656073617,0.014376873761947552,0.022672856898609886,0.009344961370063094,0.005140832630555282,0.012527301846612719,0.037215751385151756,0.011372933589560865,0.004343133301264359
785.6245168900236,0.008195676419174187,0.07601080827607257,0.0011413377743592975,0.0007997368766021512,0.02357890404941686,0.05420903907572359,0.0005382288442264761,0.00022144711576787236,0.005721833566339198,0.04713874457134349,0.004348463710090221,0.0015051292914225805,0.010218024904088414,0.028078311736590148,0.009375379749662875,0.005106705537370729,0.012301098773483659,0.03690996765575787,0.011369712770505554,0.004337850681989769
785.0078571436422,0.007744187793001795,0.07636158417166335,0.0011489551315254695,0.0008074493151128747,0.02334842787942401,0.05427792364473347,0.000529486153123206,0.00022584570701521904,0.008687227846232423,0.04209822519902648,0.004279778227972013,0.0015780594320086256,0.01252231887781792,0.029975752555517546,0.009374618201464265,0.005138711217139834,0.012493365072966436,0.0370897040616888,0.011364010942646826,0.004337634406085015
784.3921647066668,0.006804578338234548,0.07521849816202189,0.0011393501839602786,0.0007924748417865589,0.02336784489789425,0.054146580332625455,0.0005327535113936003,0.00021748336250693094,0.008841195665872667,0.05079569087449545,0.004283338221762786,0.001493381500427553,0.013653708915678103,0.02396489206756325,0.009355611709074946,0.005128568785332155,0.012468547814041438,0.036926322777375606,0.011354404591607546,0.004337719627657604
783.7774373048591,0.007669968388189307,0.07566566157641214,0.0011488142390052682,0.0007842461867399134,0.02314121488407918,0.054128835724981623,0.0005354788434584964,0.00021962180716708342,0.011051751409947361,0.0453962088495189,0.004321717148991243,0.0014707673635680168,0.010285223874032929,0.027880036368647977,0.009314834809533124,0.005059230298888456,0.012502807114125861,0.03707159755741062,0.011341854556257133,0.004331074676090318
783.1636726711042,0.00675916893642653,0.07541977305712441,0.001134253875744958,0.0007835013938086041,0.023291150396991523,0.05336074717402513,0.0005401781811769553,0.00022636467764581387,0.01260815935237295,0.05383423178709763,0.004366253077977492,0.0016731131703942377,0.012242865266515723,0.028997050727842623,0.009347534525491655,0.005184783770273604,0.012408516786110177,0.03668263541545594,0.011338638997997802,0.004330390679015362
782.5508685453835,0.0074065275485787115,0.07490930653772898,0.001149744523546233,0.0007806398369789149,0.02323836703052275,0.053996349824302355,0.0005244890670775614,0.00023064765815597975,0.008817861469237465,0.04975238593068553,0.004223301542367776,0.0016689116291697854,0.011621775623694017,0.025251746597266374,0.009328549025931976,0.005106413235639865,0.012641587227789998,0.03714394289002899,0.01132422903374305,0.004327422809934342
781.939022674746,0.007161817833362042,0.07557239474647984,0.0011417407885537779,0.0007909671393563401,0.02290643841379211,0.054258851803926644,0.0005210005768268858,0.00022212719087337415,0.01646925124504226,0.041546603263088115,0.004168608636085972,0.0015217877218084634,0.010016161716760362,0.0292938975622455,0.009317535877193035,0.00505910939875948,0.012486867407097054,0.036805801721574376,0.011315871616958576,0.004318962178481246
781.3281328132813,0.007278368037843497,0.07513723716241065,0.001139876773439196,0.0007841630781661424,0.023100702311347296,0.05322982901519227,0.0005241992055212012,0.0002237224921104052,0.009690491267645472,0.05482178723559386,0.00416797631467802,0.0016304052615469947,0.016016540767382702,0.028477591384620228,0.009283874706537732,0.005153324557886293,0.012680232895001453,0.03758572381825962,0.01131168659167746,0.004319563138861251
780.7181967220922,0.007337014211837907,0.07603989644341412,0.0011424737843317965,0.0007840511895326971,0.023561531858738438,0.0540671668797353,0.0005194738441782993,0.00021288026130220812,0.005817998091078673,0.04689303535435471,0.004218202046512406,0.001486837685825789,0.01224942267135263,0.023743358732646533,0.009370926289324705,0.005097203334982762,0.012007255168555766,0.03730397095323357,0.0112996765838678,0.00431766825807671
780.1092121692668,0.006404023303523853,0.07467456248430397,0.0011408840640147078,0.0007836379830368436,0.02278601436469866,0.053847030991972904,0.0005427253401967319,0.0002099591248133696,0.017163902254787665,0.04802490928254105,0.004317709922305311,0.0014336004997726867,0.010089854664233401,0.026763315945446058,0.009189458924169934,0.005123192910614263,0.011449964575298196,0.038092220159468504,0.011294320633575375,0.004313232744105569
779.501176929852,0.006412051875365649,0.07458890472359342,0.0011407708630184372,0.0007848163078702043,0.02292331231504223,0.05366646527234051,0.0005435439296282954,0.00022533495050445379,0.012634969050395564,0.048174095884135515,0.004456009870023942,0.0015721464940291897,0.014112382948124336,0.029491606036104463,0.009321588939368651,0.005095492905259406,0.0105267309787461,0.035553481553394876,0.011285896212803652,0.00430910123388214
778.8940887858256,0.0061626806097806585,0.07396540632140901,0.0011426095736103744,0.0007867826063593646,0.022786098032684485,0.052979954884672845,0.0005301661152353655,0.0002358527278133951,0.015461916512254167,0.05913146100230256,0.004221074439958052,0.001644165972033629,0.015046600411470979,0.02601740288081392,0.009235973285741033,0.005019435359021619,0.013277267437028093,0.036030455241175124,0.011277262958594755,0.004308587823069629
778.2879455260702,0.007025779617248936,0.073901960424526,0.001140228226979615,0.0007848082101925881,0.023524191800099497,0.05364423692526169,0.0005130116325282043,0.00022811868545029348,0.007042010519729387,0.04987378247154448,0.004033092144943062,0.0017039282524588268,0.011144038452718209,0.026030902590275,0.009220680163217022,0.005126839326759045,0.011635306433090032,0.03701766660615279,0.011267319498045181,0.0043041416605298696
777.6827449463453,0.00624682926551244,0.07417322734750027,0.001138509861008513,0.0007902867853639509,0.023376069080624316,0.05372272308547892,0.0005214415729797,0.0002158872314436633,0.009115002523385637,0.04652029126528079,0.004197555758156109,0.0015498228735649046,0.010952269322843211,0.028919585943409962,0.009270430712477825,0.005137235427078894,0.012085089767944535,0.03612645346576157,0.011258168000083748,0.004300490994012986
777.078484849262,0.0063600363275730125,0.07550766447039564,0.0011352664979067172,0.0007869306671553207,0.023747841488195448,0.053550636834663635,0.0005268299947706549,0.00021910827934542857,0.004721509194045389,0.04941991807543974,0.004210478007574995,0.001506795828538993,0.012574937742046667,0.02516742481950063,0.009211757363355976,0.005068246157167703,0.012135260003288247,0.03642723382395888,0.01125211479057586,0.004294361613323493
776.4751630442547,0.007097345483316366,0.07424602249107899,0.001137864176716802,0.0007832478222814404,0.023050532540677904,0.05384486036712228,0.0005223085581286972,0.00021698602776251455,0.012166406422162683,0.04476371425650151,0.004238557683492127,0.0014714232643526666,0.010594977915748708,0.027667577782713636,0.009291912329130354,0.0050384559905040874,0.01215775119061048,0.03617108321022918,0.011241708448544227,0.00429053342442308
775.8727773475564,0.007409017344822681,0.07494537941222672,0.00113338607457115,0.0007866919262427188,0.023021010626082073,0.05343818427670465,0.0005205983924556579,0.00022275840500585195,0.009978317411209822,0.04574211375599174,0.004127853215183941,0.0015160229717059016,0.011824674993520336,0.029821899873488916,0.009203803732679747,0.005015556396771355,0.012115803135989376,0.03628743844776804,0.011235272192883635,0.004292645960487243
775.2713255821707,0.006932532108575904,0.07444590494295679,0.0011306133560626149,0.000788225654850143,0.02282721583533298,0.05350073945155721,0.0005194971152873736,0.0002097082335056533,0.011902659049056463,0.04663043431532525,0.004149549380125317,0.0014373497312690255,0.011693607429914954,0.02786077404257575,0.00923154863128249,0.005084894530442792,0.012097464473552262,0.03620833198258064,0.01122629084869372,0.004287742201058817
774.6708055778469,0.006595075556732793,0.07427525199104507,0.0011301560202875806,0.0007790020642017212,0.02346680149031767,0.05352718091465524,0.0005374226978583468,0.0002046083881306727,0.0050192938920366895,0.04325246121226476,0.004321532161745449,0.001279222330556258,0.01372932456505478,0.030948765039561843,0.009172604690662178,0.005009248081225757,0.013147598567362214,0.035549344935078185,0.011219062368597429,0.004282441036072699
774.0712151710527,0.007510171089937284,0.07465435395126226,0.0011372095080082287,0.0007782305884558255,0.022739292648823076,0.0536284462163706,0.0005433324274521094,0.00022091018535339436,0.008406597687635362,0.045711239672557115,0.004410082328719474,0.0015215834087207987,0.014749994491779937,0.026217596643397345,0.009192484621911579,0.005078975160648036,0.009918460417701029,0.038487030584794295,0.0112098578875714,0.004283245415369157
773.4725522049498,0.006439018316852717,0.07378213865525465,0.00112744660123079,0.0007901066603458729,0.023014304545513047,0.05333354331239641,0.00053855702773779,0.0002368682700422102,0.010260065707118082,0.04997395551389173,0.004384795980145947,0.0016674033036358593,0.012518046669711853,0.024113398443556158,0.009221154834521482,0.005030490057897366,0.011727861912864002,0.037263939853090434,0.011202082233590331,0.004275109506293782
772.8748145293664,0.0064949452934046,0.07344137106773593,0.0011305429209743534,0.0007791891554464863,0.02321496353434322,0.05325559638941868,0.0005205167096202575,0.00024100688729274892,0.010702998896102423,0.04830608703562606,0.004220576571947883,0.0017393934302930513,0.010087353546272694,0.02837647250020554,0.009266208190080958,0.004980734842031611,0.012045331879136327,0.0367702983722786,0.011196608932201622,0.004272684176925898
772.2780000007723,0.007168183077812166,0.07355996679645663,0.0011306982983149297,0.0007859127104398988,0.022862053078686766,0.05344634663781026,0.0005078748391959537,0.00023186331124583944,0.010562623930484348,0.045923745561264294,0.004032938617978626,0.0017065755565055182,0.011790427079289451,0.02804003571887734,0.0092017156161086,0.0050446674849585205,0.011971135849683553,0.03656438862935436,0.011182241607020247,0.004272533031720061
771.6821064822533,0.00661520642705733,0.07388232733913495,0.0011362223523829651,0.0007891061469958009,0.02297204083227411,0.05314705274208412,0.0005163064472117117,0.00021949489044037826,0.009310192516911835,0.04662842548343834,0.004091518861518042,0.001563436251914613,0.013621401709684696,0.02793142062659021,0.009146833061740614,0.005061414470691337,0.01197196723358812,0.03652855220098246,0.011180827706188737,0.00426789231673726
771.087131843485,0.006491648222415669,0.07296839368079167,0.0010933734194731278,0.0007713960948001914,0.023516643267810635,0.053801512068251706,0.0005258713109789519,0.0002282956467225906,0.006684398180872751,0.042884190354317245,0.004163449355807725,0.0017531830446615125,0.012435659121350775,0.026727577846028673,0.009168254429616976,0.005147716674396183,0.011996897272618684,0.0363445740018787,0.011169742985735275,0.004267208717907379
770.4930739607089,0.006771670457287021,0.07300816248552841,0.0011204865738525147,0.0008088125172726139,0.022895935956819775,0.05325865233005552,0.0004980552055231866,0.00023177761180638036,0.009741069517569171,0.048648294368469694,0.003984682104395098,0.0017205770651915558,0.01405663376831777,0.026295057356849158,0.009263052053174738,0.0050861104440753525,0.012094070824153692,0.036379673808901884,0.011161606201461312,0.004265048502560489
769.8999307167053,0.006620217899044369,0.07295051837723554,0.0011395968784029364,0.0007928868838808869,0.0231496369645491,0.05317867971763088,0.0005075581603177468,0.00020250020100359519,0.008702270304347023,0.05033103367785796,0.004157884331255623,0.0013276617682630935,0.0118365580517755,0.02530464456604346,0.00927698894629204,0.005000499203753281,0.012129397566455343,0.0362723200851055,0.011150014968472824,0.004260029735572541
769.3077000007694,0.0068547185001500465,0.07317114088069368,0.0010960754535005379,0.0007824737354475954,0.022952148690837216,0.0532587325733311,0.0005300094111528406,0.00020452008749408858,0.007455695455215034,0.04505802261075191,0.004258940979070563,0.001216583182295842,0.014211321499288367,0.029678905044015012,0.009191271183915488,0.0048817849154546705,0.012069440057221395,0.03629841607840591,0.01114199971899184,0.004256947516218234
768.7163797086857,0.006614690358912465,0.07304524604806012,0.0011272880339228933,0.0007527716466177573,0.02301421910316775,0.05331697074304695,0.0005327666032255013,0.00020302979995393284,0.0060386453008599,0.04607576478092311,0.004300599331566263,0.001331318853392832,0.014803724412717227,0.025961238416302608,0.009123334116732678,0.004980030479301411,0.012097055929817037,0.03621513849087696,0.011135606595965826,0.004248433041531602
768.1259677427037,0.006844196366829108,0.07274142711658611,0.001117973667034223,0.0007683240578212965,0.0229007755241842,0.05327051895549026,0.0005365201703384995,0.00022328353954821493,0.011321331495723348,0.046503598204613694,0.004392095384715876,0.0014826585755200051,0.010181610311725698,0.02618068587705534,0.009178353230882383,0.004950211824207315,0.012098604877022384,0.036173877242393716,0.011127354130121551,0.004250161676477131
767.5364620115121,0.006472390834186524,0.07270193090806513,0.001097003616440782,0.0008284980285974095,0.02265884359884505,0.053580756716792854,0.0005230845008308121,0.0002370764887892209,0.014153933125180452,0.04020495042052209,0.004187432811678906,0.0016104343136583506,0.011557518864474509,0.028840889120820258,0.009146035344758283,0.004988511722110862,0.012203111484592593,0.036139828332777804,0.011119593720535706,0.00424640949422739
766.9478604302147,0.006979690170739959,0.07175336466079973,0.0011538654483080448,0.0007992754071673393,0.022916479215473632,0.052590203309937036,0.000512825908893645,0.00022420643571990207,0.012283146092480822,0.05413435701244256,0.004230745001712796,0.0015068180038459373,0.010602754750469812,0.026031659763549528,0.009201793441323132,0.004970673238617976,0.012104070530690356,0.036117696218648125,0.011106993285807606,0.004242569071792491
766.3601609203066,0.006093476321220349,0.07165209176791226,0.0011194823359345135,0.0007809115215405011,0.023104290393159147,0.05335909177146749,0.0005197802894300893,0.0002234325019201607,0.012520237349696293,0.043174588471908866,0.004142480106818549,0.0014322426770829182,0.008894379460470607,0.02809018421525691,0.009092070315186128,0.0048544315243618155,0.01215666959730139,0.03607046599923085,0.011099359584892004,0.004241475037620642
765.7733614096478,0.006911789749488668,0.06966254784080991,0.00115196370338034,0.0007173988010350732,0.02254272192373513,0.053204398727642155,0.0005043301045187339,0.00022167116404828217,0.015419363194584397,0.04733056221017612,0.0040500597354268765,0.0016054084565848064,0.014078039767137434,0.028222236939926506,0.009081979944939965,0.005021699403898965,0.012107297144056029,0.03600124523784356,0.011090860103033973,0.004240709432953976
765.1874598324408,0.0044157881004493965,0.07596528333426499,0.0010769144838865944,0.0007697726951153345,0.023233705105102698,0.0525344214339992,0.0005257566536103996,0.00019769730722918959,0.01711909446006829,0.049361146865942764,0.004157970722380233,0.001410992756872576,0.015220773920872276,0.02588246388952332,0.00913057544103028,0.00504422823269697,0.012366815543182171,0.03585989913110418,0.011099435016216632,0.004232362555090604
764.602454129205,0.04193286950821827,0.09906075947030288,0.001132372111594769,0.0007452375285684588,0.02139057661008933,0.05157356960370153,0.0005258905617723368,0.00021935776365731606,0.015838951893654418,0.03734464322489552,0.004272223503413626,0.0014777604600445867,0.00610219692902092,0.02518024776763486,0.009131091420920572,0.004912699592880582,0.011349794122754605,0.035293220057191654,0.011085914682239089,0.004229158653585247
764.0183422467534,0.010186343827792758,0.0837565042626653,0.0011233030013091038,0.0007778364018792079,0.022284603156974076,0.05275009348183242,0.0005163078599362391,0.00022750442542732586,0.014285076346158235,0.034597062694503085,0.004070859020305587,0.0016615301046676975,0.013536581687312862,0.02654860316493098,0.009014942749185071,0.0050624606589523835,0.012104003864932303,0.03542181501087006,0.0110854916325436,0.004224799140196258
763.435122138168,0.006826703315042621,0.0762520452260514,0.0011353048963320428,0.0007488540362080673,0.022467732113493847,0.052268766306274174,0.0005034820844579377,0.0002203532672971421,0.011578327997108543,0.049125863310681576,0.004078599881437964,0.001575957939656458,0.01450600871201707,0.025104071832532503,0.009140135041685822,0.004981821825688939,0.012159116934845934,0.035574440235908285,0.011057902629634239,0.004233074040881165
762.8527917627766,0.007358451500312849,0.07618053401678854,0.0011355297609038553,0.0007810160325862362,0.022047972308894034,0.05291709691541122,0.0005014490688497315,0.00021560631972408534,0.017483124674640856,0.042268967785364216,0.00403871762642492,0.0015303732160706896,0.010854488284276514,0.025674353417703775,0.00907630464244556,0.005005409370639065,0.01217642119055323,0.03555600436906976,0.01104991557764846,0.00422141723225252
762.2713490861281,0.006751564135244987,0.07478893267034986,0.0011166793140444387,0.00076350712659832,0.02159916976367524,0.051082465410364576,0.0005141294858988681,0.00021830342434731422,0.028382198860324875,0.06556438283085336,0.00419757295907753,0.0015120149986149172,0.011865430630655744,0.025380204627489175,0.009185854541788977,0.004920079260516257,0.012406454085573993,0.03544990005875126,0.011051182285882272,0.004219834003751334
761.6907920799697,0.006956959938376173,0.0747667714203175,0.00114075800458567,0.0007682225413525315,0.024306616612815756,0.05252090993088756,0.0005038712202724729,0.00020815959436571452,0.006198782841360734,0.047183541035926806,0.004019473384487359,0.0013474718754491223,0.008582661859167192,0.027592530522200447,0.009020013905469287,0.004899834799509633,0.012093338172712543,0.035415234728476894,0.011042999563130668,0.004211712234281923
761.1111187222224,0.006874233517345062,0.07443608264339759,0.0011188327538121,0.0007786510267478902,0.020932337478675973,0.05374087428075431,0.000524715776771705,0.00020953875328538147,0.032848915789988775,0.036587465214516994,0.00421627377878012,0.001462356207802349,0.011044528798038885,0.02889297790081933,0.009034887350001372,0.005017526390259964,0.012047610561084733,0.035173040475588,0.011028813856395127,0.0042104178839348924
760.5323269969582,0.006885728761522024,0.07414291110355165,0.0011246938975728999,0.0007706891823674067,0.02284727581664243,0.050208361496503935,0.0005269943967854584,0.0002244145965823439,0.028522302823037925,0.07373421634861067,0.004253905826331552,0.0015515262142863976,0.013863375145122073,0.02501064767222768,0.009040172349441891,0.004942169974259817,0.012221857417382085,0.034880448754700887,0.011021680227088795,0.004208422717173685
759.954414894377,0.006794904861222491,0.07407824411409814,0.0011142653853958087,0.0007774233516764218,0.02437369884368788,0.0533785944570143,0.000504200583725466,0.00022422946751184616,0.016198129563068295,0.041141606915979095,0.003971209437873928,0.0015846512074467033,0.010108428940985128,0.025470888183054437,0.009002740629080644,0.004957140812034999,0.012466727363309716,0.03485378685212619,0.01101290197083438,0.004211785642185859
759.3773804107822,0.0067698297005893355,0.07396517154983985,0.0011292185916065664,0.0007687874802397397,0.021744461636047634,0.05261128432469336,0.0005037269879501602,0.00023487129341802539,0.01705432488889931,0.04471124294928918,0.004000166186320452,0.0017347407282528801,0.014389247426578414,0.02842427588766512,0.009030942852172725,0.004962004730482197,0.012381561203390753,0.03458562457963743,0.011008725027198768,0.004206855113656269
758.8012215485586,0.0068445721050637955,0.07381080977395234,0.0011228494840041076,0.0007842332411218143,0.02197034022213835,0.05160961469982222,0.0005035785386001597,0.00022762245073722055,0.021298933857046617,0.05804837769839911,0.003980423442764002,0.0016006861292510827,0.01342320714546222,0.024118235984558607,0.008990300322500052,0.004929466101250642,0.012421063258395693,0.034317355283809296,0.011001073000623428,0.0042021278462000084
758.2259363161487,0.006903111471705759,0.07379784371924444,0.0011110329124020058,0.0007788401292010588,0.022454811253932328,0.04994115834720902,0.0005109568149626013,0.00021627841707687668,0.032470962780966756,0.07410030376179505,0.004083702200739573,0.001527081477714382,0.008363453301399638,0.026624937035762367,0.009002485418454454,0.004991371512930202,0.01297858799423377,0.033816432701499755,0.010990135995012917,0.004195665415465381
757.6515227280305,0.006731858049748921,0.07361811420308836,0.0011090248713843162,0.0007819055296694235,0.0254956537052366,0.05193907281126471,0.0005153741638838455,0.00021332365123771777,0.024478844374251185,0.060464119440320055,0.004180996657009507,0.0013082481585556314,0.011087164026017225,0.03038777842102447,0.00904561548142345,0.004842849068200457,0.013454514141842039,0.03255226157123108,0.010981900720206536,0.004196657143531726
757.0779788046935,0.006714342792113572,0.07348949334183769,0.0011210066711969577,0.0007605365087784956,0.023860276129475427,0.05273169415224007,0.0005148880975969478,0.0002195549172135912,0.009631315062029699,0.048130136392041056,0.004071424973657225,0.0014916666883984277,0.01340452187581655,0.02823254641175908,0.008926268048710774,0.0049030121141498345,0.014367586040262368,0.03174820808326492,0.01097638869069404,0.004201258847827612
756.5053025726174,0.006924019028787015,0.07350462360105742,0.001117461523269583,0.0007884221510453866,0.02514512416661529,0.054052655115752385,0.0005052946760198107,0.0002194051505079446,0.021952152263230718,0.03943422099054641,0.004020413020583472,0.0015396927428114268,0.015122333972949296,0.0277497238346683,0.008989980622100812,0.004976350846555764,0.013604202734002275,0.029610498217890375,0.010977000051695414,0.004190613351138565
755.9334920642481,0.006722661163006172,0.07342610113565506,0.0011083455190738398,0.000792091853469506,0.019503866875373622,0.05773588601592984,0.0005146762956184911,0.0002204257507879059,0.012735239646010003,0.034620587417068346,0.0041386067880921605,0.0015567847394260693,0.012389995570628231,0.023229479002731257,0.009007498714007262,0.005021927798156671,0.03817484763418714,0.022232920707496287,0.010968356008452149,0.00419236547231976
755.362545317976,0.006718315454942498,0.07312867138458296,0.0011023992444981203,0.000771935561070261,0.025188921263174756,0.050533124510076466,0.000513731762129498,0.00021314005341845026,0.010419519453105812,0.0386627565946458,0.004193729410321544,0.0013800087593683287,0.008340928477264965,0.027519355899140993,0.009068119873567846,0.0048687419007332235,0.0065962706625849465,0.041324823542207574,0.010952566937470024,0.004183126092500508
754.7924603781133,0.006679055587386674,0.07315045315761946,0.0011354221010374936,0.0007854776992205564,0.023584010913988027,0.049054273796738275,0.0005166405502454681,0.000222040695558463,0.009038988402318168,0.05140698850468027,0.004111390334390579,0.0014693612372663597,0.014173592857166326,0.025875530280898368,0.008872078140941009,0.004877039867122833,0.009834549799945693,0.039832243571277674,0.010943410212235456,0.004180293237046292
754.2232352948719,0.006797935143645035,0.0730079531105358,0.0010794366222000964,0.0008261289260313332,0.027692426918653753,0.04803653693001768,0.0005086043232337406,0.00023514641128698934,0.004591607626587673,0.038829525585774995,0.004035352917649868,0.001686460685497692,0.009829341942805181,0.024793530033964367,0.008977506397582468,0.0049585870540595715,0.015712791781005934,0.03270219143194238,0.010928259562876727,0.00415113552649275
753.6548681243407,0.0067933312956078365,0.07294849972675961,0.0010408708989445561,0.0007994707949433686,0.019843121092058456,0.054523660032810534,0.0005146478210826325,0.00021692163224015616,0.015449998327617252,0.04376380301814072,0.0040522507447248455,0.0014901760637199809,0.012264012831964457,0.02815495798867363,0.00899483832574443,0.0049350780276677915,0.009539980034721472,0.04097446205327745,0.010920560203741441,0.004178165042609459
753.0873569284639,0.006664406594793614,0.07293035714834774,0.0011034815061929239,0.0007635660354249935,0.02212279866718154,0.053480110936488634,0.0005161438252649076,0.0002198152516399183,0.007083088140394217,0.04671517362438282,0.004170764338866494,0.0015233810659579844,0.012036870964952784,0.02568640610977,0.008971940762571712,0.004922123284764813,0.01099262955013299,0.039437709076016854,0.010923507981038397,0.004175495951055234
752.5206997750189,0.006743513716152471,0.0728881048932041,0.001061313899477442,0.0007852527001010655,0.021765875557695963,0.05213754098941576,0.0005095329550222592,0.00022914481544718525,0.016927086339348345,0.05279354264856608,0.00403603971993999,0.0017300441834156007,0.01138870041798675,0.024528233171847453,0.00898678931614878,0.005014618783289554,0.010849202392081649,0.038088771361537176,0.010917490770085997,0.0041839987480543
751.954894737594,0.006648222062621129,0.07285765847595614,0.0011263585449481966,0.0007157170112349853,0.02350696984627028,0.052185428478045935,0.0004953651071711556,0.00020876020656854325,0.0018439746401654018,0.04607712625736604,0.003971980359789003,0.0015524321375305677,0.010928515027578151,0.027624434203147124,0.00897604355666848,0.004923496525012811,0.01128140453798724,0.03758387576515869,0.01090785120459252,0.004163896675676166
751.3899398955674,0.0066425169781899746,0.07273704510705177,0.0010246594583558461,0.0007703639237794659,0.022777882880161533,0.05245284473044017,0.000513408576635927,0.00021104748260659852,0.004890338197325796,0.04306644034258251,0.003979399687788994,0.0015595471732694963,0.012831918552391068,0.02647740796464515,0.008950816112461813,0.004962529341278212,0.011079053059745046,0.037018697118367624,0.010900288447695599,0.0041553899460913275
750.8258333340842,0.00662410460399654,0.07263281075806909,0.0012834765280558622,0.0010144567349116853,0.022989637216673915,0.05286253791711133,0.00047205203702437276,0.00024937676971062466,0.0051808824167036424,0.03883545010893711,0.0040238947269868935,0.0014018743493644078,0.01165817617919189,0.025656166456455017,0.008989039398775742,0.004888343317965932,0.011298310623431576,0.036840458395900104,0.010874896509469332,0.004154849783387826
750.2625731440362,0.006670602956551708,0.07267311330527669,0.0012306523759479924,0.0006091529976962322,0.022370446400656212,0.05237641818624529,0.0004965480758404993,0.00018271550318280346,0.008914549995250067,0.041527419931205393,0.004200111678470824,0.0013072454523579873,0.011901274077650572,0.026831742949926282,0.009000276765667602,0.0048457181001390634,0.011405770802443939,0.03677552319359575,0.010875488059099853,0.004158649976524586
749.7001574220391,0.006670945077504353,0.07248577631947137,0.0011205332950594824,0.0006782728133330071,0.022795097601832407,0.052509756042852705,0.0005053884346275678,0.00020182939582751036,0.005990276039712972,0.03793664336384368,0.004090219459703745,0.0014397648327938361,0.013327730631650209,0.027343203374896954,0.008942127351060062,0.004859157411979723,0.011353984722626546,0.03675582546588006,0.01085458743885407,0.004157210481392089
749.1385842704121,0.006630227971150126,0.0724377305927379,0.0012648947606778108,0.0007954799582038152,0.022715411586816923,0.05187952252647304,0.0004805397777643626,0.0002207099618684249,0.004446204264877945,0.04549336750174963,0.004143545032052686,0.0014718673246345397,0.012926636422758472,0.026488628993025842,0.008994564584185358,0.004926215190054728,0.011329668116054589,0.03652750061558832,0.010865097873570248,0.004152926253981261
748.5778517971559,0.0066840741067179564,0.07252318302679353,0.001047677574655257,0.0009361845909735969,0.02281082224872295,0.05206725214561199,0.0005143414597017121,0.00023780217104943263,0.006194051808649219,0.046440010218539066,0.004148129892707586,0.0014151687293945364,0.011075596040249977,0.02227467837429447,0.00900341186478315,0.0048449536733060255,0.011377421487645105,0.036460332541739006,0.010844730895708653,0.004149988998628303
748.0179581159313,0.006522262800596156,0.0724227101946639,0.001011049197387574,0.0007592720142040387,0.022486733074713824,0.052135029962113985,0.0005156745472574043,0.00021438989475517574,0.01064841712248671,0.044650260375367616,0.004134573540002846,0.0014874584113436387,0.008550539354795451,0.024097397774195214,0.008958905243187867,0.0048754623129715095,0.011418193859659288,0.036336624080399366,0.01077553140728385,0.00417447677726633
747.4589013460389,0.006656845860703277,0.07230581371769543,0.0009992544386162219,0.0008221986444902533,0.022979059387282414,0.052162800614694464,0.0005089791605036249,0.0002320680251199513,0.006176753414140855,0.042508983810579076,0.00412040732235031,0.0014790596556569892,0.010878560887008035,0.026001926655132155,0.008981695037567553,0.0048318994811313385,0.011470411809056105,0.036216462059054016,0.010742655988738562,0.004195728993378104
746.9006796123974,0.0067450980237247875,0.07223144607059914,0.001030084723266137,0.0006758487600884918,0.02261397476980185,0.05190290833082592,0.0005022037819498769,0.0001923309504238042,0.005278939832750102,0.044353228058021325,0.003994504867261572,0.0014571768526281692,0.011750034367936504,0.025938660870002794,0.00889731416332805,0.004840052367146694,0.011447760961876685,0.03615624670823217,0.010722130768199058,0.004061976769170334
746.3432910455225,0.006654494314080768,0.07223586965744731,0.0011082709519709356,0.0007636691475386368,0.0231013366233488,0.0522125144797098,0.0003882333630613922,0.00032796506948761715,0.004108717750917216,0.04094578079300988,0.004083118518165599,0.0014757874439963203,0.012341008570863376,0.02444036445374133,0.008942793828709413,0.004926122721818344,0.011414980714712487,0.036109738963620075,0.009744250164607424,0.005117110852366967
745.7867337815064,0.006732487680581103,0.07216828270076565,0.001021685420665477,0.0007269306148485093,0.022626760217527093,0.051905878618186144,0.0005123372052363859,0.00019137206670808904,0.0064372214183234695,0.042913743952126285,0.0040557859478775726,0.001415324939349697,0.0108866403250903,0.026447325236830955,0.008887547394883571,0.004843335543545696,0.011473930498856394,0.036128563836058045,0.010761000233069614,0.00403224135725659
745.2310059619972,0.006748409268666165,0.07202888667860587,0.001100311549534026,0.0007239389880751044,0.023179821538539137,0.05198411087002397,0.0005089206710772009,0.0002084417021060129,0.0035382420096311713,0.04256244543589475,0.0039735044864741935,0.0015889949446868381,0.011803686292469716,0.025628616596049907,0.008866334790407056,0.004927033823704333,0.011405865446432507,0.036065117747053066,0.010920583190942508,0.004072503125755502
744.6761057341773,0.006663017388437221,0.07214253339038836,0.0010410521704504179,0.0007927016067807218,0.022364946213910674,0.051896034139745084,0.0005145545598563883,0.0002092385385293909,0.010095537637278301,0.04123760604105475,0.004010944349541978,0.0014896311679709069,0.009459650106966236,0.026636936477808775,0.008912394657244378,0.004874525075659923,0.011481297676840604,0.03599024982748834,0.010881423829803715,0.00406980093661973
744.1220312507442,0.006626802268108952,0.0720214745710897,0.0010242449958431966,0.0007421062673086347,0.022740122271445583,0.051688033806395785,0.0005145240972181743,0.00021151834749436152,0.0032984828154021483,0.04431445824579119,0.004077193186255284,0.0015034857726388292,0.012220949263606092,0.02581749261852113,0.008942608619137128,0.0048628350647639965,0.011435945877607108,0.03588839358372285,0.010818281011131524,0.004132687013268048
743.5687806698886,0.006615719518397418,0.07179597720799864,0.001024250670894534,0.0007352406668811191,0.022644513078386948,0.05173205722303241,0.0005123826450506422,0.00020692177320901905,0.004427882642637873,0.043787619480130165,0.004043945327096217,0.001465554849962931,0.011795268205525858,0.02606870958767496,0.008913235908141868,0.004848561053986402,0.011439304400141584,0.03585767915061465,0.0108032219072017,0.004124208889383516
743.0163521552751,0.006847570375876086,0.07195124477768576,0.0010563075856187877,0.0007027996116558166,0.02264408531941868,0.051585854309822675,0.000509965996754226,0.00020414871740545595,0.002112178714150631,0.0452732496330508,0.0040477874574772294,0.0014751392438982767,0.013086729763196131,0.02452468094962643,0.008885172639734004,0.004843813819657397,0.011384491774800819,0.03583741041727756,0.010793830562498292,0.0041019406801885185
742.4647438760209,0.006690778530579558,0.07197752856613668,0.0010818801396360745,0.0007337654168783919,0.02351632210888928,0.05246043094383201,0.0005028499259601989,0.0002067219165582756,0.010851877020356242,0.03715943293185791,0.004013803310522718,0.0014309814794474913,0.00930214106285516,0.02438885340091864,0.008852162360998323,0.00484478570166386,0.011422555423624236,0.035817850934359824,0.01078930967781516,0.004109916479265845
741.9139540066766,0.006778771264118321,0.0715985708349583,0.0010688444549952496,0.0007362059143958971,0.02179961378319168,0.05147662968893317,0.0005083640688186879,0.00020887441177230883,0.014095686658187398,0.04663596892218522,0.00401394151025368,0.0014558161330432396,0.010625417209923575,0.025166943708063064,0.00880763764672495,0.00481643600808764,0.011421880972764732,0.035821490195333545,0.010769846994033834,0.004102850108016719
741.3639807272054,0.0069084799363065795,0.07193964944044436,0.0010726145140667104,0.0007412825499181907,0.023324804320160604,0.05124865966798038,0.0005012538565391043,0.00021467957716451576,0.006119460294561785,0.049533244388290064,0.00396843184870903,0.001509521846068509,0.011956695786452079,0.02488248051515129,0.008809443971252572,0.0048594423607521905,0.011437575569602114,0.035724015074478616,0.010757857398013554,0.004118292907723182
740.814822222963,0.006871890234219709,0.07180226048921372,0.0010721654432469573,0.0007315765438332063,0.022435489408048036,0.052497363560505585,0.0004988506490071919,0.0002079985378539504,0.010577362198035407,0.03318612317572682,0.003944997365949123,0.0014729617271610736,0.012615962829248699,0.024999255601917274,0.008813151277028813,0.0048650711346253745,0.011413338229454558,0.035679147719592484,0.010760405091831775,0.004111341766024536
740.2664766846782,0.0062560291447322355,0.07104968438659484,0.0010537706743518865,0.0007630574844609243,0.021920363062955722,0.05094835639523409,0.0005074640348943088,0.00021416763721426884,0.014348284562620568,0.0511700866738776,0.004054809697024553,0.001539742404813961,0.010651493299548414,0.025706790387364505,0.008872529014869904,0.00490746178415317,0.011419331714581236,0.03557477854728156,0.010760343586046236,0.00410791308714713
739.718942308432,0.006453466469400576,0.07157870562608253,0.0010535015069490967,0.0007337611080622039,0.022734280424857426,0.05099468052882679,0.00050482629307913,0.00020593857112226026,0.002859866912716151,0.04974849828571242,0.004032944677377901,0.0014291101062185625,0.013106670072943334,0.024844847294441846,0.008858382827180598,0.0048254361044561805,0.011427513762277757,0.03565978829231573,0.010746232265943645,0.004103856804363422
739.1722172956395,0.006780005852224576,0.0714259303022668,0.001068145712549371,0.0007429247185967973,0.02282983395731894,0.051712236859489426,0.0005030248074615656,0.00020712486634983922,0.0031299939983759086,0.042575536074703796,0.004000926398251856,0.0014676075940182913,0.009605451258177572,0.02388741471538666,0.00880833403053908,0.004861159985026732,0.011441698090683745,0.03557021056372999,0.010736582062701484,0.00410642290176198
738.6262998530282,0.005315790910226711,0.0703778810073841,0.0010559439297704357,0.0007362021816219766,0.02249075826156843,0.052405016143951065,0.0005071464510257621,0.0002091274302085459,0.01278998778680486,0.03460194520820966,0.004069740142552786,0.001504867379125237,0.010317010458590488,0.025905134726723685,0.008851677536226846,0.0048725090968482695,0.011454095102523376,0.03553400583453093,0.010728789502105379,0.00409718562550418
738.0811881926201,0.006329501798377918,0.0714813650120242,0.0010652044423284815,0.0007612763707843302,0.02138768919351095,0.05090532436064627,0.0005024865480245025,0.00021724434674611696,0.018262246397323625,0.049364775440371905,0.0040051034887275535,0.0015316981087369836,0.011029836103843225,0.02595420872364121,0.008820541002396374,0.0048261487679705905,0.011359000104557615,0.03545732011301336,0.010725232166761614,0.004086281629252526
737.5368805317111,0.006815984320655253,0.0716651947557642,0.0011002067564448855,0.0007094881625225231,0.021569281651934016,0.050690578491508514,0.0004954244453176189,0.00020142506211421205,0.015607258086974515,0.05137997201180069,0.004010308250823673,0.0014409658947269089,0.010768947276210935,0.02482164680792422,0.008825697352564579,0.004842061248876647,0.011399317899513086,0.03547719464870557,0.010708513189237547,0.0040879383825636805
736.993375092852,0.0060152249686542415,0.07115878410554016,0.0010828733870320098,0.0007788407271665942,0.02181349522938125,0.05047702549211852,0.0005035943347583051,0.00021699095942556598,0.01677590815749904,0.05393670579209772,0.004044415856729901,0.0014596272342037066,0.009959602776604145,0.02451579041757579,0.008794540022520449,0.004800793955845768,0.011352051550922988,0.03546756230313251,0.010707832435080339,0.004090834942690866
736.4506701038292,0.006852448843255404,0.07093538617720974,0.0010317242483144037,0.0008008365357141461,0.022737057266514826,0.05072625149427032,0.0005071115017590106,0.00021635586931326113,0.005650402736612116,0.051752896194539995,0.003973165208603355,0.0014126396260468951,0.011208077140392255,0.024520568554635806,0.008748516734238022,0.004770983764025666,0.011275996402623705,0.035503731502684134,0.01069775386845453,0.004081867327481241
735.9087637976454,0.006770971839781681,0.07161057964938423,0.0010167896867118444,0.0007347711337944687,0.021953046798595506,0.05078379947722506,0.00050942134056089,0.00021191897939552124,0.010152205930105886,0.046810041911572356,0.003957375416000908,0.0014890984177138391,0.010797936053829248,0.02552661980499109,0.008733580106551609,0.004794545088177108,0.011448113532356438,0.03537011752079372,0.010690748457434125,0.004083882177760493
735.3676544125001,0.006810910959566675,0.0712598309089191,0.0011276623978882596,0.0007559416521637448,0.022317426013882195,0.050841263666432955,0.0004904370733735427,0.00020832406678022292,0.006095408725808319,0.046831678070228554,0.003978811315464139,0.0014385729045921524,0.01094778978151462,0.02598449304155139,0.00877749243001302,0.004826709204516445,0.011423443202212849,0.035316844353137006,0.010689693490876296,0.004080471835082945
734.8273401917709,0.006729671217697652,0.07193491604820326,0.0009600229085603951,0.0008510694788531894,0.021996987517386445,0.050829203549934664,0.0005216605107792889,0.00022450145029114638,0.009385969284359839,0.04596214596810005,0.004072974745169664,0.0014884559716513736,0.010706988325547378,0.024570301101313276,0.008797853909341747,0.004838187911096595,0.011314852310956667,0.03531110903556134,0.010678725762487722,0.004074435049084595
734.2878193839942,0.006246931655328807,0.07116035168940078,0.0008544866324989222,0.0007689125238029027,0.0225930647033056,0.05165096460878261,0.0005291753564027666,0.00020552831510052894,0.007810153482369915,0.03764998244856431,0.003948758953796984,0.0014368659601403412,0.009820867358406527,0.025319281955329717,0.008772292917544547,0.004760666112225705,0.011401876110425596,0.035236167743070736,0.010667817106286647,0.004068312530147375
733.7490902428467,0.0066736569923869045,0.07126147668818389,0.0010859305008159667,0.0005977378354724553,0.021197679034525164,0.05086245355162629,0.0005022943776598514,0.0001801340384700178,0.015756554444252696,0.047684226044479625,0.003946872301766996,0.0013774525768302252,0.013138904794489922,0.024153326698452705,0.008697791119592626,0.004773427407625798,0.011433932558448249,0.03525469928466542,0.010661697016682046,0.0040730310399951924
733.2111510271262,0.006404139898615338,0.07128302392235472,0.0009200926901706382,0.0007420341615174203,0.02190263845971472,0.05125215625203597,0.0005240994560457792,0.00020386302479003183,0.010200447926375535,0.04234520561736932,0.003962237732393373,0.0015298838027443086,0.011309135205302521,0.023119068814437226,0.008712207878042314,0.004847751263377962,0.011383237516902204,0.03521521400832026,0.010655349354860073,0.004062418857902779
732.6740000007327,0.006472305292340455,0.07106654251514796,0.001170698136651207,0.0005533515252677555,0.02061417019315656,0.0507320085406384,0.0004925769213795267,0.0001768266343767769,0.025349933891391032,0.04963163746050915,0.003991258213971316,0.001437434232556651,0.009741817888875915,0.02561896708111839,0.008714076003718924,0.004824188792952026,0.011397384626755918,0.035238899439473184,0.010645667885884589,0.004066473643571592
732.1376354326502,0.00643886212651277,0.07116341555678662,0.0006480405719334619,0.0007619900621859047,0.02237596091506598,0.05023584028292424,0.0005785698414100969,0.00019293412596558466,0.008592969972517097,0.051739075527701614,0.004021053587826756,0.001557461841032391,0.0107267505131757,0.024670781932052743,0.008751337677517092,0.004827841754142029,0.011356860640457822,0.035180217518847576,0.010641102655244782,0.004057476127029557
731.6020555969277,0.006529562125913542,0.07108622190863073,0.0015133159829380613,0.0018469289720648566,0.021151863291671333,0.05255250587157362,0.0005117738079415108,0.0003748466905807132,0.02791775003078635,0.026116632066006538,0.003950674382253415,0.0013811949476910505,0.00996426548140912,0.025965906040669763,0.008781878175052571,0.004798893014421384,0.011415945516951112,0.0350979710282285,0.01062813264862265,0.004060118792507203
731.067258772661,0.006457227318868722,0.07104386363012487,0.0014416055791463612,0.0007511733903350548,0.020639408618225632,0.04868990121681935,0.00044810290775984166,0.00021259089509512285,0.036095197881832665,0.07154889374843598,0.003996938834939568,0.0014452539564573901,0.011266221031721885,0.02477518528605969,0.008676718738617233,0.004778875836337704,0.011372041651234456,0.03508069352845965,0.010625543229232,0.004056433100430254
730.5332432439739,0.006355109411096221,0.07090214458252672,0.0011656194025346672,0.0006364914755914629,0.024235402743715377,0.05144076363302835,0.0004885657635239689,0.00019316207348504043,0.019197316332635647,0.04570310898922637,0.004012399268234235,0.0015447172099279606,0.011097707837460061,0.025260713776036264,0.008724496281611763,0.0049003817630215675,0.011401457060911878,0.03507358148601974,0.010616615827470215,0.004052135460284882
730.0000073000001,0.006331802549155622,0.0707450591699493,0.0015864080205833199,0.0011223363171982787,0.01899698388959418,0.05336966258464385,0.0004240546459745304,0.00027639089599088056,0.05264371236019913,0.04073185668388785,0.004073895993078005,0.0014743392865146628,0.010794393359823181,0.02438586718188474,0.00877807028544407,0.0047638704956470355,0.011328157343653975,0.03508450424536078,0.010615745354278205,0.004056433152198441
729.4675492348651,0.006405318413208571,0.07061787361603046,0.0008759892428352854,0.001364339261611228,0.01995938326206849,0.048682850711204706,0.0005559909720607102,0.00029188802770176213,0.040168152378990636,0.07231157010222597,0.003932943857096513,0.0013916745723421059,0.011489519224536818,0.025195411054632078,0.008687005321657849,0.004780101922443541,0.011330858677167016,0.0350239593859022,0.010609971970860546,0.004061929807305486
728.9358673476677,0.006453049940342964,0.0707298665362965,0.0008803781304165766,0.000594300447707061,0.02083094620664334,0.049367531232504355,0.0005646670440174978,0.0001732332827167446,0.02593766649393865,0.061480404830655005,0.004200422077461591,0.0015564805360687422,0.011951080718282459,0.02444269197114923,0.008731124228808024,0.004828038492164509,0.011308422167259033,0.03501255944746541,0.01064221072774028,0.0040102884686377144
728.4049599424619,0.006325260733541192,0.0705114892181049,0.0008250216163904237,0.0008300227615291548,0.023385815305773713,0.04846351687163991,0.0005333991309450764,0.00023975509512895473,0.0267241945775029,0.06991578585892291,0.003988685728428883,0.0016735133748875368,0.011826756747888505,0.026442920748278708,0.008724055797110249,0.004784307378120961,0.011344899265980183,0.034996928366534404,0.010588513740756608,0.004038774817683961
727.8748253282388,0.0063560024364234455,0.0704059854745704,0.0011513728933981397,0.0002928181315724352,0.022753557175570125,0.05173369114332227,0.0005051453593595082,0.00014633643453766603,0.012944244242206346,0.03359266674759574,0.00387942189984083,0.0015746584238823028,0.012916446561189347,0.02352757080545436,0.008654468118629303,0.004820980806069544,0.01129367212713688,0.03492516511155518,0.010586579972379965,0.004051381246594506
727.3454618189093,0.006310333480284104,0.07047639769970183,0.0012946125061421578,0.0007559743148419281,0.02267889388356586,0.04908281750187195,0.0004476648114763636,0.00022097161435779818,0.018333366761721537,0.0629057048998638,0.003933388659809681,0.001535067436556723,0.009507799818418535,0.023514641741996786,0.008759216371477231,0.0047864915434886034,0.01127576502808118,0.03483165887762275,0.010581248110345956,0.004028925950922352
726.816867733285,0.006320470836383072,0.0704025120868747,0.0009782156416313064,0.0006305590629121037,0.022454155180652705,0.05214618533600099,0.0004974220931158047,0.0001887364347894928,0.01880948131527401,0.02511289968426566,0.0038108463087486665,0.001448716181381819,0.013257608719678363,0.02541930591371612,0.008667913311085889,0.004722946986545354,0.011278905496731457,0.03497490435995267,0.01056582758952818,0.004032887438809664
726.2890413950619,0.006358588581350354,0.07023650234414158,0.0012231002854732802,0.000620265740262152,0.021714577798031057,0.050131748611347386,0.0004653475113085664,0.00018302391285693033,0.010659587948501735,0.0500391420542756,0.003950850823526546,0.0013619640804064098,0.011879143637152817,0.023369612040821386,0.008729907849309698,0.004778712809857536,0.011343927090894114,0.03479539967497499,0.010560003912849662,0.004032410782373821
725.7619811328012,0.006474186431480053,0.07015824484454497,0.0010532733496284611,0.000762608925544528,0.022184502964776316,0.050749998798584287,0.0004991937783971121,0.0002134655525957845,0.004750459155617398,0.0431883199529352,0.004061258141843984,0.0014273073881699563,0.00973012291971817,0.02297688827122352,0.0087365227136454,0.004729430855830177,0.011189894984233421,0.03486247740851354,0.01055554989824971,0.004031248164576426
725.2356852799131,0.006447439789173366,0.07029044619430758,0.0010595958155875241,0.0005914230599248078,0.02279558460374982,0.05033550230140418,0.0004926066759528796,0.0001869951719255917,0.004802624754459255,0.04507489414652819,0.0039002794143282657,0.0015024469221544513,0.010956420037235425,0.026278829317358577,0.008666306673843221,0.004786685026823879,0.011277281609882466,0.03488684539398587,0.010548579729842123,0.0040245939436113955
724.7101521746378,0.006330586750229546,0.07020880444695884,0.001062693135236385,0.0005840237581646953,0.021431589278930775,0.051533782423398504,0.0004940889434438043,0.00018475445255585436,0.01678771747374472,0.03250852395161089,0.003946656651322713,0.001469080380458531,0.011456705232386937,0.023955940677008073,0.008688283624487168,0.004744340526958162,0.011254885240548098,0.0348141703070426,0.010538506186074187,0.004024164421721739
724.185380160029,0.006452753715743435,0.0700799324319852,0.0011982515743212399,0.000523181462943248,0.021885341107377266,0.050085656506371014,0.0004697187185554578,0.00017274262205944595,0.00832160282091121,0.048173750955826544,0.0038671424212843235,0.0014105837114661308,0.010086835055741875,0.02408328399157821,0.008653532093579662,0.004730059209297075,0.011317353906638973,0.03480303875591769,0.010532399854498654,0.004020752001969785
723.6613675839365,0.006524549507919535,0.07023593906486825,0.0012180038509102026,0.0006573740551676241,0.021010719676341567,0.04989966213273897,0.0004758748409228312,0.0001953532040056014,0.016603512747681178,0.04929597328180224,0.003999788713536963,0.0014604080562410245,0.011326156099286862,0.024867220476351246,0.008655118412766904,0.004788144127395632,0.011256730287031107,0.03477016505871989,0.010526346594618357,0.0040197649298925765
723.1381127989878,0.0064653408898092575,0.07005230097727358,0.0011804205027492682,0.0006667231247144889,0.02315799890694297,0.05010394528739848,0.00047078448495913743,0.0001973932873707045,0.010194113336907047,0.048810668012247836,0.003959943843902281,0.0014161228012008252,0.011345229486642261,0.02495968591087663,0.008694077228054946,0.00475379178376538,0.011341679658627564,0.034772107760707216,0.0105215464213353,0.004016323986130527
722.6156141625723,0.0064282411622601605,0.0698216129478899,0.0011338755422146995,0.0007312418449734453,0.020566628226565565,0.050315462074310854,0.0004890117244165601,0.00020838802890770538,0.019551254728659165,0.046337801124132216,0.004036992205625896,0.0014575665667238011,0.012347877666467843,0.024733715252527908,0.008655707110178794,0.004763565838887325,0.011293670483088004,0.034671017499652186,0.01051165092973929,0.004014421304008677
722.0938700368232,0.0064466176735032965,0.06979896764136057,0.0011383088335582233,0.0006648853788488628,0.023120889071741084,0.050006115756033816,0.0004743031809248269,0.00020190763888258573,0.008502869280068642,0.050996990399362126,0.003941614900816098,0.001486953014245296,0.009939158703395996,0.02347149730568262,0.008691814192271835,0.004734608817164047,0.011266626241701386,0.034635359171348544,0.010505534411317357,0.004011669835787927
721.5728787886004,0.005821529107382649,0.06916121878752847,0.0011438854360713614,0.0007236703090809335,0.021065215659202833,0.050626939662665175,0.0004771614852787718,0.0002037243962074104,0.01551737698278985,0.04165250599891153,0.00393922383578524,0.0014200907567331643,0.011098986003355064,0.025783782673392854,0.00863860980661308,0.004718704258418726,0.011201235421738622,0.03465284764219523,0.01049408261596204,0.004004604463247408
721.0526387894738,0.006123316962687947,0.07007033975862673,0.0010854833046301745,0.0006895315528376122,0.022084176879057123,0.04967765902253822,0.00048774897214951435,0.00019672553331297294,0.0059342585367303455,0.04879166557091919,0.004013206996838988,0.001330738758975411,0.012024259527859148,0.025034484454900436,0.008687650566389598,0.004656487974540834,0.011239709313213806,0.03465303720061168,0.010491353915516177,0.0040027032691929264
720.5331484157063,0.006824414692726916,0.06988426132469999,0.0011324763593978373,0.0006731822412085458,0.021161768436994896,0.049709486479839096,0.000484267834555636,0.0001952077854835599,0.0126988218211767,0.04875548055546928,0.003930556610327342,0.001387255568756404,0.012229624947900926,0.024507092049294018,0.008555757513365993,0.004709791923979206,0.011259013658996453,0.03463543315659229,0.010483199399749172,0.004001662737579207
720.0144060482362,0.0063004134364665326,0.06978743574602618,0.0011312485093409907,0.0007019823602780844,0.02238448483679918,0.050508313152850814,0.0004813793211342255,0.00020249910118973617,0.0029868313340500005,0.04015971298857887,0.003984913857821432,0.0014651680741999734,0.010560411692226306,0.023856795779764635,0.00862629127762951,0.00473981864710546,0.011344033444904427,0.03462288209986385,0.010475105855985288,0.00399942926608084
719.496410072662,0.006372229011339356,0.06960099775588915,0.0011285342966435921,0.0007165650576322584,0.021196913852756755,0.05017224649219867,0.0004731448482438012,0.00021218579771924343,0.012207070676303076,0.04350156981038584,0.003879271970105707,0.0014847477749557227,0.011292235988936316,0.02436178606915459,0.008614617246972427,0.004694177097974296,0.011191317633793777,0.034561050290574304,0.010468445836869116,0.003993571054167288
718.9791588792236,0.006434713157660455,0.06971876135349096,0.00108546580444738,0.0007321490580897879,0.021529250869043202,0.05118369149969322,0.0004798857088403427,0.00019968170928611744,0.013605579476048239,0.03139906604748866,0.0038260966096640616,0.0014017236607070378,0.012921930583501783,0.023670519170442966,0.008545931124076632,0.004729001605583325,0.011171174617992883,0.034492322945280464,0.010462829734775556,0.003993429371031271
718.4626508627874,0.006508524574849528,0.06960891634656508,0.0010967945191292148,0.0007156884428546322,0.020632223900654716,0.048879924317268154,0.000484599046631348,0.00020999844319402505,0.023864683710777452,0.058725958202072236,0.003959125343217527,0.0015298047173989994,0.010172968145714712,0.02405260222736385,0.00861699699947024,0.004749810632208958,0.01125181284807013,0.034571461389763344,0.0104530998378925,0.0039903060443699885
717.9468844228286,0.006435193351864058,0.06967801149071616,0.001093977882326517,0.0007244760069972481,0.02172456864101101,0.05091042010325507,0.00047109826029876023,0.00020775668811818233,0.010241584836212434,0.03180260586815575,0.0038941010165897292,0.001441354130002055,0.011904569498910975,0.025260361563218436,0.008689148178712804,0.004692704218504536,0.01136442084271055,0.03482701208123456,0.010447072583120177,0.0039888276158416
717.4318579634147,0.006322669970066615,0.06975949254398052,0.0010657269198105664,0.000727921690558814,0.019775099536151856,0.04951030400350187,0.00047815861005905174,0.00019359764137595622,0.02946715474565678,0.05233034322238068,0.003903607345175853,0.001251385856947281,0.009914611642622131,0.024680621494534864,0.008662102258581236,0.004628745353085053,0.010755072320664714,0.035031583630919225,0.010440229630679409,0.003982149042103564
716.9175698931901,0.006139583488564468,0.06936446233763663,0.0010929370005587666,0.0007079047693381863,0.021372979583274863,0.04849729368221676,0.0004811504719825712,0.00019832091129726834,0.017304014577111292,0.06004924301185229,0.003933887318121265,0.0012541212882477336,0.012713575197445946,0.024746796426904184,0.008610586615300899,0.004576377485524885,0.01045723889169847,0.034069039831903784,0.010432499239298057,0.003983571089471986
716.4040186253583,0.006441773018410436,0.06935347352116679,0.0010602011743004675,0.0007727441408276033,0.0225178927013605,0.04939668702640968,0.0004751661646603708,0.00019709688369267428,0.004219429777735944,0.05229779769939643,0.0038165393055984483,0.0012041163580798877,0.010268854278550206,0.022377480107419193,0.00854299860294586,0.004612760861110304,0.011616281810879982,0.03508123632233571,0.010427237661773642,0.003977167397407007
715.8912025776666,0.006254002171196131,0.06942632999821366,0.0011224323479618668,0.0008263444610897477,0.02012684908581165,0.052362331274625654,0.0004903330301601672,0.00020186723580625354,0.03650575203849274,0.02096467240800024,0.0039564549434964475,0.0012290082213316075,0.011673221689259421,0.02418244853052296,0.00848017933512694,0.004619066501912795,0.01154720362009459,0.033956018075651025,0.01041618184877655,0.003978142198054191
715.3791201723892,0.006406116858744782,0.0691071319405486,0.0011814360157210034,0.0006388174629802059,0.018787874943253235,0.04868703937718699,0.0004823222978390319,0.00020300670899739968,0.03943447298176901,0.0674078463752234,0.003970578627674919,0.0015668004932719985,0.012060976319120002,0.023083106839200947,0.008502441271999788,0.004724637943252919,0.011154065660244294,0.03410919765991981,0.010413121020790016,0.003971817337563081
714.8677698363118,0.006516372249582928,0.06935423622621681,0.001137384936936583,0.0006241753689221506,0.020243296544263874,0.049310989941757866,0.0004690369612732811,0.00018674166259784156,0.02159616959711209,0.04877194850628733,0.003840916607540868,0.0013104018253702154,0.010635567290082592,0.025306601776342707,0.008537996609481877,0.0046216838469251495,0.011118552586477863,0.034052540518674686,0.010399348009611991,0.003971933920865752
714.3571500007143,0.006236490197609064,0.06931462567433165,0.0010405823209519497,0.0006481604701013178,0.018376783859416233,0.047266541410065234,0.0005017425706620622,0.00018162995074796047,0.053280136366973346,0.08126581055399958,0.003911811985371267,0.0014088023877774278,0.011829779831121273,0.02469149967757653,0.008451843642105128,0.004694048523772056,0.011129847565203337,0.034269266937223326,0.010397038645339059,0.003969008700392688
713.8472591013564,0.006343667612106371,0.06919631159882418,0.0009670342131053379,0.00064105157553583,0.024681045875652157,0.04653746620445467,0.0005040896612966952,0.0002102922602044408,0.0465436346309457,0.08843463024495606,0.003911638145060898,0.0015810100517724898,0.01162163933635235,0.024201846423695272,0.008528231477838296,0.004673455643477803,0.011103558791553203,0.034110654039030935,0.010387424865520628,0.003969770935127486
713.3380955784595,0.006128563266580218,0.06900456207328767,0.0010221485652556518,0.0007376248709522186,0.018827625889597896,0.0547876785225398,0.0004664172269842293,0.0001790931305759182,0.07262938697594987,0.039821907023805586,0.003657320917343888,0.0011823541089813333,0.011626210221750182,0.02397955653827106,0.00848967450376531,0.004663680206892472,0.011203174040067551,0.03422842697604422,0.010386857022763644,0.003970721664424474
712.8296578766929,0.006372846327664543,0.06878583670898682,0.0010731641429872177,0.0007419186041280818,0.018975584478297624,0.03905312280959489,0.0005246802666405298,0.0002151698198055067,0.146358087287996,0.18163221414949665,0.004248686297891327,0.0015427078836110293,0.011584384067503638,0.025807441281561587,0.008549218083831415,0.0046645270907544195,0.01110705893712227,0.034061608403899574,0.010376737852006157,0.003964406562131329
712.3219444451568,0.00646035442218559,0.06898385637494911,0.0010757231763701596,0.0006118604873887536,0.03259785409326732,0.05256861057204654,0.00047131589959443473,0.00020512883381757757,0.1232352001298875,0.13086064096829378,0.0037726650101985696,0.0014971522513985507,0.01219549813631045,0.021527228108699694,0.008496090884127947,0.00462034372339162,0.01121117545641473,0.03410797567833445,0.010374761668317118,0.003956896811377094
711.8149537373666,0.00639067142345801,0.06893141218748708,0.0011877092494544008,0.0007986961165424618,0.010263538216249101,0.05585558520241464,0.0004829720247327582,0.00021331263554949975,0.1595541141295454,0.1408890388296603,0.003943540474645188,0.0014728867826708447,0.009932406523740176,0.02623910160418373,0.008389303481363186,0.004699005425853063,0.011043427893793008,0.03396457418348027,0.010356822662789991,0.00395485091075948
711.3086842112377,0.006382947006079204,0.06902025352004432,0.0009708140562557781,0.0007715546374185156,0.021626821578372212,0.03746570737847293,0.00049691932214261,0.00024437541453904373,0.14709290735866126,0.1881070789918337,0.0039218273851250145,0.00179731948445144,0.013699758097903612,0.022844197504473546,0.008568397972818524,0.004793865645681766,0.01104048365237659,0.0340777272830926,0.01036187905771056,0.003961324358084675
710.803134329069,0.006431877701372581,0.06893347846147099,0.0011057668532867635,0.0006851676436103837,0.02369501420750963,0.03944434302487953,0.0004614038676662961,0.00020490712078534851,0.11391241960516069,0.1581422293998285,0.0037365695565029734,0.0013956380396223345,0.009286585590030006,0.02368504542771842,0.008468700360733834,0.00459355467308118,0.01104739556251656,0.03407668576165153,0.010349750917520958,0.003944860255505913
710.2983025575286,0.006343722534691182,0.06890860107328232,0.001011538102891797,0.0007613762410982748,0.03549329113114263,0.04338148203927276,0.0004700694501975149,0.0002165770065364794,0.17184145396138753,0.2045483333845836,0.0036858262373220645,0.001503090221865114,0.011068125733013313,0.023941323683790903,0.008435044722747363,0.004736243297629652,0.011022282267345897,0.03410791079436742,0.010335321205208168,0.0039535365074846295
709.7941873676367,0.006320392159038557,0.06870000919643451,0.0010952402061865864,0.0006363612698179,0.02610770128771407,0.05256045918845068,0.00047573812200968997,0.00018118848697096555,0.056826117613512306,0.052580563644937565,0.003938836125548783,0.001330308088017678,0.010727693772497294,0.023486544169035617,0.008571206650687259,0.004657069477776633,0.011162447163928448,0.03406486051806081,0.010341262481969512,0.003949758514586945
709.290787234752,0.006417146631672425,0.06868004670758898,0.001106910744644355,0.0007520420571044767,0.028063440756835527,0.05025344416387041,0.00047371780141940877,0.00022175536552547536,0.07055993490564891,0.08817972405285028,0.0038533791600476198,0.0015087030128722028,0.011286774890912217,0.02515131942765673,0.008456921565457945,0.004641110172065166,0.010907362160757066,0.03383615494946523,0.01032848924453677,0.00394219385262182
708.7881006385543,0.006376890231377299,0.06866364683098584,0.0010562266262399654,0.0007112534237752108,0.020612085060905724,0.05414596728765706,0.0004807752565704889,0.00020646537288578496,0.05535100897051315,0.019956576481586115,0.003878864454092284,0.0014792639382356584,0.012585398457955754,0.026210479222714123,0.00848143869288718,0.00469450179340084,0.011117650858795743,0.03433940680493234,0.010322211211394587,0.003940908124484262
708.2861260630314,0.0063730211146196805,0.06868474583818426,0.001087819582896141,0.000732251737722121,0.022537508103619517,0.04839075173274427,0.0004722386781468687,0.00021964852466917393,0.011258991700439841,0.056703422812628385,0.003852002442948186,0.0015949534388052672,0.013516753387197591,0.022483124756115816,0.008484143683429311,0.0047118223782813065,0.011326038335986902,0.03355237746140658,0.010312816031677925,0.0039419379459717805
707.7848619964616,0.006335689931713903,0.06863618912466536,0.0010542181683963244,0.0007422919492565611,0.020046174406429258,0.04985636856106357,0.00047754028914510487,0.0002106449768649616,0.024607556078244292,0.03887614620803675,0.0038664646455976452,0.0014583558592846351,0.007992375976005639,0.02316866551638963,0.008500892686898265,0.004649263687913501,0.010439275406218348,0.03404989919497968,0.010316122576970526,0.003941770873230621
707.2843069314004,0.00629814687070798,0.06856871969400098,0.0010492322047114641,0.0007349249338795995,0.023825043276835108,0.04988201897828584,0.000472265653676551,0.00020773149709705184,0.024529122069830413,0.04392104120570093,0.0038020366437479924,0.0013859526975428386,0.012966875458966225,0.02730588212543745,0.008484486515861447,0.004608977875839804,0.01109995666915417,0.034393921892625606,0.010306956049170209,0.003935423172439094
706.7844593646644,0.006294738726838485,0.06850774965197647,0.0010476024382338929,0.0007180209495262953,0.017959507308234188,0.0512945171360311,0.0004820173802489999,0.00020058915074610227,0.0506639122926766,0.04516334229584613,0.0038648855551349707,0.0013671530755449486,0.012187461255070187,0.02309571040195044,0.008457974921947936,0.004607825789930592,0.011182312406101362,0.03423103106668346,0.010300183743569676,0.00392930473318378
706.2853177973165,0.006211367920489613,0.0684357747894662,0.0010672654551679359,0.0007139408727930035,0.021520501553756333,0.046821989066412634,0.0004801435990069842,0.00021027780641910985,0.026203513852182295,0.06942572119013844,0.003925999429963694,0.0015191888988698948,0.010249597883784073,0.0247489299910929,0.008485221731375973,0.004706585849459598,0.011427787348944321,0.03400310803618779,0.010289846044550457,0.003923528199843092
705.7868807346508,0.006299921955117871,0.06835708916361027,0.0010680024331213274,0.0007211281518934329,0.019107986239698335,0.04844511344492649,0.00047638525941362634,0.0002081000996991646,0.03142725987187653,0.05639735293124334,0.0038674944893092094,0.001453582950678443,0.012926523683501157,0.024043585540185982,0.0084671568697754,0.00463703281424622,0.011128440405500208,0.033833291966740245,0.010286339621236432,0.003920464618516746
705.2891466861778,0.006212750176027517,0.06837604802195171,0.0010562202247126366,0.0006892880369377581,0.023489049565490278,0.048352225813636254,0.00047318281795586336,0.0002056706794352916,0.02150615988571034,0.05667549134754913,0.003828679785930614,0.0014397389683896962,0.011323077397662895,0.025628475806730448,0.008460066590280955,0.0045966127935291095,0.011249958804001106,0.033821347451044516,0.010283895271889776,0.003923653225506607
704.7921141656097,0.006239173940047486,0.06827183917356577,0.001018782143509072,0.0007632403525302975,0.021429446149030362,0.049763048644193925,0.0004769759814013869,0.00021343777180793402,0.00932103169222174,0.037092570571727206,0.003766172218691277,0.0014748181344877553,0.014794392553337409,0.021728078632561976,0.008420652555490656,0.004655851418557187,0.010963292628658522,0.03373795843786797,0.010275275429708706,0.00392673318989959
704.2957816908452,0.006233274097255656,0.06817774377774319,0.001053957476566018,0.0007001636630175838,0.022112012211060506,0.04996811264491493,0.00048005065598584115,0.00019804984376104346,0.011568089783198442,0.03512750828432649,0.003931519954120784,0.0013378583702082403,0.00808677112804143,0.02297604539816871,0.00849140098790269,0.004603998467387643,0.01118872782434679,0.033775188524527495,0.01026670688482132,0.003925233916151931
703.8001477839551,0.006161717240664888,0.06810123282006936,0.0010223006984166605,0.0007096933689869194,0.02043052444140779,0.049773982393703196,0.0004814540169762666,0.00020597812801331867,0.01626014720417155,0.0315913850525223,0.003839359460603649,0.0013598684581286604,0.013071752642896737,0.0272172350143516,0.00841422499766178,0.004537537065461428,0.010948906281046946,0.03380034114790747,0.010248451803675838,0.003915605672962337
703.3052109711674,0.00617506618186522,0.0681265933604764,0.001072792520695045,0.0007075169250004958,0.022085717080553163,0.05019946724185611,0.0004735819426531298,0.00020012853953733136,0.015240504557968916,0.030230744956180083,0.0038210995245305138,0.0014150581760119876,0.010633907102621349,0.02371225629651041,0.008395022933661395,0.0046376246544070675,0.011020919972384984,0.033666981536175936,0.010254171837512106,0.003907922532947974
702.8109697828532,0.006170327972623754,0.06813063854040186,0.0010858072994986302,0.0006806047895044053,0.02055706349226186,0.049012754660765226,0.000470633154917237,0.000201554410624996,0.011961052424674908,0.03936966490544643,0.003840679852086138,0.0014879962668102645,0.013310344272145874,0.0271818818210342,0.008413364518803233,0.004664476956283384,0.010942404290730595,0.03373966939539519,0.010241780801212583,0.003916182926804549
702.3174227535113,0.006233422439688563,0.06808699648331883,0.0010748151431745135,0.0007241421415061423,0.02227739429248909,0.050257588840990484,0.0004738524044668613,0.0002070618357390404,0.01727524136076769,0.03186214108811196,0.0038741873401802298,0.0014236410895489956,0.012872484242446632,0.02087059780695797,0.00843275010611295,0.004602300575903736,0.01101020328686292,0.03376803191104872,0.010233791487892552,0.0039043072361458187
701.8245684217544,0.006280173268495664,0.0678803588556422,0.0010489488467745444,0.000720499444873235,0.021442184993891215,0.049812736592972744,0.0004695786762685045,0.00020543096713309498,0.010946385143547156,0.031113075351150862,0.0037353085994796136,0.0014050052509363188,0.011638930304846518,0.02630468491903934,0.008348816038275525,0.004591921338830261,0.011065282772942516,0.03367292789260592,0.010230747709404263,0.0039060440512602066
701.3324053302946,0.006049916342454116,0.06788214371687126,0.0010430310463171151,0.0007092447386290217,0.022722653853849903,0.04966570375387798,0.0004687102844114404,0.00020380882150477923,0.016516878668662582,0.03861965861853069,0.003820494430780489,0.001429992266443222,0.012089819778117575,0.022887755680230826,0.008459331951753206,0.0046124508866197894,0.011010860604345815,0.03370468290708026,0.010223481507235486,0.0039017326795589007
700.8409320259286,0.006207704034488357,0.06791663688086143,0.0010556234284260814,0.0007052392143650748,0.02173585661705007,0.049614178041434726,0.0004707982232828552,0.00019961886348718658,0.011944378965662318,0.032039330461263685,0.003779487273482143,0.0013926043536111109,0.011878730582936965,0.02603056400688801,0.008381553058798216,0.004619378712223556,0.0110266725020907,0.03362312668613065,0.01021925994432757,0.003899599993932492
700.3501470595239,0.006172205832218478,0.06770026215424975,0.0010522635746939822,0.000694601668412785,0.02225510805177604,0.04995674812307648,0.0004740459507797619,0.0001960876410998163,0.015328880073932816,0.035865152074757996,0.003838880467360983,0.0014052086776358023,0.013229426753046756,0.020623695795710953,0.00841624232177334,0.004630300045473937,0.010975034039621316,0.03379394994461114,0.01020936072711753,0.003897592479012612
699.8600489860042,0.00604108159579788,0.06799222617945065,0.0010486707494148017,0.0007363083095640807,0.02194263832604926,0.04987739215014591,0.0004737262037978991,0.00020167926323417685,0.015251766396674192,0.030776545516541718,0.003868137391937166,0.0012862222059723946,0.01006280161111485,0.023486585483572436,0.008425359638180313,0.00453675963273593,0.010696693081567267,0.033544245491941446,0.010203314791233589,0.0038970594884675603
699.3706363643358,0.006104098625506145,0.06773985569459556,0.001044212485158433,0.0007113607873900505,0.022103143934611935,0.04994175175652331,0.0004758918944728944,0.00020006494765135738,0.01540494898545185,0.03147056905860653,0.0037957864082674114,0.001322167727539906,0.011873791372659682,0.023154515384673946,0.008324295538578145,0.004515912582477482,0.010899064950071435,0.033475424157631876,0.01019752808066475,0.0038922667687065282
698.8819077575123,0.006147830834248446,0.06787089043297491,0.0010509761901271713,0.0006951287179185301,0.022009133333289913,0.049994786450537586,0.00047055471744413956,0.0001938180180092441,0.01848521449404094,0.030370901687054013,0.003786618222475498,0.001342849200635174,0.011122928250384115,0.022169650165165998,0.008356365546804152,0.004578447172017185,0.01095029865633433,0.033504914419225595,0.010196628614745242,0.003890292335881714
698.3938617325421,0.006325716118053046,0.06772162855810711,0.001047472491269676,0.0007221251153090366,0.022503011474782418,0.04938299526767289,0.0004679303407461908,0.0002070877771947395,0.0166537264466803,0.03951291555299547,0.0037644267477771687,0.0013798470891032543,0.012677595667912817,0.02232933943530502,0.008338943551401792,0.004555392936019612,0.011134994155644985,0.03345725496825103,0.01018558484451008,0.0038874772923447086
697.9064968604328,0.0061201043292925,0.0675275141800563,0.001052011755583314,0.0007427158497628768,0.023608719500841795,0.049529221148989784,0.0004624453750374936,0.00020087063227430224,0.02170643773901567,0.046710910790579936,0.003708577673800971,0.001339547418897759,0.006287869753038089,0.0217089808163421,0.008326363908607177,0.004576168800295435,0.010927638000267437,0.033527700343192676,0.010179217680165976,0.0038863114029970935
697.4198117161786,0.00628442601614811,0.06723948936171006,0.0010565553581559832,0.0007034516349034918,0.022764647661445807,0.04912195008267984,0.0004720096278908616,0.0002008165289676244,0.011387589024780388,0.042289759183819005,0.003808692279783935,0.001429074629327026,0.00831388311973451,0.027035170374025818,0.008343314456904267,0.004603829764221105,0.010864114080890946,0.033400895186322936,0.010172269642652698,0.0038620741734421665
696.9338048787457,0.0065213198234177535,0.06776410011687657,0.0010342616903075972,0.0007072211550102842,0.023078415022799323,0.04950769817196935,0.00046712063962082247,0.00019987219054084918,0.01824928790488835,0.041218795480953925,0.0037618684276577727,0.0013578027343051503,0.009326082627354482,0.025157994496772584,0.008383060636963202,0.004531181585185353,0.010709865300050771,0.033492543295846694,0.010192459549701839,0.0038529168309670695
696.4484749310585,0.006117116563092939,0.06750650544972964,0.0010533845365736237,0.000689648628731947,0.02170678891510558,0.04963464480408242,0.0004519634080663197,0.00019251438046138128,0.010702135862725679,0.02597305549299854,0.003693839837113541,0.0012687521309150236,0.012448476665677999,0.02925504504707726,0.008266236877530449,0.0045149811870496236,0.010880862820878433,0.03339544159716159,0.010019085307992384,0.003892148514875457
695.9638204599862,0.006150327423785002,0.06734183405753182,0.001051059590805323,0.0007070748517547623,0.02376682546612202,0.04739623422472912,0.0004763808905464932,0.00021282769896419302,0.030088489438362228,0.06503929739067921,0.0039031429272058226,0.0015182583295532653,0.011758507252477441,0.02299111757192722,0.008357878924392005,0.004589202662429224,0.010811918737085705,0.03338919751693071,0.010116507175867434,0.0038608184216530114
695.4798400563283,0.006090284901225238,0.06747174442132735,0.001049602363271693,0.0007017048002407691,0.023490754103941917,0.050689342484223604,0.00045001376312058395,0.00019497393184104032,0.03469385166492231,0.031822858312231694,0.003599538239269355,0.0012652488980858733,0.011040852147210014,0.026626437257320876,0.008303383845348539,0.004509471341720007,0.010927928089825569,0.033327297695436554,0.01013641744851152,0.003868773813701906
694.996532314802,0.0061756629551330084,0.06727912286729111,0.0010531361829857506,0.0007012980551045654,0.019933374588175394,0.047255275750429204,0.0004743379113688013,0.00019140096971191728,0.02169462456586949,0.056452720871292696,0.0037955008564345017,0.0013415906068435918,0.011707274992272466,0.02350439708736626,0.008277154767083135,0.004573669377719252,0.01073726083240488,0.03332923818198811,0.010127355445676974,0.003861267839312102
694.5138958340278,0.006068294640212473,0.06734781474390518,0.0010501836808839793,0.0007130854825193554,0.02528747816993732,0.046690364551132166,0.00045502067593843315,0.00020566901150869792,0.04673621082112856,0.07898340984912676,0.003665215984596759,0.0013704598406897024,0.009573368782027403,0.026498539923289186,0.008293527138032792,0.004532741190458825,0.01088910963545419,0.033305896158888626,0.01011863342024396,0.0038706674413015708
694.0319292165165,0.006160842953967535,0.06744352390275367,0.0010422329363287068,0.0007051339323144868,0.0222671405229848,0.04947741701465657,0.00047239343742889507,0.00019351165477886505,0.01728697658965064,0.03282716772262269,0.0038132281733328265,0.0013790888171076293,0.01239560711717016,0.0237132675910573,0.008312227441140263,0.004605086748147687,0.010843207857832333,0.033207236974906955,0.010117348511924997,0.0038638335329289793
693.5506310686548,0.006073909404037356,0.06727100945999215,0.0010482130324425644,0.0007037748797958534,0.021619533718616517,0.04856041253617491,0.0004687043422489225,0.0001992414257382448,0.0030249786854859863,0.040537773926291654,0.0038171170036022804,0.0013550731267660435,0.010225423978200525,0.02389764258692887,0.008334040389292047,0.00451679518019815,0.010856455296891485,0.03323354976861772,0.010106737085878805,0.0038595334683010404
693.0700000006931,0.006403057437092067,0.06689408469514062,0.0010528735649122122,0.0007157357934641586,0.018529962199714575,0.047366195238809826,0.0004751521480416698,0.00020469146638828754,0.033212421135070405,0.059027887328617086,0.0038902506173975064,0.0014485248884406766,0.011092011948540457,0.022666100476329696,0.00833815919989111,0.00457815433890442,0.010835149022856438,0.03321884103148996,0.01010035459644868,0.0038609861098290042
692.5900346267314,0.005652808924659279,0.0670156027450801,0.0010598041240684102,0.0006999299211787239,0.021909101499253403,0.045442768114159704,0.00046304901045483425,0.00020270130285767853,0.03301382632241246,0.07288758408758168,0.003804478841938757,0.0013301885152275214,0.006925518418347051,0.02602859797235735,0.00834181244013007,0.00448860215090201,0.010817341310782462,0.033137933340411166,0.010096536576863949,0.0038599287211061877
692.110733564706,0.005593773851191523,0.06750311097324561,0.0010677588140413816,0.0006978671123002762,0.02107557943375329,0.04537462815238184,0.00046574697403332883,0.0002005844349243238,0.030830068091547553,0.07130267296175695,0.003809764413450831,0.0014231660396775818,0.01212110024434106,0.025621179066465976,0.00830405475991122,0.004566500828101919,0.010826506323833284,0.03315000913953165,0.010095149191835304,0.003856556364205464
691.6320954363763,0.0057593498201772815,0.06658960362602917,0.0010567862558103717,0.0006977754253640505,0.022357477196945003,0.04598931153521366,0.0004650244405638484,0.00019941718909200184,0.02744062249181573,0.07022971326951957,0.0038010688769372974,0.0013975969433791318,0.009043375251692624,0.023460195266144814,0.008311993960227318,0.0045481044079526385,0.010783449542546187,0.033062201908546,0.010086863117804096,0.00385298510950308
691.1541188673117,0.006213619961603816,0.06705930524654476,0.0010614273444513277,0.0007041052501760714,0.021632719625759283,0.04648792592617173,0.00046296526939967685,0.00020036222754539406,0.018138419166886136,0.05955446636132953,0.00375823486984473,0.001297497368111008,0.010502392522312685,0.025594465791787317,0.00827576448061687,0.004442401493969058,0.010807148292153809,0.03321001866770394,0.010078496902973669,0.0038462282378118524
690.6768024868786,0.005944469618387477,0.06677336401167423,0.0010723550043886063,0.0006923681564232167,0.021717509362699432,0.04691113219170369,0.00046010051071396235,0.00019837213380568565,0.013974277127526422,0.05545103980455576,0.0037398023246026937,0.0013566541494008288,0.012106477887399054,0.024644467163034076,0.008259128485982328,0.0045170572896998116,0.010914407952711879,0.03307071153508903,0.01007212492715215,0.0038434494965200214
690.2001449282265,0.006292738537648153,0.06702601615529453,0.0010528719583987498,0.0007157567074740208,0.020751131416221844,0.046306090837076874,0.0004657213313007166,0.00020512678783789323,0.01797436813857842,0.06340193641840561,0.003813859969918361,0.0013322601676303677,0.00910767607600477,0.022086201823698616,0.008308500410253519,0.004463495095606456,0.010842269653432594,0.03296696712014293,0.010069245241186514,0.0038361928775862007
689.7241448282759,0.005892691185161262,0.06692151823469494,0.0011062630965375467,0.0007185562192611851,0.02139676744105726,0.0463965200324344,0.0004601540668642403,0.000201910820565601,0.019016948455522754,0.05943681446596449,0.0037720142821711135,0.0014359942180951527,0.01078185776650674,0.02551561080182175,0.00824534459367979,0.004563212336880404,0.010765405886341109,0.03303633289921162,0.010071850565137246,0.0038433316415630407
689.248800827705,0.006115507016528059,0.06679393491789756,0.0010872845753244194,0.0007114812953345535,0.020739914779410104,0.04707724927501785,0.00045545380244052335,0.00020155301812437913,0.012204074764821797,0.05272021720253675,0.0037375497064050535,0.0013448394764131004,0.01031872614732551,0.023212386009911015,0.008269888237975394,0.004503109991044699,0.010831340296885246,0.033051104802618796,0.010060236187174687,0.003843452389413778
688.7741115709367,0.006062774125327587,0.0668069284404366,0.001218086762394999,0.0006858176893427664,0.02074469427424499,0.04686244983162033,0.0004407223634643337,0.00019419831885626832,0.013537218946081668,0.05374716395673947,0.003781160052402329,0.001369902680776556,0.011010339844136295,0.02426973618630164,0.008239985515133904,0.004480922119191062,0.010717187879540874,0.03313859792994365,0.010046455147307377,0.003846779021469508
688.3000757061253,0.0060164757840162975,0.06671647214197934,0.001049204997116187,0.00046496282864975035,0.02025265609451094,0.046562793604245555,0.0004648417211926549,0.00015664068944524386,0.020515010331982518,0.05871633459205061,0.003744647218641286,0.0013813350567122352,0.009646174007611466,0.022660201119765744,0.008242835884144102,0.004566253387815388,0.010825861728586728,0.0329824708587446,0.010031671941813284,0.0038302653766482337
687.8266918851446,0.006085965371206854,0.06666156302065279,0.0010117465536544302,0.0008860407658160262,0.019503811903882274,0.047090973611303495,0.0004738341595177925,0.0002274391123686282,0.024144957178261296,0.05088859746408884,0.0037437935149074626,0.0013374123507753806,0.00977830559154694,0.026477142190588866,0.008269552146730058,0.004503981970836246,0.010828133866796798,0.033023703849459865,0.010044622799760282,0.0038304333823425624
687.3539587635739,0.006050696633142872,0.06665508414951121,0.0008325579648491125,0.0007285624112812612,0.02077909646055032,0.047215855137687016,0.0005041773963081444,0.0002064742809330135,0.008554312524431585,0.049212518672347244,0.003863276265389537,0.0014152079812316364,0.012016202387544438,0.02377031478985488,0.008292504208528562,0.004557295295923632,0.010848508787881846,0.032973616394508035,0.01002632298232117,0.00383896695710447
686.8818750006869,0.006150564148900776,0.0667471513628146,0.0010426358642549774,0.0006419782853234556,0.019570195417682828,0.04662705833195085,0.000455416096459917,0.00019112689338361862,0.02263946135434782,0.057199282438504764,0.0036976713143454915,0.0013486916236123455,0.011638738334468747,0.023199507575614883,0.008233390564913259,0.004494724431993773,0.010816672283730622,0.03299022408860794,0.010019388729993722,0.0038205511719942345
686.4104392594373,0.006013139205981311,0.06668247383817912,0.0009545466102247067,0.0006950248764716299,0.0201939365491231,0.04826344818266574,0.0004706929646870192,0.00019591209025585795,0.013657263923005087,0.03744963746858698,0.003686163985568082,0.0013596023711641328,0.011475694778628719,0.02269283384205149,0.008221369556907185,0.004514729711054073,0.01075257175131287,0.03292944985462191,0.010020285640122762,0.0038247103311213207
685.9396502064474,0.006025697086155327,0.06669174592639783,0.001031472890331077,0.0006839282555914689,0.02045610841220136,0.046876976987235204,0.0004654766060677561,0.0002038857907741401,0.013992435411631273,0.051502856053685424,0.0037739634036317933,0.001415932036377174,0.010009343366847969,0.02391518720575656,0.008233326839176639,0.004521304426309116,0.01082523819183213,0.03288748276856348,0.010006145191770042,0.003824325439693092
685.4695065119946,0.005991221853911677,0.06651520236310764,0.0010272513118704174,0.0007323258324967119,0.019890492893156565,0.04809534361611515,0.00046331685629687745,0.00020141438394892153,0.016810881684131085,0.036798743276977026,0.003729665902945082,0.0013199233164798178,0.01060462014057088,0.025165333768514566,0.008211174511316805,0.00448044259674911,0.010685460448656108,0.03298534093318622,0.010001434555717713,0.0038193898051753754
685.0000068500001,0.0061454509897969295,0.06649969233210497,0.0009855499374927512,0.0007749491585280352,0.020734855174206323,0.04687578251939961,0.00044610702232589927,0.00021056097540420065,0.011609238108336544,0.051568866510566025,0.0035464630393155245,0.0013762935409179073,0.010053023781778421,0.023452772524399503,0.00821079390350103,0.0045322054328883424,0.01070463315718115,0.032748678913612946,0.009997070385574689,0.0038168375004806123
684.5311498980152,0.005960497932070395,0.066577144759901,0.0011116463319390483,0.0007065009211844253,0.019429559238134213,0.048268762508154955,0.0004480896520921011,0.0001757819333620031,0.021848583635328024,0.03682545177346941,0.0037498746497643108,0.001217411271451093,0.011186850511083698,0.023748382039287,0.008248047275958572,0.004544080050544341,0.010807811696332208,0.03282944047480031,0.009993190433640648,0.0038173148119749274
684.0629343372094,0.005994665523305174,0.06633917467576866,0.0009489033582617081,0.0007049925379456182,0.021294007869908725,0.04745140513607069,0.0004770512485748639,0.00019241811927997124,0.003002165524915184,0.04313114364849322,0.0037607050886923695,0.001275952576098272,0.01113839730336031,0.02506246895820156,0.008214621153049795,0.004451778888554212,0.010849443074845271,0.03275492132609957,0.009982756199279103,0.003815941007233693
683.5953588523583,0.006062577664650789,0.06650269332228195,0.0010029939110331662,0.0009139362609300304,0.019529711513020433,0.0481880774745995,0.0004776038328855891,0.0002235522935758934,0.02057635603189174,0.036284174334276796,0.0037901764543082144,0.0013207698156382497,0.010914990274040755,0.024600523039404024,0.008195137514650801,0.004504632635530061,0.010898300064630691,0.03306651798723759,0.009973643520160379,0.0038143256200245113
683.1284221318307,0.005920290125352137,0.06647305154089278,0.0011877681875973865,0.0005497420992348083,0.021986690790269853,0.047568269636535813,0.000445442424868036,0.0001773178558974343,0.008643859245617919,0.04258649221239318,0.0038335101932372583,0.0013486991837476064,0.011417575456887713,0.024739305578498898,0.008248615103473729,0.004476923368737632,0.01055080132973376,0.032928209065311694,0.00996367172116684,0.003811347223383885
682.662122867577,0.005869194955430801,0.06632157586777779,0.001038045688046691,0.0005900847777470139,0.020026186920874108,0.04789033909414785,0.0004619537006312175,0.00017422389826088585,0.014396654024320868,0.03821554051054585,0.0037147703769901536,0.0013607529540164206,0.011082707815585366,0.023536542429068105,0.00816991546036267,0.00454617482841884,0.010599013728532553,0.032820853717996035,0.009960182429444053,0.0038054950215621604
682.196459755116,0.005810447577537651,0.06617928867739914,0.0010051009738718574,0.0007084966555774484,0.0220066634031697,0.047033678083961014,0.0004550926503929849,0.00020491146669969783,0.01016770014182509,0.048980708999402364,0.0036940182824538137,0.0013526041323138483,0.011057847742095344,0.024247662358113542,0.00818843761073996,0.004467715969539811,0.010532593986660658,0.03262041265609086,0.00991326525338252,0.003818003111419734
681.7314314935244,0.006155399425745007,0.06633560667399735,0.000956575703923083,0.0005549035537357739,0.019876028541053838,0.04707024069312577,0.0004839351152011433,0.00017382309419924373,0.016056447478217543,0.04671881473423363,0.003769049246570403,0.0014039901519786425,0.010453090170204576,0.02397335269869191,0.008189440791859683,0.004500655895636001,0.010825320073311334,0.032745343348153835,0.009985994981008618,0.0037923331935751257
681.2670367854224,0.006080125711742061,0.06638856461372342,0.0011611414556995962,0.0005598747500446685,0.021775851895593997,0.04845207073945009,0.00044981929140241875,0.00017599698673293398,0.014205557187468763,0.031469881078393255,0.0037405699639361054,0.0013400959189483288,0.012035143647773378,0.024157660658211434,0.008144950883079278,0.004458912573682659,0.010723591931834184,0.03271673060150284,0.00996433984740589,0.0037771195114865014
680.803274336964,0.005614408526502499,0.06628049152614966,0.00107037857068265,0.000664916953205324,0.02043832982969539,0.04592831788517367,0.0004591863180716597,0.00019443394063102333,0.017520784904667734,0.058738668000546446,0.003735800287793227,0.0013365875580645709,0.011374543600797305,0.022796041344466066,0.008180520306416389,0.004475753522930451,0.010785591986508298,0.03278547429072018,0.00998017384425105,0.003836403027393961
680.3401428578233,0.006221701532441269,0.06588766765301829,0.0011477631828467998,0.0006675461485573447,0.020661242374122618,0.04817386665054262,0.0004416239288119833,0.00018399184908774282,0.01120829646681345,0.03337151297917086,0.003727088890329453,0.0011958851101903567,0.011105775445112735,0.023027862802540936,0.00819394066930948,0.004398176196838678,0.010564178147449695,0.03266346479772072,0.009957618718693688,0.0037931217016976796
679.8776410611829,0.006412676983977487,0.06698910697846573,0.0010258422055900239,0.0007636978635060803,0.02115352819330564,0.04547976121398936,0.0004495612364709257,0.00020648438845020874,0.018001007450729287,0.062301302453564286,0.0036715481698565353,0.0013526924673841264,0.008823499160396252,0.02220061955373994,0.00816958141672881,0.0045167214549278875,0.010770805557767639,0.03271045744422361,0.009909756007845629,0.003806500521217897
679.4157676637229,0.005104736431120999,0.0662765652716233,0.0010218307492450083,0.0006409590078004883,0.02051544643598343,0.04852200536399094,0.0004586315335541574,0.00018545278403358752,0.01758840781687047,0.02570355744272235,0.0037429762305821557,0.0012886693487975528,0.009320179100985137,0.025602592681441043,0.008198402356535192,0.00445348287388505,0.010536977968984828,0.032571698723728275,0.009921395957414161,0.0037985942063081296
678.9545213856077,0.005235045933171065,0.0653321370036752,0.0010577370219591472,0.0007094455265332801,0.02153290349683826,0.045381727899065284,0.00045022926590503623,0.00019550843923526876,0.02276954333292459,0.06548805609235611,0.00369967528063965,0.0014176763959146224,0.009082346966166206,0.023718290857473442,0.008155579562223271,0.004555532932822707,0.010751534400626385,0.0325818179672718,0.00992162244245393,0.0037882786576797626
678.493900950475,0.00561060910001924,0.06585065498941148,0.0010027219428883451,0.0006959859994759478,0.020530093121827596,0.04810166901596305,0.00045419672946233355,0.00020241578094869726,0.01271190528304326,0.030594816248745077,0.003636022541193402,0.00140919522574082,0.010085604585910414,0.02546315892239064,0.00813290875760628,0.004489273597842221,0.01057321268654162,0.0325658189991279,0.009909798696822493,0.0037846684268772668
678.0339050854238,0.005505432568312123,0.06490808901631955,0.0010471552143951166,0.0006757215260512992,0.02128740139315874,0.04632190379068316,0.00044877526271477203,0.00019631372723067676,0.01186771152994493,0.05570637860788287,0.0036111244655592017,0.0013648397083317208,0.010637337060424579,0.02253973395548366,0.008103822715703556,0.004463609969434778,0.010735566101424659,0.03250296171300314,0.009905113223369894,0.003785933213396634
677.5745325210029,0.005031103894365779,0.06483753032159584,0.001030164331816394,0.0007040986944248503,0.01929932403447645,0.0468420247342519,0.0004523307656546024,0.00020980109439069995,0.024002303659257988,0.0499106107755128,0.003646523744117337,0.0013826137585861216,0.009374584909605539,0.02415825047920773,0.008129838571368437,0.004417550109774029,0.010605886333314826,0.03252169660514849,0.009902324801475808,0.003780901139624888
677.1157819911984,0.0068409203684266255,0.06456718948423665,0.0010364141641594133,0.0007223303523859649,0.021477919546911008,0.0463381743468412,0.0004598385803382466,0.0002073999919327309,0.014471430370287126,0.055056274471291536,0.0037487208093694717,0.0014003382134307376,0.010769720940598882,0.02414826030120356,0.008150542579787605,0.004459611535247976,0.01072714880900591,0.032478168417250965,0.009891133322440706,0.003772461616535554
676.6576522334237,0.002630338361941154,0.06706140127901307,0.0009976266676939714,0.0007313479835591382,0.01972438386965449,0.046510470073600534,0.0004657305312826556,0.00019667801540197065,0.02965793242163149,0.05092075801325788,0.003751060244913308,0.0012375276356706994,0.010652259880364424,0.024939990875639285,0.008135394690471986,0.004394045144709492,0.010650442013090252,0.032514060880435396,0.009885293818952357,0.003774943298008661
676.2001419885058,0.008646845049905021,0.0701904971789233,0.0009941762414518625,0.0007009413674329253,0.021320399921972603,0.047788138745009485,0.0004613016036276022,0.0001978684317743942,0.01964291809349696,0.024920474278958677,0.0037193524743731527,0.0014412280274718212,0.011025591273312985,0.022989061886520668,0.008139203764064552,0.004523691116667627,0.010669846186852983,0.03247734751599756,0.00987690123245884,0.0037724237994546514
675.7432500006759,0.011547209758396407,0.06557920405893192,0.0009794570191285132,0.0007146632954180668,0.018502757872762978,0.04614648870297371,0.00046265161455565947,0.00020073709421816052,0.02066265865059744,0.05330454548204548,0.0036306084357571665,0.0012854680028073675,0.009131095542135315,0.02410731512186893,0.00805648024523912,0.004390471798604633,0.010599644592149274,0.032489252339855446,0.009876010496292383,0.003773866445467784
675.2869750175558,0.009895562064210255,0.07183395430372469,0.0009906348086433545,0.0006811897714609932,0.020423144564098866,0.046705793165527816,0.0004609190277165496,0.00019536155391661108,0.012642328977054106,0.031284661472858466,0.003704078199852461,0.0012838632658953727,0.010202333234588013,0.02362075034268668,0.008124190479481866,0.004376848576413152,0.01065122243327273,0.03241646670095812,0.00986745778683402,0.0037669891044095566
674.8313157901486,0.004075630605019491,0.06609597742888537,0.0009964601450764216,0.00068829521297336,0.01985354428692551,0.04534889996965512,0.0004619882819137465,0.00019778900004085743,0.026556493647147152,0.061093657820942324,0.003654083115870372,0.0013705924193055574,0.010657641141171736,0.02318845718405988,0.00805024498225432,0.004459670070482799,0.010654821784858869,0.03248690587718893,0.009863389131758413,0.0037637845755117845
674.3762710728255,0.006299731491762348,0.06735863047662936,0.0009766959475734258,0.0006670165888298885,0.01925381431138433,0.04783641843087317,0.0004615349737921122,0.00019362635544613852,0.025569871339738582,0.030907037919031155,0.003659422134426836,0.0013626323167969326,0.009616736238101872,0.02351791427842283,0.008073944965846982,0.004459511927939079,0.010528526931474583,0.032380563933857874,0.009853979707202531,0.003760651667948361
673.9218396233155,0.003429307077700818,0.06433662691827809,0.0009927257771823834,0.0006922474758742315,0.020374808345975336,0.047140349253001076,0.0004616089555570988,0.00019806560162075938,0.01265979010142688,0.04266793920551253,0.003631850553473767,0.0013787126381927506,0.011611173352482905,0.02425057052819188,0.008025882940359576,0.004452933359312659,0.010698512222613936,0.03240552907640061,0.009847489174218073,0.003759095237441473
673.4680202026938,0.006945633852468647,0.06524407356776872,0.0009828988763161803,0.0006951642775647139,0.019742998176154894,0.048956511783354015,0.00045918018086365717,0.00019966765916149527,0.026828630865140965,0.02152548528406611,0.0036687115852890055,0.0013393549049662687,0.01023164752165204,0.022450863058498263,0.008088557093713663,0.004416117120259338,0.010573449248937175,0.03240765171594806,0.009843228614474557,0.0037569660066072395
673.0148115753702,0.005171643139594563,0.06610442237711422,0.0009801892318282437,0.0006936021895703983,0.02091805411307773,0.04616354775363451,0.00045191700181981267,0.0001930159888002162,0.007992360938350587,0.04764372648300402,0.003694928725512449,0.0013762185260297961,0.010671919519749629,0.02433564557537305,0.008167540832368958,0.004474742300174402,0.010594177523954649,0.032357819775391775,0.009837742142594252,0.0037564351658609454
672.5622125090788,0.0059166654605107664,0.06446816623481227,0.0009837041553225868,0.0006803698031892739,0.0197550182172506,0.04905562134137181,0.00045547623056132417,0.00019821748380312925,0.026824985341747938,0.021018362611992254,0.003630707446429813,0.001371515471568187,0.010071826131405762,0.02364419692321472,0.008080976457831977,0.004423477275388248,0.010611471224267479,0.03228265887169943,0.009828575980500574,0.003751395222899843
672.1102217748656,0.0060574396191076275,0.0659609870519197,0.0009926300156827379,0.0006927627008410216,0.022026699600911172,0.045952292122948636,0.000460116469096022,0.0002000502731076752,0.015636744291246597,0.05306883196022431,0.003706856002417735,0.0013106990717237227,0.010760638735852,0.024854652774072034,0.008093365809532248,0.004371286813617617,0.01057086464621948,0.03235591981821891,0.009825504336628302,0.003745691368948286
671.6588381470788,0.005076107472180525,0.06522027277000761,0.0009858500021892199,0.0006811522025047518,0.018380936492715202,0.047509284691536154,0.0004422128958668369,0.00018492516707879178,0.033124437466481665,0.043864298009269144,0.0035813191796152037,0.0012959874288672659,0.010042737258318966,0.02178740565214294,0.008117084526996101,0.004455406297298145,0.010482862547112354,0.0322462824447761,0.009820961100441105,0.003750726938597994
671.2080604033558,0.005011462923333465,0.06475039885140996,0.0009879016199859582,0.0006740497165241287,0.022239563776159953,0.04837664858573136,0.00048308697449407883,0.00020595373458722982,0.018729317888915523,0.030971755824207053,0.003831446206231448,0.0014351400081417183,0.00966891704438955,0.023488409349725535,0.00801649978143801,0.004402492369924644,0.0105238114936508,0.03224111851102437,0.009809773365200938,0.0037446806649944946
670.7578873246146,0.005343358963818385,0.06414643588915707,0.0010069178118484942,0.0006664505012136196,0.01954019464127928,0.04682100154751626,0.00041994865999135243,0.00020900464547023156,0.017735861318315362,0.045878076341081125,0.0033909729266608578,0.0013779835104206731,0.0096791215326923,0.022316135925624005,0.008047832861331972,0.0043642523711118495,0.010568420757569632,0.032192532922080595,0.00980877226726324,0.003741392761869218
670.3083176950403,0.005848524801368429,0.06446338736568366,0.0009815162898805124,0.0006811474173565298,0.021671349002039462,0.048747778601083445,0.0004519447039077037,0.00016434744506294477,0.021859616903144478,0.02346722425006537,0.003569261061310403,0.0011567306269930431,0.009910026827145925,0.024534842122520786,0.008020598123662457,0.004406128059786394,0.010617242537988717,0.03226044060631379,0.009802614898469515,0.0037394448356120333
669.8593503020765,0.0056945011338594255,0.0645777960913127,0.0010024068405574745,0.0006794139955247447,0.020911990756685005,0.045483640171669816,0.0004526143720061711,0.00020870113593543768,0.016907733617600642,0.05701367124011904,0.0036298546144544024,0.0015068061078205687,0.009893655844518958,0.023526187693851702,0.008029510533040496,0.004495575036637554,0.010518145966928552,0.032271178564383426,0.009800217394101052,0.003740210128321027
669.4109839364124,0.005797061385854204,0.06473213477238342,0.001019668674436963,0.0006381462330307032,0.01973854398423996,0.047443179220219345,0.0004275767365601773,0.00015293911848414797,0.015453947643396665,0.03405840120473946,0.0034707073549878256,0.001079057656186953,0.009622409325251808,0.023217948220259212,0.008043782730680548,0.0044334955116231865,0.010509079468805072,0.032202209787278516,0.009787724854492872,0.003741283099068115
668.9632173919733,0.005774499593383429,0.06458295637233721,0.0009800849117618158,0.0006657955721348805,0.019659327994709697,0.047107351535472276,0.00047210256076979785,0.00018210472276022422,0.015201720645772542,0.038197510660584764,0.0037648707305914177,0.0013449508025334738,0.010055586841140102,0.023017749023550152,0.00804792292509265,0.004440864518120273,0.010584179209849415,0.032202201327482874,0.009782678112610011,0.003736513361718109
668.5160494659092,0.006053294673678519,0.0649475860398941,0.0009647014949288508,0.0006702468901582081,0.02062535717080356,0.04869447245331992,0.00046141343047650165,0.00019586834106177247,0.02387302400597173,0.017931071375572465,0.003707539001229599,0.0013394600339207649,0.00846727777710362,0.023339274151205396,0.008063943502464225,0.004382689431560251,0.010467412737474549,0.03214902642484263,0.009773691901836131,0.003734188578883628
668.0694789585839,0.005459276033955298,0.06435955937923273,0.000982638076716089,0.0006778087023564523,0.021570392385983916,0.04714986373673176,0.0004603323985368167,0.00019294727434812552,0.007738967440761957,0.0390273284299647,0.0036925290497609874,0.001360317236650342,0.009020966766794234,0.02316449103874686,0.008023923847105067,0.004440673834068713,0.010496140552471445,0.03211761699047882,0.00977083037301923,0.0037288425350539825
667.6235046735649,0.005749712173141525,0.06455354076441061,0.0009866844607504899,0.0007229990155406273,0.021586061088786804,0.04693005344895892,0.00045571105293286575,0.0001951905133139358,0.0068338116688134816,0.04080098687596619,0.0036724680032174193,0.0013347126383117312,0.008727036233159409,0.023671045915592975,0.00802860267311492,0.004451438964402799,0.010539837402877299,0.03205120047240615,0.009762383102555703,0.003730182253686397
667.1781254176118,0.005602654386029159,0.06437211107577467,0.0009943023932961,0.0006862872502876442,0.02019971142198367,0.04538161789816636,0.0004648286029623274,0.0001795365421767235,0.017834246249787907,0.056154832334264194,0.003749080285422147,0.001218248245126998,0.008759540571602817,0.023504124274234213,0.008023744159779675,0.004408176299848274,0.01049464690976208,0.03211769829262036,0.009758479732233866,0.003726054073731957
666.7333400006668,0.005721449272782537,0.06447582582557868,0.0010106051556630728,0.0006690764618954063,0.019313967666656322,0.04806470768646658,0.00043861446312887215,0.0001815485000585674,0.025104712790915452,0.026654600825506785,0.00358685787344745,0.0012657116940316346,0.008841006335263961,0.02405274735984299,0.008056359054305885,0.0044149053427580505,0.010470043751924299,0.032038428909372925,0.00975111121560989,0.003726714645921835
666.2891472358428,0.005499462384574528,0.06401016030410513,0.000977476503604255,0.0007143372616465101,0.02203780955567186,0.04706107624327667,0.00046541856804896344,0.00019923133308728732,0.013178250966970942,0.041774139052546705,0.003699323706000297,0.0013158701867012714,0.009307823301651589,0.023354441638459195,0.007972754010510568,0.0043571252102676365,0.010508499497806816,0.03205733724179872,0.00974937965800289,0.003716882735699142
665.8455459394143,0.006496185652320633,0.06500007810154128,0.000973674420062969,0.0006469979782554914,0.019048777923524905,0.04639726733329563,0.00045355712463057224,0.00017651241396350584,0.01890924495571544,0.042233620592044704,0.003626034698415553,0.0012526720035406973,0.009954702230858023,0.024958624576683023,0.008013676097395282,0.004387229649274515,0.010511052571531204,0.03194665159405951,0.009737330944346746,0.0037202642652783813
665.4025349308051,0.00606230571848003,0.06500831996714417,0.0010153469105544245,0.0006794212659568095,0.02163600681411271,0.048194924968283495,0.00044769466377579805,0.00018376828946646727,0.021838665345892433,0.025045657564963297,0.0036903931020171436,0.0011835386211368922,0.008551260059061093,0.02451798042569834,0.008060839677421274,0.00433248868625474,0.010454160667286673,0.03201383645103652,0.00973439101180158,0.0037199552309122312
664.9601130325799,0.004674515231289424,0.06439369590235969,0.0009760710898765346,0.0006727607869753051,0.02197785611992372,0.04570434888858535,0.00044409159615516866,0.00018623941451521769,0.014568137776916804,0.05101372430470407,0.0035539323228130876,0.0012840354708581624,0.00988554193959948,0.025858730562407024,0.007991376155496926,0.004389820809666851,0.010461273085831857,0.03198523181383032,0.0097278136112189,0.003713446518755967
664.518279070432,0.006325567966929754,0.06372654795731353,0.0010123139218575958,0.0006696922652593521,0.020564016899868292,0.045853774671891376,0.00046032077354401005,0.000195499673433659,0.0089455160397712,0.0484364930271898,0.003693800411792205,0.0013664968565881557,0.009304776167071984,0.02491143300965958,0.007943407281184988,0.0043954487697935385,0.010479592557412059,0.03188673870393698,0.009720318109135245,0.00371237373366151
664.0770318731741,0.006617616666171652,0.06652683999224336,0.0009743147885934494,0.0006957163295349582,0.020214307484456302,0.04499648847191387,0.0004458897359239551,0.00018813090459866497,0.013160166477365941,0.051605499771263566,0.0035702332957262776,0.0012630197402864417,0.011052336231524955,0.024554324629645293,0.007994900278598909,0.004362220514035441,0.010630917711456495,0.03202944276659869,0.009716427823503031,0.0037095724615645725
663.6363702727274,0.0032660450589534033,0.06428009551200271,0.0009824716976943224,0.0006620864504129544,0.01970778410851992,0.045629408117927005,0.00045305322665310305,0.0001982191372625084,0.019802703579619944,0.05094963070555039,0.003643033880477016,0.0013637397434530405,0.010542930983568328,0.02368715275172878,0.007991040191626336,0.0043397398504631665,0.010307239299747285,0.03195589116548821,0.009709827714969914,0.0037074004790456135
663.1962931041115,0.0056649158682229965,0.06104942510183393,0.0009835286686751279,0.0006743241836346751,0.019131990886834153,0.04792417948036861,0.0004512738184965989,0.00018846975424120102,0.022067018796790672,0.03344327525597428,0.0036409541466659334,0.0012951892998455418,0.010722338902988085,0.02443509318968472,0.00800816768583177,0.0043606928688043976,0.010470569001310232,0.03177988244298286,0.009708678748941022,0.0037037653784006263
662.7567992054342,0.006324672214975733,0.06376893224836316,0.0009789678332428058,0.0006665310964851461,0.019952337490777954,0.04705303893246462,0.0004568514860759033,0.00018740541283957652,0.010226548547784495,0.03313294048192403,0.003720318191059766,0.0013153768008841462,0.01059040682949056,0.024557334839886414,0.008019169844920735,0.004389264853752584,0.010543986645571896,0.031895075858248224,0.009693024496082578,0.003693445924299854
662.3178874178809,0.007864285818482199,0.061374885281069894,0.0009880022486923067,0.0006711740345007074,0.018963929198901563,0.04772663078404134,0.0004519070204225313,0.00018024544585667959,0.017989236996459088,0.03187794131840409,0.0036331510064216213,0.001267583722200593,0.010303001020903526,0.02481093689530474,0.007962530506481729,0.004414560253465617,0.010288769498704262,0.03195666331940107,0.009687384174566716,0.003704532623283732
661.879556585705,0.0075500140561152165,0.06046062948139965,0.0009871377651347855,0.000659158188842858,0.02090148075836776,0.049303535873194686,0.00044840514204284886,0.0001891972337359025,0.02574187927311566,0.01854786645241213,0.0036151800888007775,0.0013039555074583955,0.012659371563168242,0.024419986243116816,0.00796437759679003,0.0043563224222313,0.010442093337546986,0.0318130567343575,0.009680591860279322,0.003698335078096627
661.441805556217,0.015721660009473577,0.05879608546909033,0.0009816996210870398,0.0006554902975054006,0.01952532572005709,0.046760316438209396,0.0004531540189019193,0.00018672412699857435,0.011941289260502792,0.05128987812508922,0.003630778914299753,0.0013149131071251866,0.010228608005823526,0.023781532110165475,0.007950970105270119,0.004366258951055319,0.010388119440063934,0.03185035295347373,0.009681938139487742,0.0037027676576454655
661.0046331797754,0.01589277254145909,0.05749759328339876,0.000968517074909709,0.000644431425288282,0.02242160324440669,0.04866343454130329,0.0004535219042179674,0.00018699570959436113,0.02397893523800251,0.04089942967188964,0.003637658803488205,0.001363599263009499,0.011526145681350783,0.02354713747792178,0.007965017348356791,0.004408981969476446,0.010475151157832652,0.0317047465517886,0.009677114874443398,0.003690659847266196
660.5680383097755,0.010854942282570036,0.07357204853822974,0.0009676949100464702,0.0007348490040737405,0.0229152257055014,0.04700031924853897,0.00045543689446196184,0.00019520808522078062,0.028630670870891377,0.01587154884087862,0.0036091224374717825,0.0012588891188961323,0.010842795497026119,0.024986916079099215,0.007931304211530885,0.004375564300099627,0.010441851060991679,0.03180092721122876,0.009667802599100533,0.0036915020542827833
660.1320198026403,0.015983826940520654,0.0666712058283472,0.0009607940101779799,0.0006878323535539404,0.01976250811367766,0.04532969458968336,0.0004553991613614258,0.00019447064002955632,0.015436750434243906,0.05108366646669535,0.0036272616288012247,0.0013290150219201948,0.011084449445464101,0.02273153410892418,0.007932016251248042,0.004359417639174934,0.010421694374670037,0.031777584483837634,0.009661722260702298,0.003683810310092579
659.6965765178102,0.019210616746693273,0.08226188695848013,0.000976954517351762,0.0006747987849799525,0.020861225423314256,0.04293998683501216,0.00046037777194977563,0.0001865876175658714,0.01626195454836839,0.038468136655195634,0.0036455893571736165,0.0013487921286898783,0.01275010628408838,0.022083758641574386,0.007878936185748697,0.00442504938405062,0.010428124660000948,0.03167763684363447,0.009656302831597957,0.0036879840307493003
659.2617073177324,0.006517830916718106,0.06243151385524371,0.0009920219656106015,0.000645938409717431,0.02396354513070371,0.04888672353189998,0.00044191663094137195,0.00017331271630237116,0.023985646228495625,0.025207096247922025,0.003595144272695352,0.0011739669576675937,0.01140576615800862,0.023139450508071924,0.007965071670983915,0.0043232936367448,0.010592309760553694,0.03184769561954675,0.009650078892741436,0.003684352591035833
658.8274110678526,0.004116637188311743,0.06657371604137075,0.0009447138809854686,0.0006622495411228306,0.02223592312662942,0.045257444886913197,0.0004447925385406195,0.00019882127302455908,0.012576897511757881,0.049254556446732566,0.0034997247260684233,0.0013875396931139349,0.012041083247430558,0.02234788386880128,0.007892357460922159,0.004347992039182244,0.01025089721979808,0.031859861972117126,0.009643640236260532,0.003682562302451574
658.3936866366031,0.005787768778577337,0.057471222411634215,0.0009623585952883552,0.0006757229770748841,0.02215220623614352,0.04744122563263193,0.0004615669192837802,0.0001882699606515643,0.002432292278368277,0.043269426792099275,0.00371593754057551,0.001326606744467328,0.009595683297116915,0.02266387623701525,0.007949796991882462,0.00436243298922797,0.010271810703339062,0.03167807463610395,0.009637212716648825,0.003676896356629511
657.9605328953949,0.00930265552433535,0.0629068716145142,0.0009668087193167964,0.0006629729333919433,0.018673569780183537,0.0457046374620534,0.0004414439059143454,0.00017638453568303837,0.013765178238701374,0.048436866858013,0.003544135591152686,0.0011732712583099507,0.012404251286134817,0.022480182953467234,0.007931777302756692,0.004308802898975677,0.010486017398667,0.031666714749146424,0.009633047080837115,0.003676924265099536
657.5279487186062,0.0032683554773486013,0.06497924045407306,0.0009749316326334187,0.0006745129742102909,0.020792120514820767,0.0484878021364093,0.00044038728146062286,0.00019568210472945428,0.029048511385146216,0.011832830208025322,0.0035540597530507017,0.001338821687521161,0.011273747903863826,0.021459610180538765,0.007934407969114377,0.0043320537297881585,0.010207122683373458,0.03172470993055238,0.009626382530486633,0.0036774429381990874
657.0959329835744,0.006301242330375405,0.061344446799114466,0.0009758858669386161,0.0006597945018192961,0.023233505381061326,0.046370531092742945,0.00045608749464425897,0.00019779484408768476,0.03400416274337568,0.06133807435523761,0.00365193385762637,0.001423842972055502,0.011722992963569974,0.020497528058465136,0.007898186765055805,0.004377583886539608,0.010484226288545272,0.03139006111898137,0.009620581584599283,0.003673016738501493
656.6644845705845,0.005836213983321024,0.06495002244861882,0.0009715697498708132,0.0006631950863423709,0.01969605628435713,0.043475313254294205,0.0004535886766598521,0.00018536934493792353,0.03025411945768493,0.07005778792091011,0.0036748078409083104,0.0013250508921377026,0.010910944980883396,0.019107592936055812,0.007944006031686717,0.004360816587242579,0.010551426799805905,0.03176724222069764,0.009617438397637908,0.0036699528003545125
656.233602362861,0.0035655903602461003,0.06308885461912286,0.0009781306571093895,0.0006628875927466761,0.01875108637329481,0.046597911428484996,0.00044977279443002245,0.00018622192407766202,0.024000721085138527,0.0392945179245384,0.003625701883975509,0.0013160663498917697,0.01139652529108425,0.022485297719810594,0.007905389469886009,0.004348789948791814,0.010222764184917901,0.031805367793422315,0.009608934503177818,0.003669434256229856
655.8032852465575,0.00446797716881922,0.062421031234987635,0.0009686381518261635,0.0006619801399956036,0.020083798550030056,0.04829379007294273,0.0004332704117709956,0.00018423678115668516,0.02376021343926307,0.018070700277195175,0.003473753219812942,0.001273282478674947,0.010091137199257976,0.02156039911236649,0.007909487427144172,0.004313377743472796,0.010146311792206594,0.03161709158822871,0.009600696990808193,0.0036663174009328044
655.3735321107471,0.00647048397137298,0.06072544787538463,0.0009733630654657802,0.0006601325914170913,0.021153808885877423,0.04741280430041557,0.0004489937471881308,0.00019198542821900457,0.013190859933757121,0.03570929339327119,0.00362493590315264,0.0013592943380960495,0.011023146734251187,0.022112039632248868,0.007912306685369078,0.004316816603842135,0.010306256385997142,0.03145117777485318,0.00959810061208039,0.0036637082340518143
654.9443418474133,0.0074794722565744405,0.06302958000892948,0.000971868233833792,0.0006662554082154678,0.01999891360222898,0.04676261512081029,0.00044499011555411465,0.0001941278100944497,0.007511624086930733,0.03376095422431575,0.0035043415502812327,0.0013311231916129675,0.009390423287215696,0.020639076456032964,0.007809147200190155,0.004318262994814863,0.010261989876954106,0.031395677625207515,0.009591355513148062,0.003664590979954202
654.5157133514399,0.0069190586693087695,0.06307499429120537,0.0009739069564081726,0.0006679287395815303,0.022036103222206362,0.04695847667782629,0.0004451687733160391,0.0001921892288679315,0.023569425169014804,0.04326527368388311,0.003571971006661102,0.0013778536715133725,0.011618750608901314,0.021337098005914695,0.007876677918982354,0.004357579154301374,0.010336379653712563,0.031582446539421084,0.009585709023928204,0.0036597174896468325
654.0876455206018,0.007071767359525313,0.06420909614002561,0.000976614267613771,0.0006571340072842251,0.020365743265556575,0.0440238212858356,0.0004514153910304927,0.00019236595231840142,0.02073937854242633,0.06254186165081033,0.003649016624625242,0.0013595265741353929,0.009019233786955905,0.02016413899424664,0.007883282760445347,0.004340784170289382,0.010159144188520524,0.03145362465864891,0.009580292812100042,0.003658036343554632
653.6601372555556,0.005881681552610474,0.06305290325046935,0.0009757652217900653,0.0006590695694508991,0.020067191890588296,0.04610508639452419,0.00043867047402514384,0.00018881605985440799,0.00268107860114947,0.03920746294604414,0.0035467814853991754,0.001317558681604935,0.011404298862019104,0.02205828521875844,0.007882483852056088,0.004336770476775692,0.010263220604876635,0.03133404705087102,0.009575251993485143,0.0036557946613500216
653.2331874598303,0.006949598191637033,0.06379754457113354,0.0009716617459694602,0.0006554509380005931,0.01929878882757067,0.044857000807980184,0.00044399438882682254,0.00018433509477346435,0.015459422166084594,0.05138110036265124,0.0035897831237444674,0.0012754189453810668,0.010052359625774063,0.02154447686112678,0.007897725849227148,0.0042974518075153,0.010343002842062207,0.03115462887117344,0.00956974725592247,0.003653321369908453
652.8067950398173,0.005815638690052115,0.06392482204808526,0.0009755430237297503,0.000659072399724399,0.019874228787514436,0.04805815394770131,0.0004447474489839956,0.00019547228394727395,0.026619812630640918,0.013948693015165384,0.0035673454833833177,0.0013995198206110668,0.010643870030256807,0.02197586313084954,0.007841471000078246,0.004334621506727891,0.010645258437491758,0.03124883821162788,0.009563365534104475,0.0036548406442533264
652.380958904762,0.006354602232405555,0.06299559981364079,0.0009721076079318037,0.0006557389113007748,0.022943203709821152,0.04495160497482126,0.00045789748082263347,0.00018230981759332547,0.032824338919031214,0.06406939974137743,0.003674304098904549,0.0013348437053664866,0.010087906755854109,0.021224617660648346,0.00785898855537455,0.004325633339409317,0.010518673987806726,0.03162843630770969,0.009554609039034117,0.003647673972946025
651.9556779667537,0.006667746452049384,0.06362578303832474,0.0009676020257408177,0.0006608903075494353,0.01773466599031243,0.04377286128396883,0.0004344063739751479,0.00017349767891807936,0.0374070713530752,0.06822804073613119,0.003488075260798917,0.0012090302649811076,0.010056658087957986,0.020920021971451694,0.007847987913724819,0.0043144031499281815,0.010190358331573703,0.031526592189306986,0.009553230023571148,0.003646679458127229
651.5309511407168,0.0063527727224980705,0.06359049000780208,0.0009701586500356948,0.0006579729159074301,0.019733032777322208,0.0488700127987477,0.00043359439709035873,0.0001928896250888508,0.038064467200382986,0.0061804460937872905,0.003505561041501863,0.0012967141076179701,0.008091531749566247,0.02181148112317469,0.007856243416506967,0.004269752874984926,0.010458921625895347,0.031443178322616464,0.009544939256748333,0.003645348338806477
651.1067773444012,0.006498229371926595,0.06368223419334564,0.0009682336328142008,0.000657617494089681,0.02310591742285746,0.04478740770732862,0.00044652820271174286,0.00018936273689128326,0.033908701298914545,0.06318102463385294,0.003590338221370037,0.0012816368509929747,0.008318983329595986,0.02220003121794037,0.007852998387218464,0.004251720472748217,0.010250498060452915,0.03158373240427908,0.009538192471485974,0.0036431093561281667
650.6831554983735,0.00617397720234014,0.06359415353518746,0.000968048804243325,0.0006537302677840512,0.018186366579928958,0.04321080930901562,0.0004387296424448881,0.00018125390717465913,0.03996843077339986,0.07181697975716106,0.003510055880832426,0.0012468361124268182,0.009330762836373907,0.020905769485943703,0.007824361168400846,0.004293858993228597,0.010149100295725794,0.031292262905840716,0.00953485709718431,0.003637650920055124
650.2600845260079,0.005848699422373693,0.06357996710080512,0.0009689939191794982,0.00065799141727216,0.018576727423128162,0.04818384544742316,0.0004402781086272048,0.0001932724654584315,0.03431172668356535,0.018759892440286374,0.0035146906591895003,0.001294717014998853,0.011737192784584696,0.020951143254620802,0.007810979882320954,0.004252025313988424,0.010174590113368753,0.03128152436294393,0.009530499280160832,0.0036389674157869616
649.8375633534763,0.006059757390831031,0.06346940673369647,0.0009657181495751963,0.0006564435998281958,0.022239008622974545,0.04622793669185889,0.00043957450262762363,0.00018704478424906842,0.024376620651609754,0.045806653562227524,0.0034867052640108333,0.0012470352235336222,0.010776540589964648,0.02134155225794907,0.007779185699012155,0.004239318416997248,0.010245155216978049,0.03124676467053304,0.00952273128291091,0.0036353820691128152
649.4155909097403,0.005783048929836411,0.06333228494420493,0.0009660345809238284,0.0006566169019179326,0.01983148213199147,0.04490881599579234,0.0004339287181050301,0.00019493859306769483,0.009154059383661591,0.048172845812171454,0.0034949395231631737,0.0013843940797467064,0.011984767498458705,0.0217761328656363,0.007837921462899243,0.004319946069122305,0.010275209881555896,0.031333220828492526,0.009519330552611185,0.0036339077231741655
648.9941661265412,0.006104971760155827,0.06314184936362696,0.000965026097322619,0.0006544210691107071,0.020741329291628335,0.04607781506716422,0.0004533318126904489,0.0001912022670160547,0.007793882918451247,0.03593704846786882,0.0036437214870741795,0.001304989523450619,0.00877762952318482,0.022832979054464318,0.007818452587225104,0.004246431997129395,0.01011138725705449,0.03141058472886978,0.009511746513020464,0.0036336959137847516
648.5732879383918,0.0059558319505325094,0.06325976052878537,0.0009649863841049238,0.0006558652528238639,0.019526993016839588,0.044689463061064943,0.00044510711865859427,0.00017687422012554522,0.013742240170994862,0.05110110648986838,0.003559623462348041,0.0012406575927344495,0.011012276372263763,0.020346626595099986,0.007789263142685795,0.004308085731691861,0.010192423778134403,0.031166922698136965,0.009503316544724489,0.0036282933540817785
648.1529552825665,0.005830000337833559,0.06306943373468372,0.0009629200817282827,0.000653360191280738,0.02005217138530807,0.047694471132220036,0.0004402968645668809,0.00018563059198474128,0.02361300604035694,0.015643338913320513,0.0035264160486375975,0.0012707743075974329,0.012259587005174178,0.02291592405813449,0.00779804449145417,0.004284014012436721,0.01020450080399308,0.031408180461810736,0.009498113439729441,0.003625394468896076
647.7331670990934,0.006032245389970711,0.06317480641349386,0.0009644993006623047,0.0006600213653542567,0.023166106069780586,0.04483298182685007,0.00044124191844669976,0.0001850798355115407,0.03669214156002814,0.06511216394923756,0.00354766296403561,0.0012759741187663885,0.010914647640911435,0.020764710131030636,0.007807968425777714,0.004265319287010031,0.010182474302803852,0.031124326369429033,0.009495809662590624,0.0036217302024410224
647.3139223307444,0.005839340593908648,0.06315501732088882,0.0009636198784965023,0.0006498051958855105,0.018694077551579678,0.042082381669347135,0.0004391726727493237,0.00019098952604556165,0.0436147237731856,0.0789668585773558,0.003523583918683224,0.0013807445150270283,0.011014568145258884,0.022915190868088665,0.007808607161477392,0.004294282768711594,0.010272314162549579,0.031180865294187152,0.009493300046916885,0.003623780020008238
646.8952199230273,0.006058909013805646,0.06301965724640544,0.0009606149962498084,0.0006468552960066321,0.017378466852542997,0.04751825214700588,0.0004461734271897476,0.0001776134936342732,0.04002760631176019,0.03290867842588508,0.0036207211775591184,0.001162948417562722,0.008293774952408557,0.021030390046302794,0.007817919748724115,0.004215406613233696,0.010176080191633895,0.031142911246084322,0.009483134872313633,0.0036219094423236625
646.477058824176,0.006436013434261371,0.06299834689630326,0.0009667785187350861,0.0006440016544394677,0.022326134142205772,0.04645896581354163,0.00043443344016342916,0.00018804712707371955,0.031102803463757274,0.04357420290897319,0.0034914421080296416,0.0013668207150496188,0.01324512763807297,0.02472558792203461,0.0077883697689973535,0.004319454513378558,0.010228676853988223,0.03107226432282741,0.00947873166819484,0.003617916377775388
646.0594379851422,0.005256218459289177,0.062228154243216864,0.0009619019027877502,0.0006397324586466457,0.018962721657551942,0.04181276351052548,0.00045877446601087297,0.00018341815160807082,0.044471402138997806,0.08055497231882312,0.0037092891304322763,0.0012519034970080445,0.009634932720035174,0.024748260019894018,0.00780152792154257,0.004214841910506149,0.010240670601781845,0.031101856161584757,0.009472312925255681,0.0036169689987491094
645.642356359587,0.005485650945859594,0.0628141608450381,0.0009736854360699775,0.0006903889727152113,0.01532285914815195,0.048525257644390016,0.00043864935977042894,0.0001826431899133182,0.06746062226178685,0.05415402780281358,0.0035558820912784225,0.0012273468490014512,0.009187500410868101,0.019665806077938955,0.00780352057892608,0.004240094116579636,0.010112362499044526,0.031133981851625702,0.009467132836441917,0.0036157988104535423
645.2258129038711,0.006148018011506755,0.06282874535160125,0.0009617264724022048,0.0006560733556571943,0.022917326352661794,0.05016049148923785,0.0004423677384728573,0.0001845753767687172,0.06180253913933139,0.039750472700706335,0.003513614261335401,0.001262383237338726,0.012757745610688443,0.022599796464396343,0.007739961879330171,0.004245827733830499,0.01013135839186252,0.031123902322864678,0.0094613701467289,0.0036151714366854876
644.8098065770472,0.005431285831569338,0.06338438610838311,0.0009671944002245101,0.0006572845842545635,0.02193251957709296,0.04468638838429446,0.0004318546786320222,0.0001600450333385676,0.01964134639434592,0.05153388667123879,0.0034686154802401246,0.0009753173464744928,0.008296435530297097,0.02364548408975363,0.007758097686938543,0.004179081667150219,0.010139896451235787,0.030958233973528516,0.00945135626212139,0.003613423403596001
644.3943363408506,0.005132795897923795,0.06231279317650702,0.0009641115126769336,0.0006545024343282424,0.021230307912929007,0.04794424422073958,0.0004039827560115962,0.0001877836821921872,0.02950785274797371,0.021207167879233376,0.0032248864023204375,0.00134031712112314,0.010635272137715581,0.02102676629318383,0.007750962535670066,0.004293845075097268,0.01015637103278641,0.031019612278603857,0.009445459352546419,0.003605812661218165
643.9794011596911,0.005640504679864313,0.06262897689021693,0.000957004723553884,0.0006510412161354559,0.02528839712493725,0.04427598753155121,0.00043982676706868726,0.00020180676561256552,0.060798270014895885,0.08571732649936954,0.0035422699143861248,0.0013966366824347928,0.00983843068760845,0.023100822530977717,0.007768892321943797,0.00424492460934504,0.010188498166145813,0.03109190148426335,0.009444846461307947,0.003605570134087012
643.5650000006436,0.005532486774438483,0.062235110929119625,0.0009598933535610106,0.0006546570936805801,0.01942394167996269,0.040230053066060284,0.00044125331343618284,0.00019261641620960045,0.059649425254140874,0.09813391267173989,0.00353805831287894,0.0013378016679249601,0.01300916476246403,0.022040549199279988,0.007756037537411448,0.004242574013882702,0.010292400271971605,0.03103921690695123,0.00943527605689548,0.003603431013676082
643.1511318334407,0.006070905615773351,0.06261552401479936,0.000956255978399815,0.0006493106354252103,0.01620135259580402,0.04604815525063757,0.0004527205078527925,0.0001827020908935418,0.043989567626743255,0.047475119313180415,0.0036422607354087053,0.0012608468040368138,0.009563735720324065,0.022716310033491453,0.007769378736688362,0.004213290598435644,0.010223817123960593,0.031023905371677863,0.009433088293468965,0.003599249482264714
642.7377956304629,0.005735761988501128,0.06265656363402541,0.0009600645365177564,0.0006514322302723338,0.01949976478147719,0.048352364520756135,0.00042522709583704633,0.00016975924578147345,0.037142853316303424,0.0018690047057530394,0.003375679825310566,0.0011979596019093897,0.011344692171562976,0.023019800386970702,0.007729926267065688,0.004245718906307385,0.010231617305279222,0.031040842232637512,0.009427633674535382,0.003599306173476375
642.3249903667311,0.005880579905331225,0.06253220699581583,0.0009596075045580072,0.000647351377420172,0.023703765598716703,0.04830275739979333,0.0004261564021893769,0.000185547396186828,0.05085937146582709,0.04607957378647568,0.0034313642193483478,0.0012647460444351068,0.007363482638397788,0.022775467147925006,0.007738359956765287,0.004219925002267718,0.010020950976291118,0.030994736560918397,0.009420374341365612,0.0035968600329809976
641.9127150198974,0.005848895137729391,0.06251369993137496,0.0009576203546747399,0.0006500466177975616,0.02438758202954327,0.04319250278325329,0.0004158219101723728,0.00018038168252806994,0.056241774646739226,0.08681824143733666,0.00333538840457146,0.0011976829518519966,0.010788811823304437,0.022095648507523616,0.007743006155207771,0.004218918094680152,0.010029242577137627,0.030845481952287805,0.009417785882614913,0.0035952596807101297
641.5009685702374,0.005695583216400604,0.06264137716348624,0.0009576158498493083,0.0006490159932590729,0.021973276095718874,0.04210635734177209,0.00042325022990055006,0.00021181400834492463,0.04061507102403768,0.08005122180444478,0.003365813705817944,0.0015055601692179291,0.008278033605424846,0.020690745288711565,0.007718141071948583,0.004201947869679907,0.010090621523802558,0.031007530061425134,0.009408520852438722,0.003591889552966304
641.0897500006412,0.0058356116585205646,0.06242876685997408,0.000956966252170284,0.0006479706851542808,0.020701182274235733,0.03910924122581538,0.00044309135370586067,0.00019665646285085727,0.06820421006716351,0.10842711515094824,0.0035402469320762486,0.0013775984463389396,0.012390992972134841,0.021036647084982558,0.007705428387615994,0.0042029777450864085,0.010214945788644311,0.03099346341760659,0.00940671121775754,0.003589616736497599
640.6790582966048,0.005940428324896379,0.06245559358336033,0.0009546251748648658,0.0006486454870136385,0.01348801214778519,0.04463679102353999,0.0004349692164019043,0.00020113334645186222,0.07282289799680547,0.08254023630421946,0.003485227432552473,0.0014293562855609413,0.01086162634559706,0.021801778244162153,0.007711036440337219,0.004242353010102847,0.010275965957700153,0.03094065044064007,0.009399594064862704,0.003587882624520341
640.2688924462229,0.006666244394593969,0.06210064334261218,0.0009552178404746527,0.0006495950692998601,0.02305212107043034,0.04877380174742812,0.00044258183119430967,0.00019414302794906133,0.055853841841023946,0.041611468561446006,0.0035402846508231756,0.001326887602476678,0.013162411435247124,0.025391850195643054,0.0076918207580204,0.004231045173738916,0.010057701547546656,0.030878238268330117,0.009395503040962282,0.003586619915180729
639.8592514401793,0.005628562782418777,0.061414703849192606,0.0009540507997758936,0.0006476178222288212,0.022871774067549762,0.036519420658579174,0.0004507213646586624,0.00020624456942518115,0.0950805387241314,0.13632950352670506,0.003717845506630345,0.0014075759950479146,0.006007728598729981,0.02231827759589003,0.007796982303768601,0.004201955656101801,0.010082743243308838,0.03075042108347496,0.009389749329810244,0.00358647099849997
639.4501342717392,0.0066082814974986895,0.062057811176856145,0.0009537305838679428,0.0006474996168506548,0.010700896585200815,0.0434230436374231,0.0004731937950691294,0.00018382866669311023,0.11043231476121469,0.12029729405766079,0.0037969546742496123,0.001262124899136448,0.012056886250202205,0.023122118393641443,0.007707367825396362,0.004214412990905748,0.009937087276844631,0.03086645907963787,0.009383537811589175,0.003586426139285469
639.0415399367413,0.0061067785057383325,0.06234592262551259,0.0009532085877574926,0.0006472734483105527,0.016230664452707416,0.05004706727195102,0.00045835271395569175,0.00015853139701913057,0.07684417133989407,0.049190423670193134,0.003696007355454258,0.0011071799026924239,0.006981527822861798,0.01958584274457111,0.007714135479055618,0.004203595558103427,0.010116395765691831,0.030752089907788365,0.009374562135452878,0.0035793091535489484
638.6334674335889,0.005869676331975028,0.06200052871932198,0.0009516358335107622,0.0006471184505140124,0.018768273950957058,0.0487992638798263,0.00042550234897753157,0.00015979960453500766,0.048520607807262146,0.00823441852138154,0.0034403398366628056,0.0010867190639175855,0.014358040011932438,0.02245692775155282,0.007721724220974657,0.004233108184553899,0.010127029518220068,0.03077119138761671,0.009372836247607964,0.0035777771580179185
638.2259157632419,0.005903420876145547,0.062194569760699564,0.0009513684020913845,0.0006473815887395156,0.02117948212279617,0.04843277656923771,0.00042799590951865,0.0001754277876210521,0.042977390059386444,0.016352171902933497,0.00351443022072842,0.0012005754246611612,0.0077414226875137685,0.02179630828460716,0.007763263436892764,0.004217349479407428,0.010047820610400545,0.03075920785930351,0.009365605314147487,0.003575805560231456
637.8188839292093,0.005921279612880988,0.06211238501588712,0.0009517485628044607,0.0006457262641397262,0.02059315632673274,0.046391012958706054,0.0004214201646266153,0.00016922888291776088,0.019253998286577957,0.027870920831327996,0.003335166354408384,0.0010840110498448162,0.01261562248489416,0.021772121424960586,0.007643243603628629,0.00417394527740497,0.01003060630216942,0.030749657373189125,0.009358673151424737,0.00357517911235406
637.4123709375399,0.0058086237810797015,0.062163530357087673,0.0009490161058920171,0.0006459254143901719,0.021903406333536424,0.049010365209772935,0.0004256799428002362,0.00017813658840901028,0.04896222698587772,0.026367896127092685,0.0034648052029918083,0.0011669032344747469,0.010148759745650302,0.019495305260055495,0.007744155901079446,0.004147546978637978,0.00990400869815579,0.0308483863499867,0.009355875012615656,0.00356782216036989
637.0063757968153,0.005756018056515169,0.0620639422144333,0.0009503083009400032,0.0006467253385419467,0.02610322080561885,0.04431409931629984,0.00041065831233873576,0.00017385388317123557,0.08185081941092699,0.10046365395447045,0.00327314027139856,0.0011735400446696398,0.020401887474896067,0.024323818972448653,0.007659219314504027,0.004229220323770834,0.010097764045395932,0.03090526253843882,0.009352049876985237,0.0035709575122765936
636.6008975181414,0.005899947632348589,0.0621786702039565,0.000950500071980981,0.0006444434777926962,0.019284566665830227,0.040334716565073356,0.0004137148201698957,0.0002075509462516639,0.04549133779636116,0.08410732915018343,0.003321872870230543,0.0014300775676575072,0.015777896300892307,0.02766641094826803,0.007667902153348464,0.0042096950546040915,0.010056992981493583,0.030727071819614177,0.009342457713258822,0.00357063462592125
636.1959351151401,0.005756210989219781,0.061888885210748056,0.0009486364104068531,0.0006438748386980006,0.01905719940718389,0.0464072137680229,0.0004348504148675631,0.000208500367139124,0.02995473816034099,0.01026959427201847,0.003430612565778369,0.001415165460792404,0.01785190469296414,0.03346659627576893,0.007610419542051722,0.004179309616043405,0.010052540536356881,0.03064748869651993,0.0093407399739465,0.003563533236839277
635.7914876039416,0.005617040153325482,0.06179849425732824,0.0009485460652993049,0.0006437449883642721,0.02131347888374003,0.043101046896837816,0.00045345930379369156,0.0002032972346398626,0.015583479920704791,0.05462946741980312,0.003655007972683294,0.001384480848677106,0.007870438241863318,0.031047724762733934,0.007677886492288219,0.00416481027932879,0.01007184819342222,0.03070002869999086,0.009331640894590792,0.0035664090588676113
635.3875540031767,0.005961763742489509,0.06198475960915387,0.0009471395973468104,0.0006425977386189686,0.018352341317521306,0.045585693059109283,0.00045376012865280807,0.00018248275476404077,0.022595141073605135,0.029979462418672075,0.0036517966285393214,0.001291232604832605,0.006572437353166559,0.023594988922039838,0.007680899602877963,0.004208327874541869,0.009995108400205985,0.030585280865682483,0.009325041722853943,0.0035611551760302528
634.9841333339684,0.005616596480962766,0.06164250757898354,0.0009469118665732417,0.0006427282657748723,0.023870579754263193,0.04479525361933096,0.0004484011201357087,0.00017129515967495768,0.040702348189552894,0.06271393010632258,0.003630325036665535,0.001145212415521005,0.0024037165066565975,0.022301172131302945,0.007680728498899309,0.004160857261430184,0.010039438723939044,0.03060608751558087,0.009320079810751425,0.0035565701601803445
634.5812246199239,0.00551038513242095,0.061691062693821345,0.000946632018594654,0.0006430785032758858,0.019109478086300622,0.040206526486874145,0.00043146672157564963,0.00017125029580432677,0.053471403267713206,0.09198754611679578,0.003434585802379896,0.0012724547151116046,0.014742535397880664,0.018329603298148252,0.007629905280606318,0.004288048266106062,0.009955535154376827,0.030563712658659058,0.00931825915932718,0.003551313636090672
634.1788268871276,0.005906096214920334,0.06179695982231383,0.0009454687682220098,0.0006402825492609501,0.018478749098224556,0.045865842901505714,0.0004353527498628315,0.0001781937537735796,0.02507955317970503,0.02071253824317827,0.0034884289536968776,0.0011419800654655565,0.008905274580395592,0.028430674829434104,0.0076415215392200905,0.004111754742204213,0.01006602355625753,0.030677581637579273,0.009316723369511322,0.0035570616137035136
633.7769391641319,0.00566913695071403,0.06191474904747528,0.0009460186316828261,0.000641969233716644,0.021302925697288956,0.04269671535447492,0.0004271333393347279,0.0001717363337186132,0.02547402691609674,0.0641516775376119,0.0035059935206850504,0.0011482516076386211,0.0052254090894088435,0.02197609083838532,0.007716006187497372,0.004144349839625769,0.010073465316973812,0.03057617296271346,0.00930581975984256,0.0035546367811416287
633.3755604819507,0.0056015925723637595,0.06162020779989114,0.0009455192738682325,0.0006463791072857436,0.01847326424398367,0.04296255612658244,0.000426724639815575,0.00018257225953351473,0.02436919694953335,0.05843622894863028,0.0034635370400852485,0.0012267072707166375,0.008499336998508963,0.020330624244167407,0.007672858844750034,0.004164908430874756,0.010036288101091986,0.030481798222618553,0.009302183280418173,0.003553098398992978
632.9746898740507,0.00562931069189756,0.06173349530689533,0.0009455887711323412,0.0006402889345162232,0.01909176711307901,0.04313047775613554,0.0004396300057828923,0.00019162834280888008,0.018997769891486715,0.056412172282724896,0.0036002171370319376,0.0013134214057279106,0.009107162293094911,0.019379455300110565,0.007696074406023453,0.0041463651645762215,0.009946241619870151,0.03056812642997113,0.00929321229116265,0.0035477627837889494
632.5743263763442,0.005548657879157191,0.06148825714984387,0.0009431340974515799,0.0006399221220295903,0.01706761269761371,0.04444599355848181,0.0004398654134945754,0.0001737135440110753,0.027412551027363938,0.041292852811645006,0.0034934975148478192,0.0011411352690144537,0.012968389603787123,0.026558444339394527,0.007598075074114066,0.004143900452480437,0.009983791743660467,0.03052782950104323,0.00929026446960814,0.003545696590579708
632.1744690271809,0.00571444223032358,0.06153450284351212,0.0009480820932867491,0.0006380694095081273,0.020450205667020056,0.04598838068617711,0.00042913042312653696,0.00018222623659103123,0.015359353779574147,0.025018845835985605,0.003511551247998995,0.0012175360172223975,0.002736283669023225,0.021464389441457482,0.007677496885785547,0.004097229263885135,0.010073854741602183,0.030572939970007092,0.009286677826302672,0.003547340279224002
631.7751168673406,0.00557578331032755,0.06147590591438592,0.0009433606973514166,0.0006385459249323366,0.020383255514069894,0.04222776878635625,0.00043336700832279334,0.00018276145442787167,0.034731879134858853,0.07431377792416462,0.003494621182774863,0.0012879777954441748,0.018468162458972585,0.012742629361859936,0.007621737979136578,0.004215249714695805,0.009921578345477692,0.030501951402441236,0.009279234085993729,0.003546967739340273
631.3762689400254,0.0055883698183497215,0.061471503946327714,0.0009441503110138005,0.0006388748443009432,0.018026380292208412,0.04337008716699954,0.00041130621129112236,0.0001745040182972181,0.01653504650933666,0.04389219640415729,0.00321359590112561,0.001155656929488025,0.014623237505029118,0.03002998736990118,0.00754157387273257,0.004151128528853452,0.009980175262491096,0.030537384864591892,0.00926875824971849,0.0035426025071173383
630.9779242908518,0.005598898063881959,0.06142214209962608,0.0009444376993748845,0.0006390018361774883,0.018616843255825834,0.04369974684677903,0.00043085426443125407,0.00020853264172141354,0.018067273392236283,0.047521804006673725,0.0034865381646262406,0.0014623870794728082,0.003281429004592918,0.023112110366129823,0.007631978275977719,0.004138894967793922,0.009959296168882383,0.03052452078884609,0.009267656614264487,0.00353838310886927
630.5800819678437,0.005618460698159195,0.06138009547625509,0.0009410972715822103,0.000640251079249988,0.017899588280018888,0.04396423756369484,0.00044187820743522523,0.0001664060802991722,0.01833857953752741,0.04644464615277851,0.0036094552553127485,0.0011082915875733142,0.011754052028102637,0.018394032479247445,0.007653268307513906,0.0041817633664679305,0.010010797893723992,0.030396043574103703,0.009261627708906517,0.0035389057977379627
630.1827410214241,0.005593186412457168,0.061336222274036956,0.0009404128396673226,0.0006368523449089323,0.017719512798713373,0.04438201599088968,0.00040873426435304906,0.00019842752236014818,0.020477623128999797,0.03828413556647482,0.0032399360143075193,0.0014522209821485874,0.01068804786971175,0.02365207196680101,0.007608908488152579,0.00415631243051912,0.009922642622420276,0.0304138301707095,0.009255317664854847,0.003531065253498683
629.7859005044082,0.005575257701959382,0.06128885473696801,0.0009407776987255816,0.0006406719172405441,0.0178162710912178,0.04639220671388491,0.0004632225759960391,0.00018846620696624824,0.03319923829510406,0.022764555855083902,0.003811870419397064,0.0012208213679004815,0.007794136012084769,0.020506341484859223,0.007650206328080379,0.004083856644040827,0.009839721575376966,0.03034720477034654,0.009253315111481043,0.003533105053828625
629.3895594719951,0.005600336821890804,0.06125737633715499,0.0009429651971692305,0.0006389389430496137,0.02095647129072052,0.04681971972013126,0.0004143431674617113,0.00014801138895478264,0.03270739928425628,0.02502281728361523,0.0033577227371174223,0.0009706560753806315,0.012402085123790098,0.020276624555577084,0.00763837573807396,0.004151716027082849,0.009912485929918672,0.030418961982168757,0.00924633397647692,0.0035273302717431505
628.9937169817612,0.005620696525337312,0.06116579164084181,0.0009373612609026199,0.0006386500274655875,0.02163522154210592,0.044658312752577145,0.0004066459260006813,0.00020091739034323292,0.023225459746640628,0.04519688242687401,0.0032107100893307133,0.0014254385722122613,0.007645145940235446,0.022073223592258644,0.007553196029775306,0.004158934687877013,0.00992596777845528,0.03040856714968863,0.009244567952587993,0.0035282872422468738
628.5983720936518,0.005610260266624965,0.06121303036255547,0.0009359383499230132,0.0006364398372581568,0.02180793478699222,0.04237832021248318,0.00042106214035809303,0.00018578927304070038,0.03545064265741169,0.07051476502247538,0.0034181393824686706,0.0012621134401089456,0.01234584594803184,0.01896999114705538,0.007625982033537397,0.004136392033129498,0.009982762809848998,0.030420009160338126,0.009234382119187569,0.0035275501657325314
628.2035238699749,0.005511959856290627,0.06110867705561018,0.0009376970870981318,0.0006384414066409772,0.017812356842407596,0.040978437701364355,0.00041479265264633637,0.0002069748328134312,0.039211940090981,0.07510795042992725,0.003323971371214671,0.0015054167000509398,0.01146147820053852,0.02280613024530594,0.007610148291782363,0.004159157496825621,0.009961042370146337,0.030291538341660654,0.009232042844419528,0.0035250101179259506
627.8091713753925,0.0056081038618562605,0.061025646582086576,0.0009412137068928264,0.0006341223014231118,0.01739623403015334,0.04543814051160652,0.000434231900611169,0.00019678310180462041,0.030128956575930645,0.03075859533845008,0.003496505869152442,0.0013629291606862843,0.008246514556826484,0.021622621424117083,0.007583712930713922,0.004110082470085764,0.009882883064911582,0.030272901608820454,0.009226932027526672,0.0035233868837158855
627.4153136769135,0.005543214259785009,0.061079646997832186,0.0009396485490445726,0.000634331095061172,0.019287817535332024,0.044683718015790706,0.0004346308184825584,0.00020496505229406032,0.005754686729683177,0.03356412809712129,0.0035667229235175897,0.001475268643675703,0.01000723898812637,0.019786030215206835,0.007646089316699625,0.0041405751992271795,0.009832037843050355,0.030292880784228426,0.009222135303920668,0.003519007443418039
627.0219498438872,0.005571068755924873,0.061016856288449745,0.0009393500185282403,0.0006295407363887389,0.019949465905783663,0.04633397898845961,0.0004456806504523585,0.0001761919112136307,0.028638887996173888,0.016735355345725914,0.003627052111520988,0.0011658303579494915,0.01267812220445472,0.02257388253343721,0.007588209491425877,0.004138594835830685,0.009848788140685084,0.03033783801990706,0.00921566831986624,0.003521536175338045
626.629078947995,0.005561996489135359,0.06093473803095258,0.0009396108782322543,0.0006351979805968267,0.02313157050517045,0.043104513687368715,0.0004237563818144803,0.00018575127105908973,0.04330979256684067,0.06946585794978405,0.003428795191345075,0.0012568591966274068,0.009209558986064558,0.022601310927854192,0.007591320474300066,0.004120480239600766,0.009984883505745128,0.030358992506299858,0.00920900842518371,0.003515263782545958
626.2367000632437,0.0054901960869745145,0.060832299631758874,0.0009353128098444587,0.0006340207742876147,0.018774293399942972,0.041096291175731034,0.00043279030979205725,0.000183949398478324,0.03357708424532261,0.07123632706009903,0.003474972539920381,0.0012951433480788723,0.010395263055792046,0.02265534214107224,0.007554637461791693,0.00417144100789707,0.009896363404175589,0.030183853756336372,0.00920555476736169,0.0035143292948883863
625.8448122659576,0.005709077140123311,0.061121546025091504,0.0009360601845388116,0.0006331254060389566,0.019219765247513905,0.04362201466984779,0.00042754211797470297,0.00018792282167496606,0.003749941854422253,0.041322426895469284,0.0034334734380929463,0.001298175795810932,0.010073179412495716,0.022389759224939215,0.007562503844951893,0.0041101185523499655,0.00986552476866649,0.030275807210909982,0.009200424086763723,0.003511077846465325
625.4534146347719,0.0052998241017483145,0.060755908356678316,0.0009361951928614561,0.0006334843107204874,0.017823840349763267,0.04169726328607499,0.0004300844888310258,0.000178457693522616,0.03036320013119297,0.06557551587382764,0.0035224712034899112,0.0012643658482884245,0.011249522106786928,0.020664824009130188,0.007617236788645929,0.004167218886333386,0.009902648816270496,0.030244442222953003,0.00919309714157061,0.00350955163594987
625.0625062506251,0.005358964924274608,0.06044953219942931,0.0009350116665355916,0.0006349372534707133,0.01801223837425235,0.04542232099511633,0.00042360122569029757,0.0001896966904507782,0.022122379492847045,0.023834949598244497,0.003446434325514015,0.001369027490146525,0.01212220682703974,0.02154269636804384,0.007596794225362401,0.004163859555168635,0.009898262545163948,0.03029491160865631,0.009185324241046264,0.0035105452553056663
624.6720861967522,0.005882242260137161,0.06071543157050012,0.0009349337266636568,0.0006324991447942559,0.01932120775341971,0.04378089787831016,0.0004300615987205381,0.000170184357011895,0.001114342378882197,0.03945786396026713,0.0035118478129986075,0.0011633751861556292,0.010664862635427888,0.02231659292378708,0.007606144088794944,0.004145790919222382,0.010049716262521605,0.0301193788400238,0.009183634769532628,0.003504098501852234
624.2821535586768,0.005229541149045679,0.06084277874786619,0.0009354426255040153,0.0006355120100304724,0.019381801712669643,0.04575016869953981,0.0004181308000047249,0.00017850905818354978,0.021511025065602752,0.016811094262287912,0.003386234099431608,0.0012578215558541731,0.010577955538559794,0.021556373771065687,0.0075703427716308025,0.00415081483139559,0.009820189663896327,0.030024941348259712,0.00917894843740907,0.003506014324471584
623.8927074242047,0.005631928946090033,0.0599753034527133,0.0009339766518612804,0.0006324262565711516,0.022320850388988425,0.04336473516506416,0.00042181895437209325,0.00018234968084844105,0.03526801838940884,0.061410568698810654,0.0034514313161444305,0.0012534620451800937,0.010214852266791724,0.023047650790256172,0.007595550921513281,0.004132037474863822,0.009787066022761382,0.030119402441171755,0.009170520961872465,0.0035048372338799343
623.5037468834165,0.006063077779233355,0.06050554233216259,0.0009321678749644133,0.0006347522892194499,0.019142954057576454,0.04129127449631766,0.0004203085690573843,0.0001894988045275022,0.029588409694252506,0.06789177196181687,0.0033354030083109706,0.0013299956089748736,0.011811094922346459,0.020610137587561212,0.007484087849527279,0.004149405254353698,0.009808139669886046,0.030157783390483563,0.00916770819838706,0.0034993522315224183
623.1152710286605,0.0055887291158386474,0.06097375689237636,0.0009329390195934898,0.0006324537743833174,0.019511739601929454,0.042266882534017114,0.00042909578309854234,0.00019023328956387488,0.014808577676199874,0.054185720825331116,0.0034255024233023194,0.0013202857929778058,0.012384615932555057,0.02303233347834333,0.007497157283283179,0.004127449358539918,0.009861610622192886,0.03017499403826922,0.009162377281228111,0.0034979483655486845
622.7272789545456,0.00463883114145343,0.05987845094073328,0.0009330474237528433,0.0006313674225302665,0.017983698084762575,0.041464294714794604,0.00043164155537650495,0.00018343294017973048,0.031123984476337213,0.0658127029016252,0.003474206142163494,0.0012583680476112255,0.010318696472723522,0.02261200199958932,0.007526531517613847,0.004113616010255286,0.009922402181769497,0.03007850130391686,0.009156822051505848,0.0034970365434288213
622.3397697579342,0.004985087559777586,0.06131028883649123,0.0009303798194807926,0.0006305092348020176,0.017992402175701843,0.043418411672888,0.00042984534832122363,0.00017759499034385293,0.016571108165897245,0.03642717244297762,0.0034147052806636504,0.001180902391204682,0.0103698184938758,0.0265885779872611,0.007484191364996939,0.00408106125103866,0.009813256654854306,0.030133267255872925,0.009152395044678723,0.0034922792027389515
621.9527425379355,0.005622322057600823,0.06119800125835687,0.0009313874448120828,0.0006334379159100524,0.01809734320222464,0.042665526530243816,0.00043046417366305283,0.00018083032000156866,0.018029355921917484,0.049178851257988446,0.0035339497113256874,0.001271221668725755,0.007179247378482671,0.02203462364666979,0.007590825545509527,0.004136263232281112,0.009934474036093276,0.030072301700441596,0.009149608671296614,0.003493256867718992
621.5661963958981,0.001024496450386709,0.05912718636166049,0.000927636589057211,0.0006313966411409514,0.019047748419446425,0.044601481258214726,0.00042716178350702994,0.00017612490435593985,0.015811898717278332,0.031072238050824978,0.003404954900156712,0.0012376927510589198,0.009597236539928809,0.022180462590823236,0.007487721283023248,0.004148289231168343,0.009824740285701062,0.030039132372043417,0.009143240727842958,0.0034930821205841236
621.1801304354038,0.006591267785237389,0.06349119101254355,0.0009286956782988002,0.0006287972743546299,0.01896116496394309,0.042320056244914264,0.0004249110655058363,0.00017863117596501784,0.009345925209518593,0.0461786899534522,0.003368020346182512,0.001188612711439285,0.008422130473507268,0.021330427284810743,0.0074525555811110885,0.004076627430941311,0.009795794944555753,0.0300102609943412,0.009134643673271388,0.003489096346106746
620.7945437622595,0.008253048761869683,0.06225880416569621,0.0009293554011596913,0.0006375771977908555,0.017382065061385996,0.04409387766853039,0.0004256199837711077,0.0001771361528717659,0.016314230358292242,0.030989408281448888,0.003382480185261361,0.0011479377700380072,0.012875055222661316,0.019700923282460054,0.0074560991452808445,0.004053033978277009,0.009792174726955724,0.02999198111171016,0.009132369660457747,0.0034866369262460837
620.4094354844915,0.003116279074055599,0.05972806864342846,0.0009225186036156603,0.0006290570419912223,0.02084903860799242,0.043613906019254564,0.00042411247600874195,0.00017778735031156193,0.01333694437074616,0.04188051827051484,0.0034119316611452457,0.0011693530632379235,0.010244442082734345,0.024759407269268098,0.0075085589348777276,0.004051574937350429,0.009771887151661537,0.030035134724089897,0.00912536852503529,0.0034819528400709455
620.0248047123373,0.007813531270143337,0.05802272395041618,0.0009262400913444029,0.0006242792361735026,0.017076032216188742,0.04273021082974233,0.0004285777180279413,0.00017863417836205104,0.02455463868501552,0.05537271217564284,0.003468385627563436,0.0012202239710934744,0.00939937833009477,0.020698991049245746,0.007513977812871026,0.004094956089912594,0.00986284823980578,0.029969863953274185,0.009121408336976585,0.003482541470843373
619.6406505582404,0.00733439638268701,0.06125418289329129,0.0009257789903243624,0.0006340605426162475,0.018162149926292216,0.04453270135064679,0.00042794746058849353,0.00017701649267165128,0.016627152245325506,0.023181433433757306,0.0034875506719302153,0.0011835609059062148,0.011263378170473971,0.022527479901572146,0.007540828384911224,0.004074918021787418,0.009782899149382159,0.029953292978578842,0.009113728027668445,0.003480350386019941
619.2569721368423,0.007400033281760624,0.05983718663893805,0.0009329153913059073,0.0006268428021611606,0.01829358716766561,0.043427120233178844,0.00042689030563016774,0.0001739844588472163,0.005183973142494207,0.040588407918387394,0.0034274951956281647,0.0011771178123772055,0.01144810421245944,0.01990785805421328,0.007468560361421292,0.004093446099207595,0.009805000792220108,0.029936014005734833,0.009112763307649622,0.0034782846872209905
618.8737685649753,0.007470274582762349,0.06234395750680299,0.0009298582461109011,0.0006272101932045812,0.019062219831511046,0.04470244062461903,0.000419956103887313,0.00018068861214675226,0.021243819415091562,0.018513898540264702,0.0033493925439646534,0.0012792452500200386,0.010757501108699696,0.02321762969764122,0.007447007267513469,0.004134173590370699,0.009800360021417704,0.02991955745111158,0.00910413571923903,0.003476237336677592
618.4910389616575,0.005481417920260415,0.06048307473483387,0.0009266843788148958,0.000627297219402823,0.020832534557558707,0.04240114958700624,0.000427765422628805,0.00018130416338218782,0.01965312339776402,0.05371847918265442,0.0034516152306800787,0.0012272330835470737,0.007592311133383762,0.021840154979985475,0.007476112165605238,0.0040851067690587,0.009774914708927947,0.02994111387256005,0.009100769588760112,0.0034758829652394053
618.1087824480841,0.006897708468155387,0.06075892042174937,0.000922608862062023,0.000619521756662336,0.01790233435035086,0.04312713059225117,0.00041834327796770723,0.00017681001294183102,0.010024283338788931,0.040088983817894774,0.003358233145771324,0.0012687715736219198,0.012922260665748204,0.020936259737999223,0.007480251093486303,0.004137548186547479,0.00978519952218656,0.029856278070032716,0.009097568068504844,0.00347525739959007
617.7269981476221,0.006008535790715976,0.06100072672822826,0.000926658382794109,0.0006268919556638605,0.02079326304614636,0.04334139575680849,0.0004330055092777491,0.00018419596977874205,0.021065600290233234,0.04292566270993755,0.003493990554234387,0.0012318768258948272,0.012037073445517195,0.024972717711429816,0.007465818360342258,0.004063865381539246,0.009767616571035908,0.02991117183735249,0.009087188355100289,0.003469699544801647
617.3456851858025,0.005995332178889188,0.06037081179646163,0.0009242884607765763,0.0006230503727764689,0.018926921390296895,0.041346925025648795,0.00042290020517373383,0.00017253283555556257,0.022048253435629852,0.05991496303245879,0.003417895529642237,0.0011527002765862608,0.008942207389124265,0.0214587831697736,0.007482214721797379,0.004073579583173663,0.009806091773819046,0.029876301190655357,0.009085637728870244,0.0034685795524877737
616.9648426903148,0.006376861232095378,0.060659714028739986,0.0009279233240087622,0.0006249372370656653,0.01873667723839442,0.0426207233383666,0.00042650710555705004,0.00018781838741313033,0.0056546747368133535,0.04429366237900695,0.003400025785584238,0.001297312213423726,0.01152827897615463,0.021342027026492846,0.007416518858516494,0.004079575642081443,0.009750214091693863,0.029843994878416075,0.009079173901010037,0.0034651639960956004
616.5844697909988,0.006396881514913349,0.060773755523245876,0.0009287040954245773,0.0006152434819882586,0.01812455307862589,0.041818415270012906,0.0004364189522735353,0.00017611364356258266,0.016705634097837225,0.0508009186835567,0.003553541618291714,0.0011685725308833474,0.01054606497616753,0.0237269772570586,0.007473527522445224,0.004041745622816926,0.009820572745761305,0.029775330695980134,0.009074535012688647,0.003463945839351426
616.20456561984,0.0059204536492108405,0.06086660409359777,0.0009185418260789089,0.000633446509855121,0.01844909856082343,0.04368966848636591,0.0004114909683727159,0.00017330601723976425,0.01028117807316539,0.031612715409653484,0.00332136483598607,0.0012173974311092785,0.010055351941639878,0.02057680437409025,0.00748519472242289,0.00412300238799245,0.009765528475907302,0.029753552396873554,0.009068244497016575,0.0034646939987181807
615.8251293109607,0.0056051756866487236,0.060596899920949715,0.0009300331834563828,0.0006072728240262938,0.019487606098236805,0.04214094520126386,0.0004271535342746028,0.00019004122067612392,0.010368359339350805,0.04928023594850503,0.00345945631585192,0.0013512662323210654,0.010707431050282164,0.021771075624030033,0.007457253077828588,0.004072787142804963,0.009786415079155026,0.02978182594044387,0.00906562571942306,0.003462934643150886
615.4461600006155,0.0056583686100464105,0.06051985546214357,0.0009070270086151548,0.0006020422894235211,0.01833163961892754,0.04279256723724444,0.0004287177619873675,0.00016496928736239888,0.008438885969948793,0.03903358570113203,0.0034527247622448375,0.0011444866953983577,0.011022074847356737,0.02329643923914372,0.007484960996477818,0.004073316891698365,0.009688419850019154,0.029780823200544478,0.009063037771575523,0.0034595840809349557
615.0676568271833,0.005540145214166949,0.06023527748048547,0.0009174645052105562,0.0006506011258223422,0.019532268977543784,0.04228728137827968,0.0004234769386986305,0.0001866740492686498,0.010366047674711568,0.04790633253065713,0.003363015117050802,0.0012564679821019267,0.011377867446363397,0.021666032908498698,0.007403387757616212,0.004090973371844679,0.009711872406824784,0.02978970673191416,0.009055154824183299,0.003456340694688785
614.6896189311617,0.005593757608066223,0.06033704693522838,0.0008969041886805191,0.0006376231869804111,0.01806035675172669,0.042282221978049955,0.0004303322066664971,0.00017745201539277807,0.013898743453366334,0.045577082504521534,0.0034157604975510593,0.0011588715634529585,0.010005202170886227,0.022594457478119476,0.007424209298924684,0.004036871650385789,0.009742247480792545,0.029757242512521608,0.009049409685185942,0.0034546258655946817
614.3120454551598,0.0054577872500917455,0.06019131630865013,0.0009210045471429859,0.0006327269206139973,0.019139933048301624,0.04276959155794829,0.0004215252394505812,0.00017894718078430663,0.0029908608283124327,0.039653026301304795,0.003384918192071121,0.001194992122179613,0.011992787825061881,0.023304539659483838,0.007422263476873482,0.004050879701365498,0.009799629425393756,0.029765152094065533,0.009041662462301361,0.0034518202838210547
613.934935543892,0.0057140143492785496,0.06002444090565979,0.0009125405348018194,0.0006300472180914231,0.018069204764322912,0.04198747878751842,0.0004133659605815014,0.00017534209781753222,0.015385791669129354,0.0483540618077365,0.003269953293987582,0.0011938047651142026,0.010734916055307981,0.022901566662731465,0.007401065197964658,0.004069107510789224,0.00983632046945814,0.029710214697664182,0.009040143532512052,0.0034501503739270767
613.5582883441718,0.005675457588083741,0.060228333816244525,0.00092795729081039,0.0006104126647361443,0.018597104041201306,0.0431454433193626,0.0004127503260420622,0.00018374375542986606,0.005528131545212563,0.034680958036561044,0.0033102524002292335,0.0013187110979053344,0.010934885728148058,0.022423563862210203,0.00741661570531901,0.004080579372426892,0.009644390003075933,0.029666288058129316,0.009037685087277956,0.0034494821049141124
613.182103004905,0.005385079953923044,0.05996520729066147,0.000916763780611962,0.0006331400110250055,0.018754195722235262,0.042225381556686065,0.00041849788124099114,0.00018255004896137493,0.009018586323089186,0.04521773575018566,0.0033480755833419917,0.001271772288671269,0.011240890824806796,0.02250524895592685,0.007405052955015073,0.004084272952743515,0.009747925512990632,0.02967210625812421,0.009028780547796402,0.0034452950482074416
612.8063786770834,0.005661184359166447,0.059851249897008456,0.0009142164248848614,0.000619291550711414,0.018484890552319225,0.043164651780461936,0.00042023322142841385,0.00018179588018016945,0.006812932765389107,0.034526557482840003,0.0033866991051291957,0.0012836778284686632,0.010582648060363357,0.022143257619193453,0.007433988314160136,0.004075870464876229,0.00969683333150947,0.029735541637118376,0.009022181472028165,0.003444858357283889
612.4311145137784,0.005417060316844538,0.060002914188510226,0.0009269065810950869,0.0006266057954965415,0.019402056141615363,0.04191685393819452,0.0004163463427659245,0.00017799531788299048,0.01113381595865209,0.04954927841732344,0.003392936287462171,0.0012343699690589656,0.0099475163165329,0.021568144191107714,0.007441076850413116,0.004073611664397858,0.00973650017759048,0.02968515253672779,0.009018198382009315,0.003445436700882762
612.0563096701347,0.005462807503392312,0.059830440745778694,0.0009086665378630071,0.0006336737747884519,0.01817804147355395,0.042286241795443574,0.00042158278965652825,0.00018115497674763074,0.012279805027311236,0.0445579185905644,0.0033808912612435307,0.0012235008387324999,0.010111059649110027,0.022035727422417658,0.007416475148305341,0.004050475709883193,0.009743407197325768,0.02965311879984255,0.009014012489087843,0.0034428013242272493
611.681963303364,0.005473012118929891,0.05980432095810707,0.0009220847456077846,0.0006289500225235839,0.01831831585586675,0.042341173314905896,0.00041968452172791573,0.00017795750539883532,0.009663626878520395,0.043207200763928956,0.003421310374152723,0.0011843417468715028,0.010568009388735623,0.022102954424122946,0.0074388474900698885,0.0040200616647612574,0.009732311874725653,0.029604614093036122,0.009006821590229789,0.0034424004400285153
611.3080745727385,0.005387227119940333,0.05954174546028433,0.0009126717074251231,0.0006237713162662528,0.017791076255774852,0.042800680196933324,0.0004149165285483045,0.00018004272149066547,0.014477331267317489,0.037919669954922276,0.0033570517128554273,0.0012172379475642757,0.009661848971788425,0.0230256961996443,0.007428324953108094,0.004011530769476618,0.00973825755841046,0.029568405556695383,0.009003522841401233,0.0034377880149491103
610.9346426395847,0.005596739676149501,0.05965397338369783,0.0009209646440757287,0.0006197383566009957,0.018794172178262496,0.0431058153325102,0.0004199502241058846,0.0001750654314131251,0.00435882287026339,0.03338695993901384,0.0033771231432564853,0.0011925406518460435,0.01049612948512078,0.02300265752204245,0.00738527336266703,0.004040482143550147,0.009601857839075587,0.029504298763174414,0.009000337656985826,0.003435847996143703
610.5616666672772,0.005480990003847802,0.05948802355124756,0.0009128049757889488,0.0006142297301515974,0.01860325420397591,0.04242506449110555,0.00041529372778468843,0.00017241694145781286,0.005176402554051063,0.040568806065048785,0.0032891103722383734,0.0011889433425704785,0.010989781789478365,0.023102751754843286,0.007352684612517125,0.00403620083042751,0.00965338921057305,0.02946344736691912,0.008996059440038456,0.003432519084781826
610.1891458212326,0.0051559748933259295,0.059682010900220704,0.0009134771859438413,0.0006227465019893127,0.018706615608240967,0.04291697042743198,0.0004179849964474515,0.00017628593559653873,0.0045953809972389134,0.03471585002524068,0.0033601760338479785,0.001228207949464166,0.010151406303369354,0.02247437865674567,0.007395365401793742,0.004060831076356957,0.00963951285610461,0.02953726835966665,0.008991086450877246,0.003430457621780902
609.8170792689025,0.005670892994852053,0.0597727898403407,0.0009028592206453738,0.0006201679609225357,0.01881015821389943,0.04228220616395797,0.00041626135740634976,0.0001765389210353564,0.004293559773788369,0.04118323178201972,0.003346432598065184,0.0012194892520004713,0.010661927542815735,0.022800915878985053,0.007416357258363924,0.004042935230222486,0.009680429356289601,0.02955731810660152,0.008986612860938688,0.0034354004429335144
609.4454661797686,0.005632286954684483,0.05952009317806062,0.0009206132479476762,0.0006102507706746431,0.01863265211815661,0.042835640179389775,0.0004143148660296391,0.00017583494367893766,0.004834012375367516,0.035088678825795847,0.003379751141113068,0.0012185248693517398,0.00948303620703967,0.022764996523292412,0.007413393113758972,0.004024618175543674,0.009677021630322934,0.029537840052440537,0.008977215724866929,0.0034312582946634624
609.0743057253351,0.005703633852759297,0.05963485398527965,0.0009121644972982602,0.0006233882209152168,0.019185816038358387,0.042194106846201285,0.0004148186443567562,0.0001790453941040163,0.006231908136958171,0.0436653242178646,0.0033228698996642905,0.0012602218252506811,0.010333488960426195,0.021520697347190924,0.007360092577106235,0.004067979191624116,0.009701539864156223,0.02948082132890937,0.008970420150150612,0.003426652747349216
608.7035970791237,0.0055674119491506005,0.059487193213596946,0.0009140959882624823,0.0006220346575941775,0.01833511591358451,0.04194028981140771,0.0004142861782170029,0.00017475922612234228,0.010930953274638265,0.04566173750124784,0.003329213763443587,0.0012233443920929826,0.009556177332130539,0.021652495000756555,0.007374260027406577,0.004060151305461462,0.009656077419025274,0.029428427600104806,0.008968565224763844,0.0034215607272197724
608.3333394166667,0.00537770322744086,0.05924380716113879,0.0009138787545953922,0.0006227837084532741,0.018452302316234747,0.04263420175863732,0.00041560354877084676,0.0001755606858571812,0.005623888773903163,0.03719003220758345,0.0033275310829560807,0.0011621887285452684,0.010468771850326726,0.022753958405939863,0.007356130267447051,0.003994438544790547,0.00966413073445061,0.029390958457743494,0.008964307695447673,0.0034196750853170183
607.9635319155017,0.005450338078504027,0.05943278295374339,0.0009121100167362,0.0006209890383318627,0.018618808688185124,0.0426332535526619,0.0004183224743252372,0.00017017673319667882,0.0031112031597136675,0.036442718723807575,0.003368860306007779,0.0012129597021083632,0.011023730273802487,0.022330749407947215,0.007369371026375639,0.004097129062537498,0.009629125677472594,0.029452420392826018,0.008962516129924073,0.0034229552523968613
607.5941737551641,0.005560146817088253,0.059441683890524684,0.0009142957023157046,0.0006211986660230902,0.01924321020517926,0.042415939588825925,0.00041478038050246993,0.0001773922355637377,0.003573345230550418,0.03985350325545995,0.0033844903656672473,0.0012716750302678736,0.009827184524362266,0.022025947875075225,0.007406300247944267,0.004086591003811049,0.009618656541930698,0.029446591233277853,0.00895219954019139,0.003419388281291396
607.2252641171829,0.005499782406433593,0.059228293178776925,0.000913414190357722,0.0006217578809202596,0.01867249283738553,0.041724140169119565,0.00041095728967659336,0.00017653990031195002,0.010038244411501633,0.046660526606410305,0.0033204274108273053,0.0012380914565415938,0.010567722752393644,0.021929547851335364,0.007368407314964443,0.004062620130485191,0.009659999651053488,0.0294534653890611,0.008947515125863205,0.003414791773574394
606.8568021850729,0.005718796880663294,0.059252155966196436,0.0009077311948479374,0.0006145474676077789,0.01858229924050974,0.042284057736046855,0.0004194123450577411,0.00017885366315849188,0.004219194029296374,0.03986846719424038,0.003384842500465578,0.0012606159388711972,0.010840316642479182,0.021877105340687524,0.007364434014772079,0.004036655367312196,0.00963733579700325,0.029420455477616958,0.008944751592422747,0.0034110975063704092
606.48878714433,0.005835034148983275,0.05915521813095869,0.0009101781419643097,0.0006213535219946715,0.018709351973203694,0.04179741044188202,0.00041667398862481255,0.0001806325002926294,0.008671218521041206,0.04632216253953084,0.003318416005421635,0.001261880759276808,0.010146093059796699,0.020741272664101446,0.007314061085209692,0.004040630340800219,0.00963142929621717,0.029349532244712227,0.00894314763894184,0.003412453033388766
606.1212181824244,0.005760663215882608,0.05897819597396973,0.0009157735859125138,0.0006223593937037598,0.018327515818384422,0.042335981329250635,0.00041608906236620695,0.0001782625510636375,0.007409715876687619,0.03855261169699717,0.0033402922070437783,0.0012233065905744682,0.00910990020927658,0.02254822179394235,0.00733033284465575,0.004037033230665701,0.009555202513068493,0.029340866344442787,0.00893886757487185,0.0034147188573487286
605.7540944887947,0.005604745167165327,0.059135541480635476,0.0009112879531612472,0.000623380775038759,0.018909334702074822,0.04192957618164429,0.00041951836182250974,0.00017554058589161305,0.005116167368023299,0.0431937654704132,0.0034047696690481057,0.0011881147204668245,0.009554319121415102,0.022151582837781188,0.007358612409052247,0.0040070713108856515,0.009566808847290284,0.029358178008863155,0.008927898893265994,0.0034111293462202384
605.3874152548427,0.005531564295575081,0.059027421017089306,0.0009033073195709534,0.0006246723836961386,0.01817064366880006,0.04223257402722599,0.0004170317205241456,0.00017295217114657264,0.009009386691645617,0.039119663506950474,0.0033608090524536853,0.0011760804648603684,0.009495923240298713,0.022595948566253583,0.007348410103208129,0.004031335496459294,0.009659985757764163,0.029356479255178307,0.008925028061258656,0.0034072108337987518
605.0211796739262,0.005744714234211003,0.058888571847675764,0.0009055452064756605,0.0006138146420090155,0.019338330421438607,0.042180571294430584,0.0004155709009466169,0.00017948461263217312,0.006652976658711232,0.041453872492485624,0.0033324800581137873,0.0012555249094863628,0.010487996040811184,0.022570197874302155,0.0073261908787119745,0.004034934619617429,0.009592401469207732,0.02935044683170756,0.008919767733965533,0.0034078115328896436
604.6553869413544,0.005566685065272308,0.05880453622403279,0.0009093765121359036,0.0006239539755324048,0.018383346034656814,0.040994784008116854,0.0004129520822049873,0.00017826013807112167,0.017065434854765887,0.05302406288087558,0.003358446543489085,0.0012058288809293732,0.01004939476033613,0.022194908248382463,0.007359045053852615,0.0039965784773976325,0.009601177730523915,0.02935133814330553,0.00891264646561543,0.003403273664546127
604.2900362543808,0.005918378099029447,0.058954912731090076,0.0009346541394743563,0.0005978875707912953,0.01792845518624366,0.04201573209213927,0.0004135533975884822,0.00017911292578921934,0.011071321578325572,0.04081198524671534,0.003339935996556951,0.0012938782471685968,0.009558737595332023,0.022613131620222184,0.00730373547644817,0.0040500380735756375,0.009612035938125629,0.029302270475225618,0.008908946375495205,0.0034009892545084886
603.9251268121982,0.006102786025879085,0.05778148239742307,0.0009024144791869006,0.0006064795315207835,0.018141478164106262,0.041938106244747565,0.00041829344462171686,0.00017090583491552745,0.011120472631135091,0.04329157419070095,0.0033959521242968066,0.0012079641460559067,0.009714350768235144,0.022569498499534765,0.007358914147315242,0.0040287971491414255,0.009652557773596821,0.029288811058192907,0.008905416369880414,0.0033995921617588185
603.5606578159325,0.005822989930681984,0.058275321736894,0.0009028183806477172,0.0006241564886449299,0.01792091763539258,0.04243143372843078,0.0004112713245189159,0.00017800150965064938,0.011052277311338631,0.03768594312432643,0.003316939900342791,0.001246006209049555,0.0097236190058339,0.02144710197132534,0.0073219198940685185,0.004023986469741117,0.009546497717697439,0.029272052753233514,0.008903727851916135,0.003397716137830578
603.1966284686371,0.00604648606440551,0.05626499283749995,0.0009032415356816064,0.0006154816930824945,0.018792503262751573,0.042812322412231346,0.00041443344792262685,0.0001764387948616205,0.0033924001833370385,0.036494440772311856,0.0032756811616121598,0.0011812804541543264,0.00981155982917061,0.021916394622243235,0.007249200173929963,0.004000414278660462,0.009556188297692765,0.029244869528645655,0.008895233756901346,0.003399237111832457
602.8330379752864,0.0014972578488046937,0.060256670210450405,0.0009682604253270758,0.000591165875239886,0.01937598144337402,0.04166676498741539,0.00040323296120428224,0.00017117983064904272,0.004677673750010714,0.041640637960345235,0.0033430548224160387,0.0011962840026700627,0.010636955511069598,0.021614511483377605,0.007299087923364303,0.004002075003993517,0.009506976649232191,0.029208508487747788,0.008890234868741121,0.0033927258815862615
602.4698855427712,0.010235091103809487,0.059790926189078775,0.0009030313854423465,0.0005591260056786156,0.017445975969253905,0.041213749357403004,0.000414986189170722,0.00016899813077771622,0.012136828841263317,0.04716377154273989,0.0033265960085435203,0.0012950062461115823,0.010485042906207116,0.02190863133695926,0.007305330749566357,0.004022215746542434,0.00958144417484457,0.029176242871560128,0.008884695693899127,0.003393737350351296
602.1071703798917,0.006313206523681406,0.06277470003068254,0.0009062947641878714,0.0006771644125759688,0.017484935725790563,0.041474243497997595,0.0004166139935171009,0.0001863956728016935,0.015028865654936626,0.038250455461981185,0.0033531717050035528,0.001156227283363703,0.009610565756530767,0.022481660715028964,0.007300566401119842,0.003959054976923393,0.009580594650990924,0.029119611931345928,0.008880784723306988,0.0033914988776534145
601.7448916973526,0.003638868301914143,0.06004315890874532,0.0008544375210682036,0.0006185691598999068,0.018685489970204222,0.04224967613876796,0.0004238125198970871,0.00017299784304751798,0.005844238267971215,0.03414593307405376,0.0033299644515829728,0.0011842543254254468,0.009851337177961612,0.021304694299564268,0.007302557695434739,0.003995655961615422,0.009600538899464257,0.029220865547706264,0.008877218552099412,0.003389905263974792
601.3830487077572,0.005198611659530079,0.06003513498834729,0.000888374888807392,0.000595509699652969,0.018393183941429695,0.04194747633239529,0.00041931876009662807,0.00016985585933345837,0.0065752692133845625,0.0358371351054418,0.0033220254202473132,0.001194267597828189,0.008783155899580387,0.022857982360862457,0.007264202830182425,0.004005017622698974,0.009456831569566492,0.029120915175571385,0.008870129154425668,0.003388002637163632
601.021640625601,0.0050120851118237815,0.0592010859727513,0.000878380409414128,0.000593626198887449,0.01873988317197299,0.042164408272551065,0.00041945352505180707,0.000172675167719307,0.002258123230529189,0.03688080875727439,0.0033130981566667403,0.001290893744189091,0.009376456102666852,0.021482234141208794,0.007266936419747526,0.004055500453188205,0.009577807500486098,0.028962386157696553,0.008867629557934903,0.003382807056149974
600.6606666672674,0.005131743029428222,0.05934843940885101,0.0009074508602672273,0.0005923118012043633,0.01867586042163947,0.04203992924163805,0.00041036629125074976,0.0001663513145176241,0.002301975846694373,0.03720500946985509,0.0032764412878659565,0.0011568429275309806,0.009799873135539264,0.021271417621834238,0.007247845297675731,0.003975613979029849,0.009630555123218771,0.029144331449650878,0.008862214468673465,0.003384195095226888
600.3001260510205,0.005155789128453113,0.05915638372991135,0.0008975564248249824,0.0006052270332241674,0.019165401946963305,0.04203719079662298,0.00040967500125186024,0.0001751624843806709,0.0032122815475000353,0.03826663913881246,0.0032791973590347574,0.001195767994576916,0.00937672895984488,0.02124437159228484,0.007276891464282512,0.003956543202303485,0.009498881614970065,0.02905210273129075,0.008857322088085961,0.0033804762031655012
599.9400179970007,0.005178520371270159,0.058921063141127966,0.0009015317543475974,0.0005990346643317356,0.01881611512001838,0.04090779185727423,0.000406572219521764,0.00017453036346515554,0.012769529562339477,0.05014502008709498,0.003275602260943528,0.0012324668602336413,0.00938114804836016,0.021556758683292623,0.0072849406247722836,0.003990194339017225,0.009616951392415914,0.029141790182860044,0.00885083714153648,0.0033805265281217954
599.5803417272183,0.00501321658947943,0.05899628396199531,0.0008948027901095446,0.000608479499770676,0.01806299385674145,0.04183872044821445,0.0004143679199040205,0.00017636652003919596,0.00942235316263443,0.03925958218971852,0.0033508084345762502,0.001196629469405669,0.009460531938557707,0.021235324806127893,0.007298800568488155,0.003945441227293559,0.009643073071951228,0.029139632806609587,0.008846806233493779,0.003377415374563191
599.2210964655484,0.0050305845452385065,0.05906230776146511,0.0008940829690152394,0.0006106189141898329,0.018647814474102756,0.041489056343716905,0.0004112098621227802,0.00017277439816001307,0.0057719827850169145,0.042583861058519565,0.0033043140730059386,0.001178795727583023,0.00976242950397006,0.02164842138122112,0.007278635949449454,0.003964466700058231,0.00953058173103079,0.028924033718057615,0.00884311975196931,0.0033760253587501207
598.8622814377246,0.005167734388541596,0.05897960634416236,0.0008949598149131553,0.0005971571129269877,0.018129004796715746,0.041677087154406656,0.00041323514887124955,0.0001732847939267478,0.009284336139914163,0.0393986295314706,0.003294083696487307,0.0012087330302983916,0.008959970840168934,0.022367959485655124,0.007238758630656189,0.003975792469610423,0.009514042683431933,0.02906977582863985,0.00883750185753472,0.0033751101487271905
598.5038958713346,0.005041297307310931,0.05882679074008434,0.0008925885452733198,0.0005931331173048328,0.018858362592825736,0.04178315468627182,0.00040708467729218853,0.00016679744014534234,0.0013953200850595512,0.03936931891906211,0.0032687023957306766,0.0011742369043671265,0.00993191157478881,0.021223993744223638,0.007277275151634039,0.003968819808954894,0.009462595831978119,0.028873563891513018,0.00883361934306377,0.0033709661703256186
598.1459389958135,0.005251409034278214,0.0588685274784531,0.0008999357197372223,0.0006057412042344827,0.018425350507604805,0.04107891939222388,0.000409831689468126,0.00016860898279346374,0.01043193297061248,0.04673853355136299,0.0032874269104597414,0.0011511230739693035,0.009550815276141567,0.02106020035942037,0.0072465707817406305,0.003966768074520601,0.009517793356004126,0.029001714778994242,0.0088283050419435,0.0033718035254096707
597.7884100424388,0.005200800443026061,0.05882964229854645,0.0008978906347015083,0.0006050938664615672,0.018094322232338315,0.04181680344447724,0.000409059875404549,0.00017006075555705852,0.00799636647342533,0.038058685706843065,0.003284418846710005,0.0012213059370385108,0.009851346177874962,0.021089945390650736,0.0072494141970150545,0.00403143842857242,0.009386434038776825,0.0290129841890232,0.008824052579381934,0.0033684429843862155
597.4313082443251,0.005082441370386929,0.0587520752910574,0.0008995881632564244,0.0006080362649693667,0.01874771209254705,0.04140663506458843,0.000412041612154852,0.00017302545183894708,0.005508154395527435,0.04245715311157635,0.003339656705678745,0.001173060348228555,0.009327861150281537,0.02129082349189475,0.0072683667912617584,0.0039506761748181,0.00943655593342244,0.029108139739955956,0.008817718904414563,0.0033678379317486754
597.074632836418,0.005179641994721296,0.05876938284348408,0.0008953264596479036,0.0006055056902898507,0.018134116950805277,0.04128541256676241,0.0004055131923892759,0.00017598820643933985,0.010565810747999255,0.04266682824707824,0.0032505762552914414,0.0012460091641852144,0.008525365334137195,0.021927854373027116,0.007243715721050118,0.0039698162599212175,0.009489199222736737,0.029138813031907115,0.008812972824912751,0.0033644161747743025
596.7183830554894,0.0051521009404836785,0.05874533310477415,0.0008980179331229563,0.0006056427020955734,0.018315376468716033,0.041420527851144036,0.00041512880087050854,0.00017214164144701782,0.007783419904025194,0.04045160856956375,0.0033357952775809937,0.001215648062322922,0.008717320220019071,0.022455489347696117,0.007222385507297843,0.004002496581958664,0.009566232289849584,0.028857871213884098,0.008808838259457916,0.0033633029744270563
596.3625581401312,0.005193947756546307,0.05874014084127833,0.0008970925790084319,0.0006032445507935331,0.017995054611373275,0.04156406849847656,0.00041131841448741773,0.0001653886618587286,0.010326782370311798,0.0405187490706824,0.003308172814971522,0.0011557648753768286,0.008573136705145127,0.020793754583601606,0.007240805767370043,0.0039866065931202215,0.009520515650271115,0.028848752088059256,0.008804742531123321,0.003362265507013485
596.007157330751,0.005145679653536781,0.05863126747548758,0.0008934276189665962,0.0006051848292831256,0.01843239056419315,0.04208003632334984,0.0004042275332465541,0.00017598700306719578,0.005249465625359895,0.03341849121272063,0.003263984830561883,0.0012137817685708577,0.009727080204282397,0.021611964844368992,0.007250934312224276,0.003944294365687804,0.009532912922519442,0.028835269230085104,0.008800881436202414,0.003359686512448918
595.6521798695653,0.0051627118585324825,0.0586513419467148,0.0008923025973911973,0.0006051265362436082,0.01892868994238931,0.04139343381768536,0.0004100777783667374,0.0001719123557402349,0.004742328662240635,0.04269705504165123,0.003348362330774355,0.0012216668785589898,0.008965686829843013,0.020398043390110993,0.007278892842401418,0.004004423619248829,0.009575487547710104,0.02905544011133697,0.008793746980838324,0.003359127910016239
595.2976250005954,0.005164676451091361,0.05859336939512413,0.0008967687841544983,0.0006041265207678801,0.018410129231606735,0.04098250729784056,0.00040081018431446726,0.0001777828374069535,0.008955330405926686,0.0461701276191398,0.0032347763785799174,0.0012821912737931384,0.00941756981972545,0.020542216464547392,0.007254485663968922,0.003971825718278385,0.009558170574548861,0.028945163382974173,0.00879000712703765,0.0033543008408594534
594.943491969661,0.005180234567189195,0.058524481691682576,0.0008909228104148362,0.0006145938944063301,0.018060402812347453,0.04113422065198846,0.0004183317367938126,0.00018157714763265123,0.011729912401288978,0.043679751112138315,0.003412139664535685,0.0012239918839114326,0.009481067938539037,0.021265242671183217,0.007244326559889231,0.003932572305893682,0.009631024214140482,0.0287965542300249,0.008784551762415627,0.0033548259529099216
594.5897800243758,0.005162064834443479,0.05848890345793598,0.0008908821498348049,0.0006015005070347613,0.018158123044164958,0.04129658788336823,0.000401476935834404,0.00017377158363327043,0.008589396677631232,0.04205500975104326,0.0031973019839609926,0.0011685933068567866,0.008833567296834521,0.020858805423051442,0.007219980718222292,0.00388334246836999,0.00928883584879532,0.02892038716983641,0.008780657764560476,0.003351893720649116
594.2364884141415,0.005138787248923587,0.05849939575378127,0.0008918002708932393,0.0005952929856190131,0.017777450146637085,0.041198544863517664,0.00042085297918488334,0.0001830548242927606,0.0125864036183024,0.042361553110728284,0.0033874020558696985,0.0013243894257677865,0.009303835517344596,0.021418357292606334,0.007190377761986966,0.003967923468955105,0.009352580713727974,0.02886044581419299,0.008776609646651497,0.003350783508202812
593.8836163901426,0.005177764290424669,0.058383140829152955,0.0008857809584798491,0.0006268687950320537,0.017925162580460192,0.04192400652474252,0.0004100062906676487,0.00016876597826103858,0.009857843599903236,0.034132213212129524,0.0032735970178080316,0.0011030636744352369,0.009297479424341079,0.021207220950039088,0.007176663823025459,0.003951582130860397,0.009333751419241018,0.028999419167471164,0.008771042267177873,0.0033485942947907776
593.5311632053414,0.0051675225422854465,0.058318664031234375,0.00090708277279245,0.0005964204353286812,0.018383842781120634,0.04156302047157324,0.0003996992557614744,0.00017633586085535026,0.004040686441890758,0.037371776715350226,0.0032546683749543567,0.001261467299738284,0.009457709502445106,0.021950674104781614,0.0072522891129426295,0.003946325693922317,0.009431536589079892,0.028760844209820762,0.008768743761758806,0.003348568940797433
593.1791281144722,0.0050947934720875915,0.058327417499425285,0.0009008890938934597,0.0005775870257309373,0.018277522707448153,0.04165672246280301,0.00040506151264933766,0.00017005207839679325,0.005020784098946543,0.0367251500715477,0.0032750691580880143,0.001225392894156312,0.0099850981983231,0.020818658624552525,0.007199251505481982,0.003968597155782581,0.009556878464009022,0.028784221678390624,0.008760618653124577,0.0033468517104656907
592.8275103740368,0.0050918679833846315,0.05835902480247389,0.0009170306008926797,0.0005999352783183969,0.018794456434386608,0.041103750349935984,0.00040372584122900737,0.00017232871132337644,0.007462719037782874,0.042473895125619235,0.003220153715973167,0.0011400051357437872,0.0087423908630844,0.021887025189869052,0.007142162554215413,0.0038854373162788575,0.009344746579360472,0.02870190901860499,0.008757351190963904,0.0033431291374919135
592.4763092422986,0.005135934023013459,0.05825375935130325,0.000887629759117025,0.0006113003773364951,0.01750001370151947,0.04105868815230194,0.0004146952180098992,0.00018193575846484704,0.015741147324168567,0.043685294624951146,0.0033603208260736513,0.0012568444939338437,0.008498633615813853,0.02099447851830785,0.007200208792025616,0.003928385658934901,0.009502899727393726,0.028642268967004687,0.008750301342698087,0.003342491892674767
592.1255239792778,0.005019708802018544,0.058248231246577076,0.0008960580762149698,0.0006016587846684475,0.018270074131533382,0.04204183277326695,0.000401205354163703,0.00017384265059741042,0.0074967073141975725,0.031166137492409145,0.0032027359558778543,0.0012095648017663412,0.009123532445331626,0.02157157123117896,0.007169874252953645,0.003933176498124777,0.009262422333103213,0.02877815469975924,0.008746432556407172,0.003338604705471028
591.7751538467456,0.005165828734364645,0.05818747675130509,0.0008818898855148722,0.0006084897402954738,0.018308891495011675,0.041295809041055426,0.0004122002714982002,0.00017363756816361607,0.006068318012112551,0.03996903965769599,0.003305519427604332,0.0011610641959023979,0.008704690921733444,0.020930277761027894,0.007153354003649928,0.003907088150787914,0.009434411433358774,0.028659089360460892,0.008743935223491471,0.003338989344334877
591.4251981082201,0.005035623981517756,0.05787131292998168,0.000887382485829839,0.0005945328825223294,0.018395390335990042,0.04198659866414635,0.00040753978481840336,0.00015654004931986632,0.006279905428351321,0.03227455501034616,0.0032516319720528844,0.0010538368582197449,0.009090245219798114,0.021063496087411555,0.007147491873400328,0.003958759697973969,0.009380229828396645,0.028756223970135907,0.00873727838147977,0.0033352322960888275
591.0756560289599,0.004929829270503864,0.05816333678769956,0.0008869551210516297,0.0006058190472668924,0.019037991784011412,0.0411878892233577,0.00040635658576332296,0.00017513302809615437,0.005491191805623841,0.04168834923929685,0.0032524791448469838,0.0012218691096845156,0.0089791436615321,0.02142759266157595,0.007164655614529614,0.00394344697986788,0.009466005242529028,0.028523585689468105,0.008735019171764283,0.00333365908569857
590.7265268759598,0.004751760397665866,0.057522422191182476,0.0008898168460297,0.0005971804384045419,0.018358591505490976,0.040857981977051615,0.00040478194849875447,0.00017101606785403027,0.009714472674871619,0.04496364690733405,0.0032698792670287622,0.0011656719099252374,0.00879352006551888,0.020697141595993444,0.007188521859915709,0.003914887886828549,0.009507525296921905,0.028762244670909216,0.008728233556386916,0.003333784536690324
590.3778099179458,0.0035369956905187596,0.05891310459851157,0.000886173243025801,0.0005954166998109751,0.018579909998826503,0.04069401560572123,0.0004084054034382398,0.00017566286924619606,0.008015542347142043,0.044662612616223195,0.0032569516413435604,0.0012081500621154207,0.008126660847927058,0.02024924398235165,0.007145325000602096,0.0039058384366993377,0.009425129022935554,0.02859221106631096,0.008724203305336731,0.0033307122827940933
590.0295044253688,0.006887921439797403,0.057513724640739,0.0008863715897120582,0.0006002130273368939,0.01742012742214381,0.041016868135815426,0.000405037818723819,0.00017190948631093492,0.013145507251183096,0.04355327066649322,0.003269095107620121,0.0011560441496882216,0.009021535272929735,0.020809336429472063,0.00718478130399678,0.00389438360173689,0.009610740539782042,0.028658325777119402,0.008718834857090957,0.0033299734459659837
589.681609670401,0.006073599625414049,0.05861434992652172,0.0008851085251322944,0.0005963715864807286,0.018010112455714666,0.04132886316480978,0.000401306097111293,0.00017612913401685327,0.007118257461319212,0.03706097358836616,0.0032219277024593306,0.0012316367272257134,0.0075979692258950305,0.020632457253041806,0.007168231130399064,0.0039131949508477825,0.009254679405036135,0.028811780371033713,0.00871430126189928,0.003326030741037993
589.3341249269299,0.005217265630098611,0.058315558250864624,0.0008796972023558345,0.0005958189084342035,0.01819817248067497,0.04093591039209989,0.000403610648246219,0.0001648404884493773,0.006138006252253836,0.04097200132679908,0.0031736430531710694,0.0011284130469475576,0.009300225125619985,0.021579303795452903,0.007092488227622041,0.003923034666894857,0.009357534650336854,0.028628650412023345,0.008711174393744497,0.003326128067286313
588.9870494705538,0.005508497875338263,0.058260405285396055,0.0008848983423777773,0.0005908306292609445,0.017944834078932284,0.041287588479882564,0.0004043880726461595,0.0001663004124188728,0.007501296668162829,0.03735380314829189,0.0031862598269017163,0.0011319808863310633,0.008970095205119754,0.02099322932139476,0.007087832671018276,0.003913533574441226,0.00923647120232211,0.02873189267975068,0.00870514498184321,0.0033244583846445334
588.6403825785757,0.005329323789761485,0.05806818695175351,0.0008828676926440289,0.0005889541925403488,0.018468874032377184,0.04117685480313819,0.0004021638710685348,0.00017461171339901884,0.0026085472097092262,0.038956633576056686,0.003206029954786802,0.0012606738242522892,0.009505164468327646,0.02066485424688529,0.0071307302982420205,0.003935222381579339,0.009313227176865627,0.028361605375545433,0.008701529281648097,0.00332110358616362
588.2941235300001,0.005348355725526077,0.05804643846988348,0.0008841831073583842,0.0005911275940534223,0.01804886388089476,0.040593766967087774,0.00040751596223026124,0.00017146889659211946,0.012096831758214962,0.04482353172625189,0.0033197188917175385,0.0011560111670988647,0.008105916847078383,0.02127811917766797,0.007175924685104703,0.0038867642052586564,0.009397431547330458,0.028532365386393938,0.008696805312455343,0.0033192192493345005
587.9482716055262,0.0053170344172812104,0.05799249415682791,0.0008797361621900502,0.0005960521600008787,0.017884448693723628,0.041012149348562954,0.0003991880875242844,0.00017215227254397647,0.009339870848121892,0.04011171381938772,0.0031956796121748853,0.0011827637153824814,0.008009341353731976,0.021166312953537617,0.007151046608628826,0.0038942675247391864,0.009351174359146307,0.028437461903315402,0.008693417444560272,0.003318289800326155
587.6028260875441,0.005295182172531919,0.05791038932850067,0.0008771175267514291,0.0005897589391254974,0.018095057427255902,0.04105553861502113,0.00040766188238296186,0.0001700606952593564,0.0069483437644686195,0.03959923807153377,0.00327729659297534,0.0011634260017247232,0.008294488180849355,0.0208155854936091,0.007139987369669758,0.0038921937904352216,0.009630277103588464,0.0285549105827944,0.008687430983161394,0.003317559596774089
587.2577862601293,0.005238467499904658,0.05790213558740607,0.0008901515408775992,0.0005887622541064893,0.01792133448045244,0.040756670481071594,0.000400361791639114,0.00016707921602762734,0.010487945641051221,0.043320536629396014,0.0032229444780124314,0.0011705976004273862,0.00762790574952668,0.02030178004570754,0.00713699525775803,0.0039325486730128496,0.009376289672119394,0.02865941708869697,0.008681371266969554,0.0033160043951477513
586.9131514090376,0.005235225203431275,0.05792175884166689,0.000876691058749785,0.0005888456658682109,0.01765578746109153,0.04109106984258695,0.0004045495217495595,0.00016697939694008764,0.010066601814246576,0.03876097900374156,0.0031985187737883307,0.0011633197180523048,0.00987705532391686,0.021116516479237474,0.007090230134204156,0.0039059505201770933,0.009424948451443673,0.028681033817070514,0.00867704015455806,0.00331324670991325
586.568920821701,0.005303727880091399,0.057833139353397775,0.0008805551640957753,0.0005811965182423281,0.01782323571801608,0.041328995221719365,0.0004097486939162864,0.000166310934083427,0.008973945699180764,0.03618205855117684,0.00332590991609634,0.0011852369169371665,0.008499291902846253,0.020076349924591088,0.007150779684902318,0.003930181126929201,0.009210040247701426,0.02871487584815821,0.008674056002980426,0.0033109951847073793
586.2250937872217,0.005312259724357854,0.05786426929866682,0.0008837620279299141,0.0005854685212804953,0.018068695986156198,0.041214443896479866,0.0003990557821698309,0.00016922830087038858,0.005578064478105924,0.036656629206599935,0.0032034041435500668,0.0011749786145667295,0.009163896116661258,0.020996629496092305,0.007133745126916979,0.003897827380734538,0.00913932619304132,0.028321852194122116,0.008670056605469984,0.0033104909938868454
585.881669596368,0.005274177917905082,0.057762426076458866,0.0008876001952395385,0.0005879272419026381,0.01787012780817315,0.040992074113795796,0.0004000860632037089,0.00017480871092065485,0.00933349700390626,0.03798380761188456,0.0032197801469444273,0.0011953893691845614,0.007534206052953236,0.021831412426420407,0.007112148940299664,0.003853928953226684,0.009331795808802196,0.028436616115662488,0.008662569652148686,0.0033089832396756692
585.5386475415692,0.005271679342960024,0.057743151376818395,0.0008600964854876061,0.0006086328258673003,0.018046042505950634,0.04110500778853042,0.00040771930674419007,0.0001654021293624088,0.005656068793712725,0.03800586514987951,0.0032548463200322924,0.0010662489417912176,0.00907396457346877,0.020290976681419687,0.007111167701915333,0.003853546307817294,0.009331501809780736,0.028459200364587586,0.008658704066551287,0.003307333214131511
585.1960269169106,0.005295399359306279,0.05773353428964497,0.0008735180226963264,0.0005813272118558606,0.017824260598232784,0.041030932672046716,0.00039786745828868856,0.00017377214693996057,0.009362555576367834,0.03786660971803398,0.0031644760556866834,0.0012381497118830504,0.007676983847796605,0.02108467294390494,0.007108496723378851,0.003881311459854224,0.009473685637602725,0.0286077869926321,0.008653642622231564,0.0033031663633614804
584.8538070181287,0.005309099915545749,0.05770130016077149,0.0008939774360691283,0.0005740801147402907,0.018113833729318324,0.041323024113089205,0.00040349558341525586,0.0001771027736027769,0.005672758589538591,0.034264034594440745,0.003272284496998512,0.0012976619870554264,0.008607204222116024,0.020665787029750922,0.007106873847134605,0.0039148453454889275,0.009155998797882852,0.02858494457708112,0.008651676289236515,0.003301319590155317
584.5119871426068,0.005280335675727732,0.05766818113429988,0.0008771201835764876,0.0006111155426912657,0.018270891106351807,0.04097340394883081,0.0004082615265658325,0.00016365790715934143,0.003235204765006892,0.03905709694919351,0.003323534978807554,0.0010681800447105755,0.008636954039499916,0.020510257335074413,0.00713122677549654,0.0038665970336033873,0.009157984945854554,0.028280330509281502,0.008646086061191603,0.003301589647399098
584.1705665893693,0.0052651769097831255,0.05767319993890599,0.000837228986252,0.000564154804520011,0.01803145145809887,0.04091312048231763,0.00040531489301892903,0.00017053334652220232,0.005886346709894929,0.038666617523981525,0.0032118669547061165,0.0012292633713544196,0.008889056896246705,0.02072382046252897,0.007126826895160285,0.0038834615191063316,0.009204603456878376,0.028355091522750182,0.008641137118348007,0.0032997092325159996
583.8295446590778,0.0052872538157676605,0.05760013666376425,0.0009169026339974997,0.0005281967308323841,0.018124939650430744,0.040841943253973986,0.000410498351853176,0.00016984003930717382,0.0052579239516749345,0.03969258724830668,0.0033739480110792134,0.0012878332240559137,0.009086356773933211,0.020346191775003235,0.007096783798842627,0.003911409897565938,0.009156670030547962,0.028268758440608867,0.008636981054456778,0.003298872176535406
583.4889206540257,0.005266373390695726,0.0575608137872998,0.0009670451713526425,0.0005993908116106724,0.01801079287115159,0.04068755721468603,0.0003866534193732061,0.00016877100901627147,0.007335160023166684,0.040967164665443465,0.003236510268354267,0.0010622190516733944,0.00868066512232587,0.020309626182611576,0.0071113399106211604,0.0038085789743639935,0.009159587407138042,0.028174937543121992,0.00863100090556256,0.0032953773657412775
583.1486938781342,0.005257141261162884,0.05757731127336767,0.0009082982441131288,0.000567690918267991,0.01787585357429916,0.0407712743974062,0.0003875489037791641,0.0001940877004603929,0.007938640986186586,0.0395123120309947,0.0030957943057049703,0.0014906731011698792,0.009274514117707935,0.020645290798840883,0.007059677509665775,0.003886459006906982,0.009497017419585464,0.028178646973533745,0.008628295972248855,0.0032944438530856236
582.8088636369465,0.005283275541365836,0.05752130134792854,0.0009546552765566113,0.0006044800576413817,0.017913333023930028,0.04083789587749208,0.00041483224551163567,0.0001699056301860769,0.006889090159227588,0.03833814866280284,0.0034840691203021795,0.0011174844806549694,0.00825952265969087,0.02046058946787552,0.0070403789007814415,0.0038713098946440913,0.009435647805212421,0.0284967852791794,0.008621820408080773,0.0032915955425669515
582.4694292376238,0.005244018059499097,0.05744329391117854,0.000880253913637872,0.0006045412251324253,0.017750065069979833,0.04071714645683064,0.000376945960870808,0.00017198373843171533,0.009186707865166508,0.039334732755304296,0.002929462179315133,0.0012332520374935014,0.009412094717949028,0.021404584566157868,0.007056017191607531,0.003877691715474326,0.009182269507167483,0.02832117153862675,0.008619617740215614,0.003290019810480974
582.1303899889407,0.005305375236141245,0.05743922043367148,0.0009217946522904003,0.000806199839849293,0.01778366262687622,0.04106729669580823,0.0004216988619594673,0.00023942151960407463,0.008975863503876287,0.03504777824551902,0.0034761588425655365,0.0015352272037617177,0.0074136421960819,0.021069482639324472,0.007057508240133499,0.00385667152371324,0.009298943037727039,0.028238531503094647,0.008612915844055257,0.0032877308517820242
581.7917452012799,0.005297581304817018,0.05741468768029139,0.001218022348134534,0.0002971681104699336,0.018091261471640963,0.04076823063933254,0.00039338845119459394,8.020017514439807e-05,0.004437108974885754,0.03858296353709964,0.0035054481724034548,0.0007419073893117401,0.008862262966193763,0.020570729570357552,0.007105571750819125,0.0038391422105242697,0.009277367467714815,0.028205551238213757,0.008609495791712956,0.0032869878923327115
581.4534941866281,0.005287154259813564,0.057388686983183224,0.0006319387110979768,0.0005439423303172552,0.017819064223124802,0.04059998575920012,0.00042697689985001544,0.00016314073730666333,0.00896523088358875,0.0409524792201985,0.0030186916585517483,0.0013742011104193174,0.00835430152667272,0.02006677945972089,0.007054532070941327,0.0038559920553050946,0.009433634287233829,0.028172727472679113,0.008605809786268345,0.0032863627915116988
581.1156362585707,0.005279439332520566,0.057326566260975445,0.0007387819337880475,0.0008204336387054544,0.01773074466338452,0.04077253083737944,0.00045170120551856917,0.00020880149110932383,0.00897844168517347,0.03880761236814349,0.0035042478970357996,0.001125384486917269,0.008203360225084751,0.020180650963787985,0.007044337562410897,0.003813312819410028,0.009137298497754508,0.028320860961291366,0.008600213077014094,0.0032842082474100974
580.7781707322881,0.005332912808232835,0.05729808150518274,0.0005792578220277236,0.0005307932355961335,0.017509789654868185,0.040829435142385136,0.00046090876758376635,0.0001383705737700015,0.010794913939447124,0.036771119239161175,0.0032573394874931658,0.0011441307114972037,0.008032310404076006,0.021543073987426473,0.007092618009495558,0.0038675819307874178,0.009364599038754836,0.027961706510672667,0.008596680629861275,0.0032822752847959506
580.4410969245503,0.005276316828487148,0.0573248535230525,0.0010234670247905595,0.0003308316381693118,0.017834282131306504,0.04090891659934121,0.00040382625526989065,0.0001245007430932887,0.006978379060542482,0.03620730837925668,0.0034020532099119285,0.0010920426850414534,0.007673444961637285,0.02005159867271219,0.007038732945349058,0.003840422676180434,0.009490982815870075,0.028436059939771854,0.008590128858754192,0.003278482007424069
580.1044141537125,0.005270042672850506,0.0572474882910585,0.0008668937235047047,0.0005112031494111743,0.017713903931438832,0.04090372382097122,0.0004046326453284947,0.00015629401993339884,0.00808483638405858,0.03569902109074433,0.0032562404872498556,0.0011506238929661443,0.008503317593830094,0.02114927103084052,0.007067700550895107,0.0038516573655923837,0.00920468092208065,0.028222146984444474,0.008587376294983391,0.0032781528302897743
579.7681217397102,0.00532872051318943,0.05716787117787352,0.001050118528162471,0.0005071805228687215,0.018130111491375705,0.04102752487242871,0.00039943728549004696,0.00013962715334789362,0.004464051318710038,0.03500394818481832,0.0035731192208462736,0.0009872202551449228,0.006990295084445126,0.020150318771673996,0.0071054386926989845,0.003865723956632923,0.009362252170152383,0.028371419704318168,0.008581626185446,0.003276718794184043
579.4322190040557,0.005294946419295052,0.057221344085399466,0.0008785023202428062,0.0006748730683290843,0.017919709214370215,0.04038051888365828,0.00039522433740014055,0.00014538561143638497,0.007475156702472531,0.042000475500865504,0.0032337769656612062,0.0007231599913847898,0.00828653681204207,0.019880990683905423,0.007083592996642657,0.003817755402305079,0.008979913395070187,0.02835076720810944,0.008578662177687536,0.0032760887978387954
579.0967052698322,0.005317845551155853,0.057102072534112154,0.000869832781248485,0.0005235432917279777,0.017516506794964908,0.040551015045444665,0.00039536367082973484,0.00014816706286965414,0.010377222782436805,0.03988561275564219,0.0031558259671051266,0.0010265391289756651,0.008117194238317783,0.020425521927785566,0.00705373478827645,0.0038225592242025633,0.00922334432476052,0.027802400879879074,0.008573601824078906,0.003272894342711373
578.7615798616898,0.0053156534331613575,0.057062717710886564,0.0009225953957005519,0.0006178192552263971,0.017706027107491987,0.040757459561539096,0.0003788420155531324,0.00015991684829414854,0.007204385885793487,0.036818919967247815,0.003094165945729332,0.001007239470369043,0.008837108520003889,0.020290231042271567,0.0070662042768494405,0.0038331444154372433,0.009577948687857484,0.028362816559818326,0.008569602609316627,0.003271726451031303
578.4268421058416,0.005434508590021988,0.05705601769763852,0.0008485620349998263,0.0005782075132390606,0.01756698152846498,0.0406553970609486,0.0003991091485648824,0.00016038853176271746,0.009513345898494877,0.03667447203226164,0.003186747082150756,0.0010760495128319754,0.008114955954439841,0.021828048065280468,0.00706140899660884,0.003822625264322844,0.009113993200355263,0.028376107602180393,0.008564726416381629,0.0032703399294719635
578.0924913300579,0.005180931316299148,0.057115167142051664,0.0009114580127177741,0.0005421344019356346,0.01762473680342071,0.040652968171270634,0.00038341086791380744,0.00016059428352754217,0.009330284348885897,0.037049993348035035,0.0030440928939314644,0.0011678831939658536,0.007627980710173266,0.020645159541310184,0.006986268617168916,0.003859805346369071,0.009206523583678142,0.028357821035244514,0.008559184987442885,0.003267737584024421
577.7585268636627,0.00516757349917737,0.05702159781642716,0.0009214447497577056,0.0005839708956464929,0.01761596720310698,0.04095002017659918,0.00039961179487371044,0.00017280454477696522,0.008771894374053768,0.03405932216912595,0.00323390741162418,0.0012217618477931734,0.009128799932160434,0.020101971137160866,0.006952660154013263,0.0038721242103920387,0.009001036810267395,0.028292951016655583,0.008555408845499754,0.003266381232172797
577.4249480375289,0.005327347624550031,0.05699465879664897,0.0009420651441358844,0.0006259873313950601,0.01789526879108596,0.04070158331597136,0.00037612562084887193,0.00017026820268282165,0.004677618854432998,0.037443683770789465,0.003105577259484368,0.0011740971913503629,0.008995714490269197,0.01912896899891559,0.007043899099085192,0.0039010642150121145,0.009017379562884818,0.028298520460042397,0.008550898357357617,0.00326437499444447
577.0917541840739,0.0051668442934348505,0.05703282935297464,0.0008835760470103644,0.0006424627958743813,0.017555885993915228,0.04064503399736898,0.0004052013159368475,0.00018714339361248554,0.009927036313433366,0.036935743160490295,0.0033479810649335684,0.0012539733867275497,0.008109107152330396,0.02017073625390059,0.007061132041645145,0.0038404374213845756,0.008578708866371203,0.028300929902976665,0.008547519901040187,0.003264599308601491
576.758944637255,0.005338051480653249,0.056912455103127736,0.0008773070137747508,0.0006215469985760252,0.017755255429852217,0.040715436922690196,0.00039387086579758396,0.00017058951896257763,0.006397177417444239,0.03613644563258708,0.003231155692679261,0.0011155731854927023,0.008873744827011698,0.021032467488415068,0.0070734483265061055,0.0038415377377218124,0.008550049343294874,0.027345369939752374,0.008542209015438925,0.0032607199081516373
576.426518732565,0.005387030017302389,0.05672379598792976,0.000859884130477374,0.0006178650287661775,0.017820732799918956,0.040755674108474006,0.00039743864688727667,0.00017442571468108102,0.006400507719676927,0.03613981608863597,0.0032047190182856616,0.0011558741284244107,0.00679561289607248,0.020768136995414018,0.007019236566585324,0.003823120727995289,0.009767235425059783,0.02734912210726077,0.00853735903334886,0.003260117352864313
576.0944758070277,0.005301587271490067,0.05696395797479139,0.0008805386771706507,0.0006023268690489705,0.017732090467142535,0.04056649384158817,0.00039695901418423805,0.00015165248205916104,0.006772307929470352,0.03734759051495153,0.003232315977541643,0.0009372955383721129,0.007868324690652627,0.01972165724675774,0.007024612585775072,0.003831770647645407,0.009384500876886723,0.028246611269652996,0.008533601561810914,0.003258024128303463
575.762815199194,0.005248415706293888,0.05681849630109967,0.0008587257578999416,0.0006139766071008837,0.017719041945015314,0.04034952227734254,0.0003994664075546389,0.00017018630205649043,0.006725097393487,0.040154218604887174,0.0032037311956703523,0.0011070663839154891,0.008946595946555056,0.019548343784445015,0.007005455537401223,0.003823648660523233,0.009156482415293172,0.027866920378688598,0.00852806978287384,0.003255997752558548
575.431536249137,0.005407370369049181,0.0570224987134996,0.000865908224046409,0.000593927278741005,0.0173279694180827,0.040536244058673815,0.00038996978270221624,0.00016310738176100265,0.010154285880797486,0.036612666639203435,0.0031096350220317366,0.0010812418280790512,0.008631730800959362,0.021363355951908556,0.007003827621632551,0.003814386593777924,0.009289003165721453,0.027918292339554295,0.008525393016917564,0.003254661383638848
575.1006382984474,0.0054135968315180165,0.056745058395605966,0.000877284979236715,0.0006088941000274338,0.017457631297802746,0.040878555315898284,0.00039651670042957347,0.0001667021510210355,0.00885051653202301,0.03294368303684115,0.0031815573938207948,0.0011110521874322392,0.008904212841185552,0.020436702106458243,0.006970890731456938,0.003848999234933436,0.009325691514331047,0.027804717792171203,0.00851864601808799,0.003252010853166903
574.77012069023,0.005134528241506961,0.05664429508460836,0.0008712226586725125,0.0006180390057628115,0.01794557915611709,0.040559183295903974,0.0003851641562242974,0.00017364710943436657,0.004352182486485171,0.03729780363288005,0.0030583835253397106,0.0011664358835701866,0.0074428719309045975,0.01974843087257013,0.006985337332010095,0.0038384784716238673,0.009643343558977826,0.027877226457900937,0.00851589843919164,0.003251791593142393
574.4399827690983,0.005271344619853722,0.056744104981677125,0.0008598360049575035,0.0006155689367689738,0.017591578054131717,0.04037520079052828,0.0004020174879379528,0.00017485395879014254,0.009460470730196697,0.03785104216143676,0.003256085237197342,0.0011916309737703143,0.006677251150722789,0.01999383413267112,0.006999307530850899,0.0038433723886791846,0.009563775107400896,0.028439056987922026,0.008511567404410492,0.0032490744557250734
574.1102238811711,0.005226465389555364,0.05670692355520888,0.0008543764576703045,0.0005972909690076753,0.01784695787910043,0.04065799483135569,0.0003873313179502262,0.0001627831329443769,0.0038290804151231905,0.03348512499809218,0.0030676055583386498,0.0011267977424423493,0.009362164506254423,0.02093306939418675,0.006977521395527522,0.0038629730727223394,0.00894663166736191,0.028368023581152355,0.008507568560194075,0.003247856103263568
573.7808433740678,0.005260343271533705,0.05665404164126206,0.0008676534966973783,0.0005971678071209583,0.017690963813807775,0.040458847273222125,0.00039390863331673136,0.00016362451343831253,0.006666983790351817,0.03895212892383593,0.0031653426223978327,0.0010986727605256654,0.008080864575429949,0.019167571001681243,0.006975152190684847,0.0038271992682744962,0.008707625030353803,0.028021939171753107,0.008502270456822635,0.003246404000352556
573.4518405969038,0.005097192062377139,0.056625186251888816,0.0008601026830241465,0.0005991346858091005,0.01780303642078693,0.040521267019882734,0.00039871791837404184,0.00016445135208684145,0.010103948983594882,0.03508393069338603,0.003223057263274176,0.0010216089258027778,0.005039413520483826,0.021789813200322687,0.007000009263790092,0.00375805389095148,0.009034010076820122,0.027440654424625798,0.008496410624257371,0.0032443568696701873
573.1232149002866,0.005200921589539297,0.05668954981694879,0.0008578372488559377,0.0005929418823584188,0.017735178422779063,0.040184244664753004,0.0003962925180068002,0.00016298890106742993,0.005278098268399794,0.03591192174215905,0.0031271839990736996,0.0010841209440600674,0.011454119597290162,0.02246474888928761,0.006920955826802193,0.0038215150672579936,0.009458436210806836,0.027974294252430736,0.008494307435084511,0.0032442498309287575
572.7949656363116,0.005221688920208204,0.05647829502586019,0.0008749210794324415,0.0005914299642134586,0.017500128510317944,0.040337545157031744,0.00038219012399421385,0.00016437246495891496,0.010444242413485324,0.04416201790917174,0.003127124276896712,0.0011834509628010387,0.008758955535713379,0.016423442949217784,0.007059148893512461,0.003879797268049003,0.009027000817686521,0.02796179718170408,0.008488209802072374,0.0032401834076579757
572.4670921585576,0.005409334921498292,0.05660068755666047,0.0008523445375285858,0.0005941438991007076,0.0174272040291777,0.04031717970228819,0.0004064150052715915,0.00017541147687904736,0.015023282805260425,0.0346067750841391,0.0032979548071168487,0.001140633878738294,0.005349117208912491,0.02252053977916718,0.006994225000287304,0.0037562699885209444,0.0093303346764745,0.027708323039313486,0.008484955524233777,0.0032407746694107695
572.1395938220825,0.005224025140460677,0.056393436339843867,0.0008563654762078707,0.0005772514414312336,0.017543845335356818,0.04052987330807695,0.0003742342856208032,0.00017559994974580592,0.009491133429509097,0.032924997465773556,0.002959850841701267,0.0012755477676497761,0.006925458606425071,0.020779970037272513,0.006988935267655243,0.0038098783972142,0.009239834492624294,0.02832623816669481,0.00848167400455221,0.0032382258156712614
571.8124699834192,0.005338670536898151,0.05644420207375115,0.0008681052541424571,0.0005395024155064868,0.017615104205219577,0.040354469580640234,0.0003997472549333881,0.00017986023894417117,0.010496458224766953,0.030109817209102246,0.003229677117013437,0.0013675050655920376,0.009104491153903358,0.024045605659680797,0.006941537454207315,0.0038214419641832407,0.00864468123256938,0.027878976462275856,0.008477953278319409,0.003235948171656349
571.4857200005715,0.005226329727425305,0.05649043836082094,0.0008057640427658697,0.0006099844250848287,0.01745847561295632,0.04021227425631368,0.00040963547269510115,0.0001434758434277018,0.0053458490802265925,0.03606894771670017,0.003261583660815115,0.0008241396439523178,0.010658138482531065,0.02235905565469996,0.0069605277510679285,0.003802220570432989,0.009231539973273363,0.02755367630452389,0.008471824419512174,0.003232276261939354
571.1593432330098,0.005311721668303205,0.05642393019364917,0.0008153415583153174,0.0006362517579570451,0.01719830155976369,0.04043728523024839,0.00037464075469552713,0.00018361903322756902,0.010428774464010178,0.03362173598629563,0.002918878085074577,0.0012979789282251309,0.008764510771850463,0.021378092879235637,0.007012986483490119,0.0037677532304875487,0.009141488983297755,0.027980857247227858,0.008467666046810244,0.0032314933315246287
570.8333390416667,0.005211323276073548,0.0562405102176256,0.0008825042417941812,0.0006128731137138956,0.017377646107192824,0.04066463622182976,0.0004229941521818924,0.00017959123832914957,0.007196806975496216,0.033222889940296846,0.0035465134171284683,0.0012168556497055923,0.010204393079153967,0.02023249718475365,0.006973362492824287,0.003800871238895384,0.008823643527435747,0.027732392033096503,0.008462214010793124,0.0032327753725284432
570.5077067889333,0.005340362609216869,0.05622843507285713,0.0009265791520235075,0.0006305319841766767,0.017550874968825226,0.04056868540348654,0.00037652662059233384,0.00014915026087677395,0.006401259767681784,0.031476404001268284,0.0031184072163476127,0.0008671719511544664,0.009009308064214423,0.022032699079253665,0.006974446507046998,0.0037798114893863627,0.009117972529592646,0.027454482815403677,0.008459757256346578,0.0032289911048943767
570.1824458386545,0.00544107092300415,0.0563809543208968,0.0008894417609515793,0.0005890015742814735,0.017574997426240767,0.04053295853096458,0.0003827994069892429,0.00018830636569095135,0.00527425285208525,0.03277776023187614,0.003093023587443445,0.0013870534823116044,0.009069815516073167,0.020098423681557225,0.006938804943397304,0.0038130746158270535,0.009396129008714015,0.02781329495767016,0.00845497570670788,0.003227842372654588
569.8575555561255,0.005399157300625637,0.05629428357214223,0.0009031812142684976,0.0005438550059373915,0.017626370991336036,0.040387746074697514,0.0003928403383119889,0.00016115035329085546,0.006205190697952816,0.033747487526345044,0.0032516595126692556,0.0011037411172898277,0.006893205462767653,0.020230435232272324,0.006957220493948894,0.003773707472234515,0.009029518989785962,0.027937486803907098,0.008449547071418088,0.003224192554966984
569.5330353080866,0.005310220176885181,0.05630521743695519,0.0008443305497214141,0.0006624482202075248,0.01734672509329955,0.040343935641214364,0.0003939578080324783,0.0001921428893148704,0.008238396879728188,0.034054901839820496,0.0031434877354643773,0.0013176808969061061,0.007937352502859811,0.021211052222045817,0.006921612553096157,0.003832094826842881,0.00909966120328651,0.027691491562993737,0.008444974876448047,0.0032251857840104943
569.2088844627207,0.005346792247753389,0.056203522884561395,0.0008113612067084462,0.0005472741745249529,0.017692069664114903,0.040715202479863426,0.00041625491212248113,0.00014285602981160248,0.007293685907002247,0.02969443637377491,0.003347961414831103,0.0009439025971538381,0.008155192462441837,0.020192057893914556,0.006936241200877742,0.0038257390203120393,0.009019594451869355,0.027859850656109682,0.008441224793711776,0.0032242847329149683
568.8851023896474,0.005328926224856771,0.056220187820769645,0.0008982080791709286,0.0005828281658873016,0.017803570065413676,0.04033534857548858,0.00039094609405643005,0.00015626499556228838,0.0027595274569307097,0.03467881724400498,0.003257387567982574,0.0010982710393817664,0.008902343998199617,0.0197918154565446,0.006982485994670037,0.003873142029534548,0.00907854396983549,0.027510307289263233,0.00843921764248327,0.0032230258480089743
568.5616884599204,0.005246291380652165,0.05615648929120607,0.0008427865506605419,0.0005806263303209327,0.01769828350422318,0.04022751879796735,0.00039525219970772173,0.00015075432602889877,0.00425872415209308,0.03485384899389162,0.0032455801218829166,0.0009163986854941104,0.007854101704709512,0.019664657878954103,0.007006172079219903,0.0037641221210343388,0.009327302711872333,0.027917284869001812,0.008434231269453751,0.003219687419637983
568.2386420460228,0.005407732974680611,0.056110680618888874,0.0008946574001811283,0.000579543021372517,0.0175785277216472,0.04018241282476866,0.0003671439679211251,0.00017690150854738685,0.004225842656006828,0.035196195889233395,0.002930081296206412,0.001208130591521942,0.009447367906052774,0.02022140015308101,0.006921025002163324,0.0037259086841580887,0.008701995844592973,0.027899784894790898,0.008428519455509449,0.003218128046052333
567.9159625218626,0.005321851362450304,0.05595174264177896,0.0008480575592604425,0.0006193445783091191,0.01773348342168582,0.039962022428459996,0.0004041908870263254,0.00018559622729612073,0.004815587490191687,0.03597180215845012,0.003249470820758431,0.001271160735710438,0.008350578804020625,0.022346117817388184,0.0069096854830199205,0.00378258346840922,0.009071834805691544,0.027321995414627247,0.008423928724183622,0.003214313814212444
567.5936492627696,0.005415335545829349,0.05590785377251533,0.0008468474244854017,0.0005836256137572436,0.017240865274086088,0.040149806656996995,0.00041236943762400555,0.00017326791698002832,0.007198085943197747,0.03554143856244346,0.0033674119774192435,0.0012146512831506648,0.010079500918775297,0.02061679442050757,0.006937976200125409,0.003793002237753208,0.00927856410395342,0.027904723360735982,0.008419948124383491,0.0032136468794940936
567.2717016454907,0.0052443580136763415,0.055792270937332654,0.0008508013605788293,0.0005985799202920245,0.017232237119006934,0.040299641221475356,0.0004021207955704555,0.00014960776563009562,0.009502461937476883,0.033603048622668594,0.003252009927919415,0.0009227325499343282,0.00839772557936226,0.02038418428329141,0.00690517105456205,0.003776579022059361,0.008757692637279728,0.027737448739941956,0.00841518567456754,0.0032133499800051073
566.950119048186,0.005198734241283429,0.05597635679387716,0.00084313435793639,0.0005872336855754372,0.0174742463704294,0.04040634837062738,0.0003936589177273362,0.0001573135857587122,0.0074639877337228135,0.03185960270344776,0.003144012244640192,0.0010519583953312898,0.00794538402466315,0.0207856085555479,0.006903552464759888,0.0037949479205187705,0.009093905066771072,0.027332404885058482,0.0084116079589124,0.0032117547232103838
566.628900850425,0.0051555716102881155,0.055817263473410546,0.0008482780254696345,0.0005823752820904241,0.017640907396280096,0.04072238088248795,0.0003936361989849077,0.0001642634345281158,0.007001256240487723,0.027473476445030932,0.0031938575270218515,0.0010901163592278373,0.00792667075940388,0.02074590938286168,0.006930941069875859,0.003781085567061039,0.009294886582000313,0.027699396899696214,0.008408052742101588,0.0032097713157589972
566.3080464331824,0.005117399745486718,0.05600958377528948,0.0008522690467371478,0.0005805272920857592,0.017960846455170425,0.03988550327061994,0.0003876009463582338,0.00017101072378732907,0.0020113839690396027,0.03756986218620086,0.003162350643018234,0.0012087920387196093,0.00809753118066621,0.020564462298684142,0.006959701906997967,0.003796775272286749,0.008967093301434083,0.02767078769800882,0.00840415123060074,0.003208152313631845
565.9875551788342,0.005402395762832258,0.05579244971743621,0.0008542885603435897,0.0005892509037603792,0.017274035051255614,0.039948041112918775,0.00040026616353632785,0.00016218526868928097,0.008212847753763594,0.035679723098080256,0.00324189730394417,0.0010360711170669722,0.00903489272881728,0.021608034337083953,0.0068889600365541785,0.0037442894125521995,0.009104040716974604,0.02749926142709311,0.008398426142697825,0.003208363785185114
565.6674264711539,0.005018919441761589,0.05574185240116409,0.0008457753336165119,0.0005885596859552626,0.017600840564928857,0.04007808476738399,0.00038484756316862795,0.0001551973329239673,0.005431351424627469,0.03497122268342665,0.0030676761530237188,0.0009938737143162448,0.007794075850745853,0.020405052883603742,0.006888844370516092,0.0037697099742724214,0.009044719812881047,0.027455930488184253,0.008394430385759976,0.003205015467000602
565.3476596953082,0.0052026417973986844,0.05581325242484083,0.0008501680380895015,0.0005893445034947353,0.017509790841861623,0.040255614105795506,0.00038851200320234647,0.000164478996220294,0.0062934825233917574,0.03199994138838247,0.003106032838200141,0.0010789572638852224,0.007957876355576578,0.02084303505768989,0.006879079296980333,0.003751608841944317,0.009251318806518227,0.027439793743050382,0.008389121693884428,0.003201864565923968
565.0282542378532,0.0050846104233357794,0.055776568565992946,0.0008384479411587658,0.0005803571396871976,0.017423528911962676,0.03998090841619899,0.0003911135356675189,0.0001706890836572007,0.0063875707977579625,0.03586663653436442,0.00312341590943265,0.0011315190599363722,0.008671242707908991,0.019674246535105563,0.006896654774905767,0.003721041594822305,0.009056274485774314,0.027727065243581175,0.008385625043987951,0.0032013901773475617
564.7092094867307,0.004879539502512262,0.05585098810425032,0.0008455861674732714,0.0005788779209190294,0.01741584288749033,0.0401416978976385,0.00039036033404635923,0.00016825378843755243,0.007944635582732727,0.03249192180025446,0.003111432703037744,0.0011311714920722946,0.007647578883796672,0.020828731262970128,0.006867552992603735,0.003752563241569157,0.008999134893352228,0.027618157144215692,0.008381423111089484,0.003200382314630517
564.3905248312642,0.004493789967553594,0.05610608394138541,0.0008412193568041063,0.0005826054796173862,0.017536327513614138,0.040094266529926835,0.0003966237188900833,0.00016659475480114677,0.006686214302245508,0.03297839077756014,0.003170461487937042,0.001185003730293301,0.008151017420951171,0.02019665719684397,0.0068726419745755935,0.003811840815124041,0.009119684602229767,0.027608554534970988,0.008377947955930394,0.0031995578504238707
564.0721996621546,0.005261932196016963,0.05638971721963171,0.0008391758999417064,0.0005793389613729924,0.017313838858388306,0.03984736086636072,0.00039984215552334623,0.0001677609293629729,0.006120262310122246,0.0337147720447675,0.0032247050103993073,0.0011746457185896223,0.008986438724473498,0.020770040535820412,0.006890065683463192,0.003805515978639109,0.009046425813073043,0.027749309418904123,0.00837366667687926,0.0031973743872883917
563.754233371477,0.005091256251777283,0.05590486515456203,0.000855392186177132,0.0005792315951395349,0.017605666128975753,0.03997912307306837,0.0003829821914021709,0.000169182958221744,0.005290800897004578,0.0336995717632048,0.0030871151438731665,0.001155636928629099,0.007701160322022481,0.020763931449646472,0.006884669190113138,0.003745312976662914,0.008836945190211188,0.027447993392335272,0.008367244458679673,0.0031942826477187884
563.4366253526762,0.005401299597430173,0.056078507901332585,0.0008458625581989149,0.0005773161237497887,0.01719623012125484,0.03992316005845579,0.00038822374972106896,0.00015466870254583932,0.007170477276781363,0.034521139201790355,0.0031189297373476746,0.001064168047382609,0.008702621790692446,0.02017202191891594,0.006879854994204601,0.003789248210475189,0.009053284839841,0.027215783140394807,0.008367453554815503,0.0031925585417439816
563.1193750005631,0.005156946139711011,0.05531508426407434,0.0008525889177279434,0.000579978445752635,0.017290963738732082,0.04031020340868679,0.00038947754617522424,0.00016410129475601644,0.009249113451481213,0.03076473421118341,0.0031419665837553895,0.001131712182481519,0.007851387056755778,0.020779705362673952,0.006884540413042294,0.0037858932129721536,0.009022307180354744,0.02747388548712164,0.008360861313990723,0.0031909625125915463
562.8024817113113,0.004657826090304214,0.0563253304333653,0.0008429900785273743,0.000582239385468463,0.017558451212825607,0.03999416961561278,0.00038721195676436016,0.0001586159360647955,0.0070696075305669666,0.031447278239450795,0.0030958687301415326,0.0010208312504717664,0.00707032466966579,0.021399020753332096,0.006865302745075042,0.00371986576354194,0.008886566040104599,0.027485050465312504,0.008357405665283755,0.0031920208938204125
562.4859448824523,0.005646063983535238,0.055552398802264695,0.0008411858508484786,0.0005741975306610866,0.0173854689295092,0.03994982758588554,0.0003884055477332928,0.0001686000899042588,0.004604646568332919,0.033444444356795576,0.0031280123441851013,0.0012149280511980292,0.008846887154561335,0.02077105053028287,0.006894940190095256,0.0038064628914122097,0.008975562720201339,0.02741444411120683,0.008353013933220127,0.003188281445367708
562.1697639128726,0.0042817544030024106,0.05594937210996241,0.0008491476447437701,0.0005783097950946766,0.017777550617124358,0.04018092098047396,0.00038548697488267485,0.00017368729931996885,0.005897010190385744,0.031447740550645774,0.0031628298629222387,0.0012109522297549659,0.008221162584918054,0.019244645487177584,0.006929347049560113,0.0037629777791623655,0.00920413300298714,0.027457693890520146,0.00834663218726316,0.0031884671467833268
561.8539382028091,0.00577911198629115,0.056690801788703025,0.0008465230151829964,0.0005754150659959453,0.017729875310231232,0.03967840092016588,0.0003669133805469015,0.0001672977767198922,0.0012517802373431801,0.035095283318440744,0.002923629743090207,0.001187613506559749,0.008663463290515126,0.019780361750362806,0.006888117881855454,0.0037631271756905986,0.009024319898632916,0.02739181174587406,0.008343783536614214,0.0031873455547757174
561.5384671538462,0.005600673971157696,0.055511468072846175,0.0008481669255996955,0.000579766550548888,0.017307267961077195,0.03954070597345722,0.0003919750536740984,0.00016256489490549912,0.00564502165681175,0.03710492304368696,0.003119625354517294,0.0011049398126662673,0.008666453968275888,0.020931995894167915,0.006808410154334493,0.0037548940212014845,0.00898729219134088,0.027476182268369516,0.008342009878423758,0.003182194645260069
561.2233501689115,0.005938878727098797,0.055561272962836424,0.0008462323499433066,0.0005807588579789431,0.017086750372259707,0.03988403206997746,0.00037951434796168373,0.00015469856452717318,0.006448600186372846,0.03364758469525479,0.0030695819584535783,0.0010473802107765391,0.008618943319361503,0.020235019224780056,0.006887747276428427,0.0037761119689091235,0.0087972886850171,0.027392106421215052,0.008337573407393344,0.003182356265508144
560.9085866522715,0.005293716846385637,0.0548750352732688,0.000840805443694116,0.0005772626874755029,0.0173623914382068,0.039959424813191,0.0003912705928140955,0.00015853995135588146,0.004022877855695385,0.03547250302757326,0.0031664479503179196,0.0010880370014773623,0.009493409386390771,0.01915026773948002,0.0068652935653653775,0.003783804111259093,0.008973741572765039,0.02736145617814152,0.008332424204954995,0.0031792719077959964
560.5941760095293,0.0046543380892262705,0.05545732335534357,0.0008460407900085083,0.0005726436452021301,0.0175881016660529,0.0399451022227685,0.00038178968749353834,0.0001511574508433116,0.0037384557672730015,0.0321842244442335,0.003037599152494187,0.0010363405042549943,0.008775076194762286,0.02057323906586635,0.006840637354058845,0.003776851864862377,0.008915094267637407,0.027516864062480554,0.008327277463255126,0.0031803922020732386
560.2801176476191,0.004966870420160808,0.05574695020087733,0.0008407986377750064,0.0005836958673282765,0.01731929499865213,0.039705825589476676,0.0003811966390237722,0.0001778112930029138,0.006515130645776112,0.035137634021408085,0.003118063514584735,0.0013418718719431942,0.00808080044816134,0.01960135201345405,0.006926520012891532,0.003803824992182649,0.00885359063860724,0.027337849617388114,0.008323607652146528,0.003177973804864231
559.9664109748041,0.005721624025595987,0.056103661117572035,0.0008450869281416584,0.0005769967533919584,0.017211774620094534,0.03969922378466683,0.0004013907485914073,0.0001501121523073729,0.0041288361378293455,0.03273177491957047,0.003275229748249074,0.0009414823196612812,0.009624504387286676,0.02054366892217876,0.00685497903678357,0.0037286298548991396,0.009065328002016305,0.027261930046153505,0.008319708044062998,0.003177185818998344
559.6530554006716,0.002977657743026043,0.05497359121208926,0.0008438938184977516,0.0005726077571063355,0.01789894640473759,0.039849107614156984,0.00037792500045305544,0.00015601365085774152,0.0031488527744771514,0.03407435375616631,0.002985762587963919,0.0010835925707540198,0.01023289865961811,0.02010666254684401,0.006827438963798749,0.0037548009550681834,0.00883310338840343,0.027354509988240707,0.008312867415218769,0.0031742331981408096
559.3400503361298,0.005125968231168017,0.05404364543980614,0.0008453417226937502,0.0005776855070523979,0.017356673025149826,0.04023890987524802,0.00039715460908611237,0.00018211135657172467,0.005537806114781088,0.0325494807272872,0.0032198811930463137,0.001270594728384324,0.00955564813910051,0.01903012043289909,0.006829414463897432,0.0037239736637804683,0.00894300577686117,0.027060773321828,0.008310999889140195,0.003173598756124512
559.0273951934042,0.005437694656801292,0.055554879937900536,0.0008419258586982636,0.0005740909480620803,0.017498607469855643,0.03979516858868164,0.00037938265675170857,0.00015815154318366253,0.003296206131365148,0.033174533942989276,0.0030189758706022957,0.0010840211587105685,0.008484152906192179,0.019143342530915042,0.006802313943485338,0.003763369256283499,0.008911310430284767,0.02724003161834897,0.008306844124800001,0.0031727115943909028
558.7150893860336,0.005616178623569669,0.05484216464950596,0.0008443381162741819,0.0005739653456677605,0.017157840299491002,0.03986698451176047,0.00038016769753358774,0.0001542578261344715,0.0048409671829734175,0.03177423627708722,0.0030574499946577237,0.0010757507440928146,0.009118448710127212,0.021638028933116605,0.006831628306298367,0.0037777784249620012,0.009202015461966685,0.02703624141211491,0.00830465441965165,0.0031705580816844352
558.4031323288666,0.005362546818891458,0.05557213801909025,0.0008417845035568391,0.0005770052465972385,0.017595868029299716,0.040140652522811085,0.0003813464543055039,0.00015824617107035318,0.007494891177509099,0.029188745923657212,0.0030584702168098034,0.0010572034780808824,0.008315585120710758,0.01903228210389006,0.006837390362649632,0.0037278094839808666,0.009063265592457261,0.02759685675800086,0.008298852434954512,0.0031693970502994578
558.0915234380582,0.005756430395690163,0.055117378520456,0.0008398347185454379,0.0005736230524873031,0.017462421650427704,0.039269657507402404,0.00038036331445749367,0.00016951260523531797,0.004224235051569269,0.03908466221263588,0.003039035456453211,0.001166107186635721,0.009505375984878437,0.019724045078873206,0.0068126424620463455,0.003698554143320813,0.008915744717237096,0.02716628430707159,0.008291189420008883,0.0031668818904277162
557.7802621310653,0.005598641253080282,0.05470013913463594,0.0008423765296282024,0.0005736898713993327,0.01721842816804726,0.03982533890145746,0.0003888031100882066,0.00016672777312910203,0.0045289442948482014,0.03268335189596749,0.003156204493292299,0.0011442365983561536,0.008527323404607719,0.0199788982901148,0.006836707745925951,0.003726847295482332,0.009002567828448776,0.027366594480567427,0.00829020739687107,0.003163177943666421
557.4693478266445,0.005038429267523895,0.055164765993810615,0.0008399329538899709,0.000574529919061273,0.017521292820464298,0.03970827011527458,0.0003939812327359988,0.00016712801038742478,0.0014658534541951832,0.03274744576718255,0.003245959695808719,0.0011665940705485815,0.009232001472909122,0.020262532827314824,0.006873292007715858,0.0037359971378437508,0.008968251357382662,0.027090178719219368,0.00828564006478391,0.003161800664147383
557.1587799448469,0.00545147663965041,0.05524292804827155,0.0008419325013543691,0.0005775021367122317,0.0173697821733741,0.03949146480678603,0.0004048677964457555,0.0001592608287788054,0.00420471226832578,0.033306572637298734,0.0033191627021165833,0.0009990758504641489,0.007574881251819315,0.021322170184534302,0.006823690506496849,0.0036846486964901112,0.009198567750540154,0.027282972078622292,0.008282512608036984,0.003161889549796626
556.8485579070157,0.005327579406432916,0.054682371103372776,0.0008409974421185695,0.0005770518570765752,0.017059456763272342,0.03995420307474993,0.00038672927370389043,0.00016069773018881995,0.007198060736505749,0.03144551030674832,0.0030804130439154613,0.0010898573167626875,0.009448838565831777,0.01917801555910796,0.006768495952514522,0.0037487538415595253,0.008824152640934361,0.027180118997580483,0.00827856561442176,0.0031620353032995757
556.538681135782,0.005027159635926707,0.05501484121290428,0.0008414363470050453,0.000572089059108629,0.017468094325244602,0.03939382373723987,0.0003767543884998665,0.00016246014057013579,0.003567519455061046,0.034805341936848665,0.002997170934999704,0.0011084136800275704,0.009312031541914295,0.020313526024417893,0.006776311328280252,0.00372813304562912,0.008998868870409746,0.027402161756692245,0.008273754707706133,0.0031569526875237014
556.2291490550613,0.00557007655020606,0.0552341715882716,0.0008405140586426544,0.0005735982783246685,0.017408240186804865,0.039712614410971694,0.00039525589560535275,0.0001676297923236979,0.0037895406897125107,0.03178356577787497,0.003203763028190109,0.0011838402319755113,0.009206566546505545,0.019862790232240253,0.006806167975173946,0.003739843980514935,0.008591556225653559,0.02717830575452279,0.008272522834381756,0.0031578127037659542
555.9199610900502,0.0053522362976443204,0.054925948978743824,0.0008383384403421204,0.0005776692085487241,0.017247290250273082,0.0396930854422486,0.00037380258433973443,0.00016420906216877492,0.004478188849116536,0.032381741987314125,0.0030247063236575476,0.0011208950836442706,0.008318536996333387,0.019031095712629207,0.0068342091186480965,0.0037335485792769894,0.009169214023713314,0.02720753626727487,0.008267114199867939,0.0031586658172381406
555.6111166672223,0.0053176532201134035,0.054919881038041254,0.0008401839775867027,0.0005709640600106802,0.017385591815927755,0.03920147013107512,0.0003893285358774143,0.00015973892776665092,0.004210801444847644,0.0384287372848346,0.0031540547166135466,0.0010477490134936686,0.0077245950553789505,0.019130549645145028,0.006803217245040033,0.0037018290838447135,0.008803637674059272,0.027336020076486535,0.008261106330184393,0.0031555636614529576
555.3026152143254,0.005226720673888666,0.05476174178890102,0.0008372601585483428,0.0005793187644923088,0.017333473176198395,0.039759858222448236,0.00037985206267296043,0.00018303503520083656,0.0031965206846052557,0.03072976489125807,0.003002636145389134,0.0012858709412295283,0.008815008116911488,0.020048574922070336,0.006744477636355822,0.0037138410843903253,0.008928807513048304,0.02712702916808506,0.008258447834723924,0.00315149945513381
554.9944561603775,0.005488852096294143,0.054735461650323856,0.0008444477345436664,0.0005756916175823391,0.0173315853043575,0.039402136037907,0.0003540608533215121,0.0001606802154315181,0.003155269411283709,0.03574365887327498,0.0027918926791364873,0.0011516849277270964,0.008386487329220907,0.019189451787612884,0.006771125296367956,0.003768468424704851,0.008759015564983381,0.027086887646131694,0.008254090204666607,0.0031506815795771864
554.6866389356629,0.005405577376850823,0.05466070853249725,0.000849396416342298,0.0005891502917545683,0.016951438544964788,0.03973407835726852,0.00038618370491944564,0.00015370454993887664,0.006386346345334764,0.031064092614544483,0.00315542591472346,0.0010439430874790748,0.009840367599176593,0.02038835886570789,0.006811625311438805,0.00373924312432604,0.00888333926638152,0.026776022517710794,0.008250025280155433,0.003149685421928214
554.3791629717296,0.005455923600336614,0.054807653302062685,0.0008701516660597689,0.0005768176549735125,0.017341399891837157,0.03922020326274945,0.00037052508071240824,0.0001582875491969654,0.0036631493335146964,0.0376946365893085,0.0030387849245230455,0.0010843098011254005,0.008332608389160933,0.01844156275500873,0.006823254197617595,0.003715223017427873,0.008719909528722153,0.027150004029058594,0.00824644837736181,0.0031485303423056965
554.0720277013851,0.005368423787815068,0.054857267981644316,0.0008331098901032484,0.0005461585898455873,0.017224194096038207,0.039320373158789335,0.0003856609294509336,0.00016068226158528432,0.0025786570127644456,0.03453184421044045,0.003124350022343728,0.0011533667956189408,0.00936136771100417,0.020130482941097982,0.006795568052395898,0.0037282877357219957,0.008845347056066714,0.026945961598202808,0.00823846822299441,0.0031453078654288267
553.7652325586934,0.005382825503469496,0.054482594131683534,0.0008505734035268405,0.00058518085418695,0.0171860029073018,0.03922264657310738,0.0003759041589297698,0.0001476089297601253,0.004848967919995152,0.03705295186200177,0.0030517249316846353,0.0009667846361394977,0.008124019890149284,0.018828449736083414,0.00678744355972533,0.0037247220130236366,0.00892631870589119,0.027326239406109322,0.008234621988931832,0.003141564916137688
553.4587769789707,0.005389403395346585,0.05465664182223437,0.000822907150403526,0.0005922705476758346,0.01703553484158359,0.039523185280659914,0.0003738155478766195,0.0001617646754455573,0.005283787622054709,0.0336833309319269,0.002941454730975449,0.0010788584504703338,0.009428762832516476,0.018883106165504503,0.006767855207687529,0.003674659836300243,0.008917788542117715,0.026834929253791114,0.008231329704265437,0.0031425019940218043
553.1526603987833,0.005269311846746182,0.05456507576756848,0.000827584329260829,0.0005624173912843504,0.017359825589980064,0.03975852626581678,0.00039590111844030253,0.0001636667131765596,0.0037652632249213698,0.028987665274289393,0.0031815345861478574,0.0011128071966537757,0.007656528229268463,0.019912431126661124,0.00674488360316538,0.00368810257697454,0.00889278682190065,0.027162680231200782,0.0082323946600966,0.003144094067588756
552.8468822559425,0.005414088320247968,0.05461842907820654,0.0008395470036231414,0.0005703343486922482,0.017159160249934795,0.03937537927323889,0.00038665843548547576,0.00015439685431465881,0.004117690917448775,0.03439320731794872,0.0031141315078347703,0.0010282581976505019,0.008255953777568409,0.019592594686717563,0.006767596137834847,0.0037085369236200785,0.008644437945840716,0.026825637584208955,0.008225311646590405,0.0031402192808657713
552.5414419895029,0.0053280235212534175,0.054559911874236054,0.0008295702450992466,0.0005669726179382749,0.017221983872263136,0.039485731392598644,0.0003813292857591996,0.00017911315438679787,0.0038859661629337223,0.03217017029265363,0.0030523701330885137,0.0012393926887053397,0.007517053003064151,0.01941958808602819,0.006764758923746019,0.003664094120827572,0.008992778584507909,0.027162283308636594,0.008219921285100278,0.003140125727879597
552.2363390397571,0.005400308763460102,0.05455005078619538,0.0008333561766817018,0.0005697859581458413,0.01744568985994147,0.03951119097298409,0.0003706042261038672,0.0001672270473662693,0.0021078454245192398,0.031552801772390365,0.002973454546426523,0.00117220717544796,0.009087577198629664,0.020220716994060372,0.006774498648590805,0.003695461641002868,0.008753343055502879,0.027002226913678425,0.008217650348090258,0.003136689736944677
551.931572848234,0.005384206455366939,0.05450811020081813,0.0008300852856863629,0.0005692758963167803,0.017471039522914438,0.03933759925707333,0.00036386374630524056,0.00016181193033885393,0.001457335252358261,0.03391555893582415,0.002909567784722264,0.0011427191561359437,0.008882710929369906,0.018892516579630432,0.0067928559414067065,0.0036979103184531514,0.00899659968534861,0.026918115686127658,0.008209910691548373,0.0031371584772711242
551.6271428576945,0.005178847041447666,0.05443798821743648,0.0008320666138533145,0.0005679876243408239,0.01737289554365122,0.03943406066415045,0.00037228134811695304,0.00016943856559934744,0.0033357476633751743,0.03384908002891545,0.0029705471834664435,0.0011994403520824955,0.00820638021322229,0.01809222566019754,0.006764942552198982,0.0036738878576602144,0.008730511923236848,0.026808992611176998,0.00820858451007387,0.0031319249474608068
551.323048512128,0.005445644924882504,0.05432338172354056,0.0008344827670052325,0.0005682394025666886,0.0173589647246399,0.03894524225972921,0.00038257572935217784,0.00017216416525611097,0.002947255064169778,0.037661692241434105,0.0030851018856116862,0.0012106892410857,0.009306935882271513,0.019275939809196,0.006744949091058132,0.0036891632016705306,0.00878791054559038,0.026912931128250765,0.008204649516609812,0.0031321620882706885
551.0192892567494,0.00530514303571301,0.05427627387582176,0.0008324537783964576,0.0005643421497018835,0.017088498888657322,0.03890020411305196,0.00037035649557181575,0.00016243567795632362,0.005353684644052429,0.038100768618164214,0.002931182118428989,0.0011492491049827046,0.008226020853967378,0.019039073289428325,0.006730507914211146,0.00370785100552333,0.008681148734847845,0.027031056670424786,0.00819881671475319,0.0031336776865202166
550.7158645379957,0.005272758783368981,0.054550480046996946,0.0008292508080588094,0.0005707164312871242,0.01701336662056763,0.03931670967338398,0.00037999448032238276,0.00017321096150757682,0.0053429088784592545,0.032937121044463426,0.003057131600335858,0.001287470826912737,0.008449763990603114,0.019039436173853976,0.006743377170800929,0.003740404012324763,0.008895489865690073,0.026829017869607917,0.008198769433055631,0.003131258401998788
550.4127738035223,0.005211369865576835,0.0543375469361192,0.0008328052462892566,0.0005689856353656917,0.017529496338758287,0.0391773160023032,0.0003853238403236303,0.000151557354721401,0.0015255475903922127,0.034945745476376015,0.0031275717085535574,0.0010158059359858405,0.008602527168131863,0.01925883045114099,0.006746283988541662,0.0037107500365455336,0.00887570085834076,0.026945827294539572,0.008194854520445192,0.0031270671901534254
550.1100165022003,0.005454271269015904,0.05460611946898998,0.000833750920486492,0.0005635480090660086,0.01711203104576198,0.03880370601892478,0.0003835057292732388,0.00015230302679971317,0.00447263444523952,0.037718262665167875,0.003102907226445806,0.0010271089230634472,0.008746270845019175,0.01929900356235693,0.006755413188415149,0.0036786286865454015,0.008915996416902798,0.02673390525845966,0.008187570867334132,0.0031278432083163047
549.8075920841122,0.0052325022785190715,0.054240814512446466,0.000833179425738521,0.000567285706298226,0.017080327352386775,0.039241070840681326,0.00039090670321582064,0.00017184914680040922,0.0032453556300708233,0.032093207381676335,0.0031599689647816135,0.0011263361378706265,0.009014634374028392,0.020282192271135126,0.006732404674128651,0.003630100037656915,0.008861398108177635,0.026932408492054246,0.008184476938620809,0.0031269334909814887
549.5055000005495,0.005362844483378917,0.05425719952670551,0.0008295393536111071,0.0005684687037611088,0.01724353318776622,0.039073218108882785,0.00038096523121677607,0.00019088897052508183,0.00223744916035508,0.03531821271966705,0.0030124600300532505,0.0013408037909976524,0.00878453710728486,0.0192068942943768,0.0066600033474967955,0.0036317196629655586,0.008699737209050377,0.026745657213649604,0.008178272116000338,0.0031273067315626675
549.2037397040089,0.005184656549027559,0.05423419677854799,0.0008316740787036503,0.0005680674793703894,0.016967022050830248,0.038916150621740385,0.0003618604488918136,0.00016974852567519264,0.0051264999052411985,0.036369463711431176,0.002840630721111005,0.0012317970714167724,0.009256282593120488,0.018810663157676086,0.006663297300463055,0.003712557184914539,0.008916947183889743,0.026937145815669153,0.008179495775464639,0.003121711807566484
548.9023106481889,0.005443140422188052,0.054184746706365264,0.0008289968996128354,0.0005656529362998374,0.01704883495661702,0.03939065271446108,0.0003729609396160962,0.00014442548799531522,0.004469528642721061,0.02913519790094877,0.00299472777292565,0.0009528909347393584,0.008393668314940613,0.02056928278007219,0.006710569524723239,0.003662808377670606,0.008736702150573553,0.02684192085499467,0.00817233044892741,0.0031195489010714724
548.601212287987,0.005266314043019235,0.053982548218930275,0.0008302629722082828,0.0005678156512671596,0.017376881503703954,0.03899504327733331,0.0003968852902356067,0.00012681573754575587,0.0019222079616243116,0.03574900699499587,0.0032075386066100454,0.0007232715173945313,0.008218760696891411,0.019302107825068294,0.006674179787781277,0.003672003268725254,0.008945019319671243,0.026897991376018077,0.008168574431189485,0.0031186207474317006
548.3004440794957,0.0055610149119675895,0.05393839196452862,0.0008314347777102205,0.0005640617322195645,0.01708591498328268,0.03890581328209702,0.0003958334307892427,0.0001533470539192382,0.004268472280394313,0.03560761644324636,0.0031760021326283903,0.0010565464255089744,0.009152290377758337,0.020248749945026318,0.006674127635308418,0.0037280625202145146,0.00874317240081828,0.026830259687020082,0.00816100715398897,0.0031174350022748526
548.0000054800001,0.005553746371667719,0.05444708051610529,0.0008267479896896827,0.0005611476547926257,0.01692414182245107,0.03912653739170576,0.000390344251516227,0.0001559087004829308,0.004826946122237277,0.031777111616464564,0.003171327475415247,0.0009878710408303872,0.007970913167247129,0.01906521442540733,0.006725905609086347,0.003624212129105846,0.008924942754529106,0.026918725793006425,0.008162511519741747,0.003116395407735278
547.6998959479738,0.005434886287079439,0.05381757451184724,0.0008274794500286582,0.0005637099669172761,0.016860810133082764,0.038944261622781924,0.00039087794558281065,0.0001645713558434575,0.005054492092815104,0.0359861914314528,0.0031861611261816873,0.0011188559472884005,0.00920280690390136,0.01836834669190091,0.006729006227037757,0.0036517482366909917,0.008736963766753245,0.02683001236098045,0.00815573918989811,0.003113566392229102
547.4001149430761,0.005844708486209407,0.05405409449340239,0.0008289388596835065,0.0005667588381732775,0.017367501319603525,0.039146682901737846,0.0003884006265535649,0.00015391850244519137,0.0021521836805914476,0.03290916734204067,0.0031500464539173496,0.0010306379542851392,0.008205833067932088,0.019056626631622702,0.006706296326547326,0.0037041305477327345,0.008802528692626179,0.026795580708681644,0.008154825023425256,0.003112135588237528
547.1006619261489,0.005938235028707933,0.05482212831039717,0.0008251147399942181,0.0005675445955472083,0.01689439017208453,0.038638099444250576,0.0003821676977844452,0.00016907679357233766,0.003917553745514504,0.03619900125055285,0.0030483220632003577,0.0011571578002729389,0.008535720096852896,0.018914005124314497,0.006678806706055575,0.003655561674413255,0.008697451780025622,0.026912112158672036,0.008150748519556666,0.0031126977338675555
546.8015363592127,0.005114397640390667,0.05375872902759469,0.0008267253371215322,0.0005675172546451246,0.017295814048597695,0.038934213141412696,0.0003781701974466311,0.0001642868434439836,0.001787319063382176,0.03438705861464815,0.0029791510349705176,0.0011019102446545434,0.007823766210389653,0.019522717135629464,0.006630719510221451,0.003657815745449704,0.008844602601337253,0.02680618591840155,0.008144115125249526,0.003110125654238084
546.5027377054646,0.007083044071857662,0.05457915863155352,0.0008292390979475631,0.0005697382362565757,0.016316060790483485,0.03841967938426142,0.00037290298960137875,0.00017224339718322257,0.010382057153727855,0.038317139071422805,0.0029434349783290332,0.0012366841239288653,0.00849060523597314,0.01911120158268794,0.0066475744141656495,0.003677870510937664,0.008706957936588855,0.026869430626603054,0.008140359890770932,0.003110298488601476
546.2042654292737,0.005845686598409626,0.052802175092774864,0.0008286534816583436,0.0005560678628103483,0.017051317068211617,0.03900205222712688,0.00038355128271981933,0.0001658443231392119,0.0023040943590626204,0.037597600628367187,0.0031130591024530778,0.0011951100729899753,0.007710855553845273,0.01752732914227058,0.006689396753868715,0.0037110272205729566,0.008756338504668903,0.02678458241061987,0.008135837282524974,0.0031069618533554953
545.9061189961791,0.0017964795076650544,0.0541430722734417,0.0008367667851663916,0.0005865730652318309,0.01792578750359216,0.03918084565928093,0.00037385989034894847,0.0001795867057481074,0.0015174633726632901,0.029762492967429017,0.003058631536977986,0.0012864741842888666,0.00929782929713237,0.01956235281273436,0.006729570324311133,0.0036773562120680815,0.008734612795583652,0.026689710312696912,0.0081350117626527,0.0031042593240768837
545.608297872886,0.005455870559346465,0.052380653738703084,0.0008155627820160464,0.0005750920818841032,0.01673309962202178,0.03905345089743943,0.0003611240172958135,0.00015933378073855692,0.008448835236970454,0.03479950453605516,0.0029051926646111105,0.001093315814315167,0.0067572013026002894,0.019632427573624874,0.006710307114600605,0.0036802006602047656,0.00877492398290126,0.026787095634191134,0.008128620417498195,0.003106131412218467
545.3108015272629,0.005331842704832147,0.05393771629636377,0.0008436125629211346,0.0005387395687379019,0.017585659920674426,0.039070987321690114,0.000368877154811116,0.00014580073320980168,0.005007674022509217,0.03433016392125961,0.0030057673016962746,0.0009954895400900738,0.008664009876519519,0.01798878518292294,0.006703837360975253,0.0036487856599384245,0.008558143825724587,0.026710965789234653,0.00812639247685572,0.0031032336697167633
545.0136294283379,0.005205927298522607,0.0528765731131142,0.000815827643901434,0.000544253184043959,0.017238204739287246,0.03884954593207607,0.0003807961953113806,0.00014370987261313334,0.0027997906717212927,0.03506006244464926,0.003075281424663925,0.0009216643128557978,0.009515981540956935,0.01991368682943643,0.006685583915471078,0.003626340295865778,0.008622480741101004,0.026666316229829047,0.008119639146464366,0.003101005751771123
544.7167810462964,0.005480955543658463,0.05348868239651156,0.0008237865233797226,0.0005563807431143139,0.016704728835310254,0.038434641035563155,0.00038426699211994357,0.00016084902316869268,0.008366514803448046,0.038986635225323724,0.003100829827784366,0.0010725598011744628,0.00885013004837815,0.018829049176931338,0.0066747291410309785,0.0036244181560626206,0.008684554274383331,0.02680161994178437,0.008116899177116705,0.0030989687999932944
544.420255852477,0.005814050403792722,0.05332197377782438,0.0008179504809864661,0.0005534275981629958,0.016526316635865308,0.038628493775699366,0.00037761207534159255,0.00015204739934475853,0.008127089319825082,0.036532361657998724,0.003061793737156862,0.0009371043983319972,0.007784476883728722,0.019518645088119464,0.0066882580885926505,0.0035773365443452143,0.008602828719929848,0.026746091981044915,0.008109720858642649,0.0030981631216179437
544.124053319369,0.005569358702780185,0.053673653404199786,0.0008270161890503255,0.0005647121242636397,0.017041460815098722,0.03883742070452706,0.0003732550586061009,0.0001587281015433565,0.0032888544628211433,0.035320302571653556,0.0030020361071876936,0.0010593464247783942,0.0068763970684241095,0.017273652738845503,0.006672562661084942,0.0036153531374909257,0.008659451011932263,0.026759276367231875,0.00811147812289775,0.003098527366475794
543.8281729206091,0.006163128892487066,0.05368277073257118,0.0008298287756716556,0.0005478433682971437,0.01690217587632843,0.03912508789682234,0.000385425378407396,0.00015444254953691532,0.004454812735008984,0.03130024272082466,0.0030923045848792606,0.0010436697577765701,0.010107162590457209,0.017923241723667823,0.006625145727753918,0.003650301645633713,0.008540328815746867,0.02655021503751159,0.008106753349882668,0.00309656224497552
543.5326141309783,0.005140497204396404,0.05394404103736127,0.0008130016020634013,0.0005562837407687991,0.016974343043442454,0.03860005104286181,0.0003751176568502447,0.0001548117591743578,0.00480239212223792,0.03425459942691498,0.0029779760224570373,0.0010712650714383334,0.009288673021788176,0.020005629908172368,0.006646073946523793,0.003666901040832808,0.008597794848148512,0.026579435720734547,0.008106168937236242,0.003092206935579764
543.2373764263988,0.005644509730322666,0.05312199102505761,0.0008397747886821758,0.0005598069643689047,0.01667592146642611,0.03895927299688354,0.00037056751349855935,0.00016526048778564865,0.006079151937069809,0.03180453657830389,0.0029760517326247165,0.0011001743191565029,0.00761732387284748,0.020089831685873437,0.006636548460829559,0.003571607736427346,0.008526872726692192,0.026490188521271225,0.008095404084141188,0.0030896395394050488
542.9424592839306,0.005914365022531237,0.053418132682356886,0.0008184257174651368,0.0005607709641370044,0.016684371449754116,0.03873521924570156,0.0003836020662421348,0.0001570673299360305,0.004498803717039932,0.03591877330997193,0.0030180855355935584,0.001049171579354089,0.008242509741504492,0.017611709399745528,0.006563898493397812,0.003644345459545286,0.008680406745307474,0.026575345189619407,0.008093227057642862,0.00309210088805011
542.6478621817689,0.005471239873643605,0.053451063613615325,0.0008200047117187092,0.0005529236204056358,0.016899325645674743,0.03868185314872909,0.0003720932322333765,0.0001522439612991838,0.0008242617485077561,0.0338762525673614,0.0029946739205067275,0.0010326389895622713,0.01021918232405236,0.019568479106870186,0.006664241174585952,0.00365906989659664,0.0085947814095752,0.026336951178770936,0.00808745070648631,0.003089241359475815
542.3535845992409,0.005919021536023344,0.05331642596940009,0.0008169095455825197,0.0005563438484114373,0.01691415952476138,0.038575207503348405,0.00037322964676129343,0.00015965658998159444,0.003514056156044237,0.03370654012162057,0.00297121159327743,0.0010469475342647382,0.007591146666465303,0.02028516479213109,0.006630050428509402,0.003585265769618924,0.008595628411854433,0.0265369993894971,0.008085592382080712,0.003089650783287349
542.0596260168023,0.005454612947593932,0.053595778454344184,0.0008217190685978625,0.0005620407711909065,0.016621591155252618,0.03874575377443299,0.00036865620501854855,0.00015797199945952108,0.0058302122218237135,0.03467809480722812,0.0029298491624103547,0.0010805863850494482,0.008995924499042358,0.017423187624652933,0.006633408977842528,0.0036327282989553674,0.008557504774102206,0.0263394866814521,0.008082609435277326,0.003084424529213451
541.7659859160348,0.00546076631207778,0.05312929047908239,0.000819701598439775,0.0005591136644187644,0.017066154271505655,0.03887132679676155,0.00036941912691522964,0.00016143930236307458,0.0011131986177105022,0.0314532337186203,0.002897122885118783,0.0011111105414254108,0.009435860640975128,0.01931324509801006,0.0065764304095839825,0.003625270856119245,0.008713263845961087,0.026470582306336865,0.008074967125493345,0.003084202313325024
541.4726637796427,0.005953913174381552,0.05366233336043927,0.0008217292646749434,0.0005582004596283092,0.01697520898113647,0.038098393362109496,0.00037886912568639797,0.00016261349985327152,0.005932763817126868,0.03905345008411572,0.003012551343842712,0.001115525854738977,0.00802298860560551,0.019772491407779497,0.006592279344356054,0.0036332955487832705,0.00858317750522118,0.02630168787080133,0.008075101598072548,0.003084533017459525
541.1796590914503,0.005368681606436793,0.05343754541927233,0.000819414152066593,0.000556634855326449,0.01649608502290183,0.03838366332233278,0.000382776161062029,0.00015468255033995604,0.006651849452389918,0.039164671398311354,0.003085581072751975,0.001064421338427377,0.008139822815286708,0.017311533281164974,0.006615756131772358,0.003674348126648265,0.008672802658421524,0.026411321570946625,0.008069379539637857,0.00307929213087089
540.8869713363981,0.006144158011461476,0.05264125716135123,0.0008216054316300582,0.0005564226354756561,0.016924634760030696,0.03882710417408551,0.0003622203558630613,0.0001606172013211362,0.004105048609250869,0.032027750387865275,0.002850597985753484,0.0011220907447027611,0.011308611834175704,0.019425948917020926,0.006593443590015486,0.0036199849245096387,0.008681133103003731,0.02624086087806411,0.008065579008238918,0.0030810431850764393
540.5946000005406,0.005868126152504808,0.053580482492538696,0.0008192474763171218,0.0005540216587558885,0.016479568992573003,0.03791102312735182,0.0003837844767176661,0.0001546381960876336,0.009115521299829536,0.03769505128633675,0.003064978312639249,0.001044049648405822,0.01000502238585628,0.021226359290375165,0.006584991618153437,0.0036307363264372746,0.008623234326595727,0.02630660811950412,0.008058868583277541,0.0030776720700703194
540.3025445710427,0.005579733010969653,0.05325530392259348,0.0008194696123570413,0.0005547757032759153,0.016439009846765315,0.03852989698300365,0.0003749061470723817,0.00014940691598858258,0.007298210284998158,0.03276284617271569,0.003031548429032598,0.000986932995478002,0.008860576357622474,0.0199647721718246,0.006647004325190059,0.0036201225348633246,0.008632162410865032,0.026427237345825846,0.008059244880327486,0.0030839221765280186
540.0108045361771,0.005474683998454661,0.0530676186943383,0.0008158742609020931,0.0005555209023140879,0.01644483338683474,0.03851230773284265,0.0003769325827818326,0.00016633642521552477,0.008819147931594981,0.034784580386894526,0.003071460970951405,0.0010568725384634426,0.006990858042806989,0.01889700114063393,0.006663896637492359,0.0035297834471910735,0.008720759240327546,0.02632012722667907,0.008059613204954926,0.003072985291783266
539.7193793853212,0.005939053716653994,0.052081051774005425,0.0008198679605957906,0.0005530227120655895,0.016634719615082724,0.038687440647396286,0.0003648934341049057,0.00016860018526734365,0.003680221873543477,0.03458693832491843,0.0028755793455343993,0.001194259112429591,0.008976767220736736,0.019023137225118107,0.006572446426153819,0.0036235451552965535,0.00877099107582764,0.026354891785842428,0.008052134738396879,0.0030726200692392206
539.4282686089537,0.006443458973697273,0.053367440603666334,0.0008174705585654265,0.0005592374911856332,0.016398238339281498,0.03834615638495771,0.000367243721467321,0.00015544254597853595,0.005962962908722353,0.032784831426819885,0.002857217593253522,0.0010087948436404983,0.008868273618085946,0.02055765828628616,0.0065220250761340364,0.003569187646781514,0.00870844518601114,0.026170903970207146,0.008045810900674286,0.0030667126718980893
539.1374716986523,0.007246521696980094,0.05428156430246798,0.0008193420991723339,0.0005546190449255646,0.01608000527025438,0.038262822320248885,0.0003675637825503309,0.0001496067832025667,0.01075342154840968,0.03236903869297035,0.002950803218490203,0.0010089741512512933,0.005605145843448206,0.020003889181253384,0.006602209250599402,0.0036310521245059547,0.008746913721777085,0.02638377636091169,0.008040648439226942,0.003072020264702893
538.8469881470907,0.004836669739948786,0.05197170631535433,0.0008180367702057129,0.000554638550939288,0.016742298139198922,0.03877573191597804,0.0003722308284828484,0.00015188856832596366,0.008720388644599916,0.03323254311811578,0.0030368896093453585,0.0010478153347288624,0.005508855784000491,0.019363816812789456,0.006651596221078302,0.0036370728376003245,0.008653097735735246,0.026199009223832406,0.008040118344014038,0.0030688089295765977
538.5568174480345,0.00963695107010585,0.052326358428749276,0.000815577464597896,0.0005506859816316196,0.01561012214655268,0.038514984892177105,0.00038431545053085707,0.00016115282366340754,0.00802943954995438,0.03870347163854707,0.0031085982325764305,0.0010968696198222568,0.00788131329560698,0.017125751947348774,0.006601401776457091,0.003608995936019506,0.008713468603464917,0.02632914658526129,0.008035313670346014,0.0030701135954575524
538.2669590963403,0.009008249322223345,0.058519222322369745,0.000818718279582116,0.0005554205081192973,0.0165522930043252,0.03733445628016298,0.000368690685764754,0.00016254296047231003,0.0027814236599405543,0.03723443760658242,0.0029550892032621998,0.0011636827701513518,0.007921532186957297,0.016850839111616625,0.006599483992086567,0.0036267456895010576,0.008689376374544285,0.026188206539877672,0.008032026147510437,0.003064875559325803
537.9774125879505,0.0025493645921389235,0.0543106793862099,0.0008212266345475632,0.0005476809554286558,0.017571286614602773,0.038275810510262145,0.00037627043881817684,0.00015839082334588938,0.000642592160393484,0.033421421899306226,0.0030844330013716395,0.001078636079408284,0.00940117400303804,0.01743870363799789,0.006636282799983873,0.003601817046142131,0.008709007276462562,0.026498889374129475,0.00802702049989657,0.0030663357756087343
537.6881774198926,0.006075031148755864,0.04998297131169129,0.0008113794061930364,0.0005446364383079797,0.01661190145958896,0.03852318270003129,0.000369579816382207,0.0001554571329344308,0.0072281304504264845,0.040085091668886755,0.003002179881810958,0.001073162921161185,0.008882829852014195,0.0183512067569278,0.006619296809676079,0.003611471545041381,0.008727895384347357,0.026203964478424286,0.00802385710455146,0.003062821781814551
537.3992530902741,0.005178797341580737,0.05078103837865246,0.0008091159575843961,0.0005556516334067141,0.016913775290112572,0.0386038269348087,0.00037822831972854874,0.00014449897565437962,0.005479601098705557,0.035841378943652386,0.0030264269814837194,0.000940408115990412,0.008696874423135381,0.019585034457853853,0.006572494315236234,0.0036077009903670125,0.008837454362701965,0.02640263648061924,0.008019837393150545,0.0030639667036815124
537.1106390982815,0.007851143765621325,0.05000181102226713,0.0008200241488162502,0.0005541251402051401,0.015839105876898695,0.03889804317077509,0.000379638667360023,0.00016189614816085213,0.008593787683054546,0.0338053917957878,0.0030460233700957333,0.001104982225935824,0.008526376241722144,0.0189445161513946,0.006561155744869085,0.0035879112930684042,0.00862298592858485,0.02609008123743292,0.008016076355437659,0.003059229116974591
536.8223349441762,0.016826961289535272,0.03872034558875015,0.0008159805364896807,0.0005570083358743826,0.01633394143090948,0.041550239494998115,0.00038214961798079856,0.00015515554520318346,0.002470379296771814,0.030580460015915245,0.0030962126882911932,0.0010339204639490756,0.007989012817380707,0.01913608012812829,0.006579718380739594,0.0036068402769413826,0.008676112602330826,0.02638889970068666,0.008013245101351712,0.003057820188804748
536.5343401292919,0.024247336160462866,0.05491068554261055,0.0008224401437753729,0.0005525535834486442,0.012847438440241226,0.0381987592529123,0.0003750286067538586,0.0001750019346757536,0.009734361029485838,0.041009721994128945,0.0030698098817684744,0.001249413445924785,0.008285530205544168,0.01839993237796288,0.006610911027839943,0.0035949038072866433,0.008600079011417077,0.02618909245240452,0.008011238676052445,0.0030573407596283593
536.2466541560323,0.04103734507343271,0.022577151119673337,0.000827391726708141,0.0005626130891686597,0.02209391383545094,0.046379619728431715,0.0003654152652474789,0.00016671905142121742,0.0017270718137863915,0.03825783585735408,0.002920494088002086,0.0011457707417235896,0.00864115112611571,0.016596967144176102,0.006553173729133818,0.003580320449872414,0.008867287574625246,0.026450180225845887,0.008002135149564145,0.0030589294437333666
535.9592765278671,0.037851182126099926,0.06563515067553469,0.0008247616199992035,0.0005133350637344892,0.025494402136616367,0.040001535179683405,0.0003605187754009726,0.00015935901978053095,0.0020928951458692785,0.03121222674775707,0.002883031972964623,0.0011741345121770086,0.010156059307456087,0.020261584921505794,0.006558784386905521,0.003602681171189808,0.008658437011041535,0.026057583016614642,0.007999416538384301,0.003055227243849563
535.6722067493306,0.0551306258804931,0.08723359903363845,0.000881779971061856,0.0006149124732322793,0.008681976670212404,0.03506697465919767,0.0003549656308332969,0.00015648023610893567,0.0035030100736128658,0.03271587785699578,0.0028696192875298184,0.0009869359889092312,0.007957271118884154,0.018903597340308692,0.006553302274431507,0.0035400026201301955,0.008717091341205008,0.026270142945178907,0.007996588648656218,0.0030518002010696283
535.3854443260173,0.04493461637022671,0.09715192313285781,0.0008038532403683029,0.0006278231440521112,0.021858743957759906,0.02981229758739583,0.0003764640642098666,0.00016172205901987248,0.0008478373381980991,0.031105696702869737,0.00298345980446834,0.0009916400376566061,0.009884481824580793,0.019891045638048773,0.00653873017486367,0.0035513352524290933,0.00837216155227212,0.026130625666670987,0.007994107454834398,0.0030514680868179715
535.0989887645801,0.009932076536117523,0.061556801080654235,0.0008371713597213784,0.00047585525164015003,0.0184235805578148,0.036682853223397205,0.0003698537472416083,0.00014545250026521973,0.009190124184195255,0.03148314710231538,0.002999223518518549,0.0010204201073005026,0.007163673229955725,0.019828736423112746,0.006572226383133577,0.003571807192342066,0.00902698339278479,0.026635503209077125,0.00799052551962623,0.003050421852072811
534.8128395727274,0.023991169442665813,0.07509198680879438,0.0007459721311514906,0.0005274112455066803,0.020519321908161768,0.03426338345052973,0.0003828052504492115,0.00015571930720558377,0.002713062562301834,0.033877310142859184,0.00299259056357057,0.001073297567550601,0.008534570307276943,0.018226802990189927,0.006529369930547678,0.003595055914549636,0.00894258180627574,0.025843156837223234,0.007986159909937516,0.003052725427361107
534.5269962592197,0.009825212619094024,0.048044465367579864,0.0007884093659921775,0.00055083355410314,0.01915480205261903,0.0396519027407447,0.000371892501402872,0.00016047650529223004,0.005809772110981816,0.03196555483442988,0.0029384072148015664,0.0011107010729737715,0.008219935116167885,0.01972316890652278,0.006536175251422564,0.0035862737856468823,0.00915598189552938,0.02584159700196042,0.0079830327793195,0.0030469166553289536
534.2414583338676,0.009670114058674045,0.06053713702983086,0.0007667705320719421,0.0005513675798541443,0.016768339268107398,0.03690223061379516,0.0003755336803397853,0.00016192924555036666,0.00554811857691427,0.03028573234706238,0.0029826690817175414,0.001118961533453732,0.00856651625596192,0.019547809892919883,0.006559371988959809,0.0035896019531187987,0.00826861060587387,0.024749400469406987,0.007978107364070477,0.0030453142828341666
533.9562253075281,0.007164291058985953,0.05783086693652442,0.0008038833710202024,0.0005696257516913007,0.018555929885150427,0.03710591478855745,0.0003703954584129759,0.00016349872027698775,0.005957435237188124,0.03705704355343426,0.002951677421545321,0.0011068912442340375,0.0095335680948751,0.018049420673637448,0.006531993482573278,0.0035788316798724424,0.007505172747954789,0.026236000256404334,0.007973857983948156,0.003043857119555076
533.6712966921026,0.004358028769040771,0.05493700122317314,0.0007986981969213714,0.0005449812963992872,0.01667021394947735,0.03760789084841439,0.0003617556307096838,0.00015730845957819494,0.007475950734578418,0.034008907552553466,0.0028531759045392208,0.0011230155352204571,0.00927280697354345,0.019016783103427515,0.006520795760865576,0.003601092049659715,0.0077637262513828706,0.026128353735511093,0.007968002878057974,0.0030452611027881656
533.3866720005334,0.006967770794728524,0.0592785649429365,0.0007972947877364405,0.0005620146547181338,0.017672101191576837,0.03671966359310692,0.0003738353929572375,0.0001565568768216645,0.0033423317107144227,0.033545049056671154,0.0029323783711058165,0.0010584508278746387,0.010578372556031161,0.01893336961388413,0.0064862790030163165,0.0035787297986922873,0.008343733948211645,0.027178115227902973,0.007968378975138453,0.0030436723067137714
533.1023507468018,0.004917457891178133,0.05672564992230734,0.0007966469956335901,0.0005499170319955563,0.017841451844774148,0.03734231990690264,0.00037266227037431203,0.0001535516706268657,0.00813119962031157,0.0322570874589152,0.002971498595655463,0.00101512508089295,0.007733195813189386,0.02043147966193477,0.006536142801126553,0.003564209078890643,0.008939152645785237,0.025776532447321896,0.00796516820764551,0.0030373925519230614
532.8183324459244,0.004259357296501267,0.0546349457873035,0.0007938046950959472,0.0005423058389532888,0.018304084749536566,0.03825830761855379,0.0003729086470810241,0.00015742577804262384,0.0074000627514896975,0.029388135121500025,0.0030120950146743553,0.0010558953462104508,0.00951933720575923,0.018444387866238594,0.006564183211677466,0.0035473105730877605,0.007490032837439836,0.026210873870317803,0.007957450596762346,0.003038036392072144
532.5346166139511,0.0024094195403088054,0.05031651796534755,0.000796639259711376,0.0005593170971869225,0.017591941056881617,0.038564358666501826,0.00036687092914068474,0.0001662004984282603,0.0005547852176340951,0.03380799555077899,0.0029226360530043055,0.0011482514731521551,0.009145512797583577,0.018190888932718613,0.00652956446106022,0.0035828558976046285,0.008644600544876053,0.027025714732302832,0.007956570960971835,0.0030389687423949723
532.2512027679618,0.0021281490300795445,0.052530367356778365,0.0007889479165695854,0.00056019981118443,0.017061249515023788,0.037821489034444516,0.0003632716555323829,0.00016112759977783965,0.005484074126916442,0.03687391968329927,0.0029194239852282913,0.0011050724862811739,0.0084090549637395,0.01869144368332764,0.0065639854260409825,0.0035642526247571375,0.00897767634417077,0.02560294916332285,0.007952872650529469,0.003033829509428901
531.9680904260639,0.003342248324458511,0.05183079694472789,0.0008013582403081458,0.0005573955626740406,0.017041100876288157,0.038214468738284435,0.0003602343666702283,0.00015493875022385363,0.0011261965618674227,0.033036248526885845,0.0028211018131394584,0.000990909886022608,0.009995031380320837,0.018837194426292055,0.006480691454178948,0.0035181703249428688,0.007777815497741665,0.026117345373564648,0.007947211458841237,0.0030332281256354667
531.6852791073898,0.003458723082044084,0.054035859846339775,0.0007993990114478188,0.000551903737201277,0.016696300445491846,0.037588753941924034,0.00037099649810108117,0.00015052777935192023,0.007118351209745697,0.03457023290338736,0.0029266683818602655,0.0009826315483660497,0.008783353657005642,0.019080292478444415,0.006480931164379342,0.0035582370822253495,0.008632900570353052,0.026667916664045534,0.007943244978584176,0.0030347792874262725
531.4027683320936,0.003000013463620744,0.05166660746715392,0.0008048265582888324,0.0005493054599858841,0.016827313004211707,0.03843656026144043,0.0003620622215002913,0.00014893574074878398,0.0068816724074842245,0.02876946364565173,0.002872356019183876,0.00100520645966941,0.006422743994972905,0.020102280162375447,0.006508507959489182,0.003582571798566531,0.008621032472010817,0.026073048958109073,0.00794328642190386,0.0030367445997591313
531.120557621349,0.004099328750953106,0.05350854359901014,0.0008026580227933245,0.000550727680900251,0.016774545024583858,0.03780203048240347,0.0003698125167794781,0.00015104219498629384,0.005142838397843578,0.03372151210808423,0.0029691527741383126,0.0010058562380969598,0.008566256748149474,0.01730662814014212,0.006522050719040937,0.003566126684277463,0.008394517769945216,0.026213962947370845,0.007939842492801294,0.00303135446304695
530.8386464973461,0.0026758589483587554,0.05308537602629733,0.0008037494125311095,0.0005514217405345823,0.016771547168834833,0.037835006787332745,0.0003763017066887709,0.00015036941290323794,0.007054292010157559,0.034674314588183174,0.0030726135111035025,0.0010502723837006091,0.008550292881329255,0.01751630474515339,0.006557265877980668,0.0036136699698002244,0.008412921647643202,0.02612380823392251,0.007934752044412225,0.0030230858337038403
530.5570344832893,0.00362136622025201,0.051888609823935894,0.0008021039370124223,0.0005500923424645996,0.01690689337709525,0.0383528460891547,0.0003738052203587103,0.00015067911869492712,0.004097088288649646,0.030236250419060206,0.003033411503801821,0.000998176007321372,0.007773533320307774,0.018427055760761993,0.006540167031862781,0.0035546347957691607,0.0084309620037188,0.025998384161290067,0.007925901396978817,0.0030213328428469882
530.2757211033935,0.004311682896770124,0.0525314226935714,0.0007994729740843448,0.0005518267201935764,0.01666320811952861,0.038086373792521215,0.0003716079093625237,0.00016597538892639807,0.004525835856536588,0.03207891743249107,0.0030166642456095007,0.0011329661672226036,0.007949482395751861,0.01794357871254833,0.006531444583546459,0.0035494442328285534,0.008300420938939443,0.02606430575370925,0.007926191567244351,0.0030280405424690715
529.994705882883,0.0037980248084166393,0.052700304844472294,0.000803584469582738,0.0005511682739581706,0.016891126654972166,0.03769932577882328,0.00036640587493567175,0.0001503716578903509,0.004199310157561648,0.03288774555567265,0.0028890668586262925,0.0010097611046396397,0.008935429613216297,0.020477882866833597,0.006458118481564334,0.0035705826495660968,0.008548538044430787,0.02601271622403925,0.007925093320026328,0.0030283247615979125
529.7139883479873,0.004617314206408771,0.05245252166030578,0.0008020987116206931,0.000549908815463896,0.016520946073952995,0.038031041421498046,0.00037326073527193474,0.00015316821204749888,0.006028394086227984,0.03017052151940292,0.0030096270650878977,0.0010303555016060724,0.007835790947424112,0.019305369199037296,0.0065138969172311946,0.0035595301466126886,0.008382617044863047,0.02608326233642723,0.007921856153977641,0.0030267437037319084
529.4335680259397,0.004504084316496112,0.05292051956670992,0.0008031856230031518,0.0005472264325406779,0.01671842081496353,0.0378202817838093,0.00036701438128810865,0.0001573572348761123,0.002528291292969072,0.03125574263864849,0.0029441215783611017,0.0011057717534140117,0.008778452732891389,0.019320851669138463,0.006501845662063649,0.0035851615862430714,0.008467258860427155,0.026234051786813827,0.007911844860036963,0.0030212714028651985
529.1534444449736,0.003920837614592521,0.052678530889383984,0.0008018554834298607,0.0005463848993157612,0.01674912076350063,0.03782327074514881,0.0003701272494273301,0.00015491501284704902,0.004363039509788101,0.031583033733718305,0.0029795021081461845,0.0010751076114891278,0.008079321154350626,0.01968023185959437,0.0064909571639394145,0.0035662596525945093,0.008519929369751609,0.026111654682639655,0.007909166629488757,0.00301656608994071
528.8736171343206,0.004285849971126236,0.05319397568861165,0.0008002269955928181,0.0005485927529928574,0.01671913181295621,0.037793938764877945,0.000367287229815257,0.00015416136864731235,0.004116042960328569,0.032964661112968495,0.0029522092329207165,0.0010256499421059252,0.009250236945632092,0.01706712092816987,0.006511658452166824,0.003534139518303826,0.008117297318379272,0.026121475144345055,0.007907597488418839,0.003017915857327418
528.5940856242073,0.0038458401470784775,0.05258916050564591,0.000801523627554634,0.0005471272099411275,0.01676856797099885,0.037603256325567325,0.0003674937082486519,0.00015673844489927076,0.0037800662323652897,0.034353166041604155,0.003003638905694317,0.001059758153087847,0.008203490500652175,0.019309030086744366,0.006527858828672974,0.0035325431515941565,0.008427419143055176,0.025735020904807518,0.007903064412840766,0.0030181453591614157
528.3148494458532,0.004521394907112799,0.05300032234661099,0.0007983297999753067,0.0005480171693994737,0.016671926081210806,0.037577738843080785,0.0003759459022996331,0.0001490212842822174,0.001442186596401662,0.03406984337699087,0.0030523752989032923,0.001016382707055595,0.00943592371270721,0.01873572884536602,0.006529464052136533,0.003555230408218786,0.008828341103416367,0.026301384862299135,0.00790121001225103,0.0030177937132684234
528.0359081314679,0.004505723852010546,0.05278836448706326,0.0008022200970983074,0.0005471016069572624,0.016436641814716074,0.03780156196179912,0.0003616157331119278,0.0001692857283298571,0.0055583025201078225,0.030436144467863645,0.0028837309008935873,0.0011669373033060062,0.009517907579088164,0.0188242866387977,0.006482366449557547,0.0035085752949695383,0.007661175077960263,0.026270269637698417,0.007894115718387912,0.0030143437522683514
527.757261214248,0.0040933192906343905,0.0525881672324877,0.0008009521303942993,0.0005458527995532996,0.01645797193488839,0.038069815146613104,0.0003700602077552654,0.00014193064443679708,0.006493316584116602,0.027638770236606547,0.003029336709758234,0.0009031445841687829,0.00852858133048891,0.02059120810042618,0.006495496782585744,0.00352103876232313,0.008394221243669828,0.024912173730592953,0.007894881809011073,0.003013212909926697
527.4789082283756,0.004666393440812595,0.052720022926682396,0.000797572174135864,0.0005443501664451489,0.016953104577646497,0.037841792903334115,0.0003779875783055181,0.0001466903726822878,0.001877847859493072,0.03047530460758684,0.0030161671602617073,0.0009565553291807714,0.0064591084640374065,0.018521214347265183,0.00648313123905047,0.003524103795075332,0.00927128711693476,0.0266577204646658,0.007888123641977123,0.0030140052995370303
527.2008487090143,0.004053799935318432,0.05265558195118539,0.0008009750130838058,0.000554558633923139,0.016710548427147514,0.03771612514369744,0.0003631837863465024,0.0001830498887536154,0.004521316077464939,0.03134756738926478,0.0029088804540280426,0.0013128696850214757,0.009413821628413867,0.01887242106915169,0.0064639474254914635,0.003527640395140878,0.006848431682765211,0.02618803222246673,0.007884602430201962,0.003010409442914447
526.9230821923078,0.004699512901716788,0.052563419309439946,0.0007906970204844518,0.0005453008111398217,0.015959229596335316,0.037377751784036996,0.00037646433085271216,0.00014074560661553735,0.00918577325320643,0.03576252032184394,0.003068590230183962,0.0008823127938198404,0.009252380421472825,0.01980504450792112,0.0064820704174037725,0.0035286161988572376,0.00851528878304363,0.024847708373923572,0.0078807935916395,0.0030067507482647816
526.6456082153766,0.005441800067386936,0.05326147990301428,0.0007894229685872913,0.00053246121358521,0.016464843060601156,0.037902185527296954,0.0003654272971096505,0.0001552336469682668,0.006125122955109339,0.027021469156782222,0.0028852454920289365,0.0010638951042084897,0.008815720756974578,0.01964371482874542,0.006454922136728015,0.003503951580527571,0.008419559338341882,0.025281862830118886,0.007883910835836267,0.003006621431378567
526.3684263163159,0.004490494854266883,0.05133743540496073,0.0007889913584957467,0.0005388525510449266,0.016069247187442567,0.03809334039315009,0.0003877963501786753,0.00014962228038276017,0.008462299373991369,0.02838857348688008,0.003128706413220023,0.0010029049208546326,0.008555499805418839,0.02164486034645971,0.006452888314343563,0.0035414405625026225,0.009826841693684085,0.02518652811221064,0.00787641045657542,0.003010983413045451
526.0915360341926,0.0031673148348514302,0.05147699756747559,0.0008097153607166802,0.0005462162246531998,0.01689209109317343,0.038198712818557495,0.0003724658603081142,0.00015746619722488954,0.005300206981043986,0.027108578866781585,0.0029975582698933832,0.0010092060306323967,0.006715188427676836,0.019557712481464023,0.006447278030260157,0.003518709847714429,0.008709679994771726,0.026571297136113545,0.007873532333270896,0.003003990165263332
525.8149369090432,0.005658943271393983,0.0531357290657433,0.0007960364233355827,0.000546952302835359,0.016366893128342015,0.03834655601762467,0.00036589020837614865,0.00014885964441794974,0.013152875000310461,0.022404000841426096,0.0029620638373667177,0.0009671900121299262,0.007472873126557591,0.018404833082387835,0.006469715706261178,0.003562154453305277,0.008850391337584846,0.025838357548711558,0.00786678299248442,0.003006961684161264
525.5386284818708,0.003765464700737124,0.05361139629612806,0.0008060451460989601,0.000562191467714794,0.01631051752473312,0.03729361433628363,0.000358709358829004,0.00016029098591070564,0.009569722262784736,0.032427019531798724,0.0028801804997724487,0.0010835166190718047,0.008648042979801939,0.018780625542593167,0.006461543763505995,0.00354210258139717,0.008280552965939771,0.02635729612873475,0.007857157383253552,0.002994319965207343
525.2626102946429,0.0033811449663455075,0.0521587986224682,0.0008019327802298046,0.0005339221526088094,0.01709815408247547,0.037466925348812706,0.0003576600665012935,0.0001476690207339013,0.002092358536598227,0.035081931327991624,0.002874458692352769,0.000999651437541926,0.007679284400432423,0.018524340751414868,0.00645889379155237,0.0035494561985596027,0.008754864111479497,0.025497085071409104,0.007867353399424971,0.0029984295897200175
524.9868818902888,0.0034251727998761937,0.05250066633973366,0.0007915764410399089,0.0005470990181238123,0.016212852190008068,0.03790655619621666,0.0003535411194456033,0.00015246265150604602,0.010030026948032681,0.028521030230350394,0.0028260418157083386,0.0010855969012930182,0.008988921726706116,0.018047592856009643,0.0064782270887003305,0.003580163194419317,0.008314799495118435,0.025968648752045142,0.007852723250071695,0.0030050069248704504
524.7114428126968,0.0035346953592675034,0.05166556620519871,0.0008002121167291082,0.0005456547938171429,0.016487931833150653,0.03777679562921916,0.00036956326971473156,0.000150074476219716,0.005516313152684741,0.030465495009597537,0.00299868504780423,0.0009971527482261692,0.008256062957718096,0.019256317707273863,0.006468712409919321,0.0035191568243767685,0.008777534404317004,0.025807936733283285,0.007847463794020697,0.002991025115860402
524.4362926067122,0.0042044516509858795,0.05232143737561296,0.0007924133791979321,0.0005466216078960494,0.016337386518446344,0.03771049639031748,0.0003610568855174281,0.0001568159909344079,0.0060371345265354814,0.03032999966329366,0.0028580867815193767,0.0010557785174355114,0.008635979040184767,0.01810475463847944,0.006419698907766621,0.0035330055082815723,0.008187489861761687,0.026074406277098054,0.007850520427110824,0.00300371479546978
524.1614308181342,0.003848944042563079,0.052173323618723365,0.0008001268543065662,0.0005493051107104407,0.016825707543228968,0.03764674528326788,0.0003596310195989822,0.0001425958050402758,0.0007696697182905779,0.029743582264586052,0.002882529726635236,0.0009462565095803673,0.008847448558313322,0.019506762786350253,0.006429719348736556,0.0035396843110427232,0.008858532382949131,0.025821068008936347,0.007835681395019048,0.002991741247687497
523.8868569937141,0.004143653769238094,0.052205213347634685,0.0007974078005643568,0.0005432050048634043,0.01629967319959276,0.03807737883080609,0.000364288968023424,0.00014832134921239506,0.00961206343887414,0.023764863368693476,0.00293664767221989,0.001014830936485981,0.007630188103029845,0.020667289606858985,0.006460039467520007,0.0035478463777262647,0.008381970788911624,0.025742804538356638,0.007842674586161691,0.0029857856451694933
523.6125706811519,0.00408595817593776,0.05220168199074981,0.0007984133082125733,0.0005459838467979092,0.016175071045851298,0.037822502060489586,0.00036510840978102254,0.00015292949238288858,0.010040559588581287,0.027565420174320693,0.003008288237244951,0.001026465620920496,0.006257306880744409,0.01897049063305675,0.006509039701228496,0.0035090369355842994,0.008804230969652988,0.025875771676026414,0.00783855538354283,0.002987075907279818
523.3385714290948,0.003987364745427093,0.052216665169820604,0.0007965300121897368,0.0005435578311532085,0.0163258348187211,0.03760206159553669,0.0003593907508232281,0.0001606015201867961,0.007258378802921676,0.03032977726523415,0.0029364964327285117,0.001091767986157468,0.007325045401893175,0.018337573333990383,0.006509378982746964,0.0034985866082115503,0.00853611546130703,0.025901637275234316,0.00783470417168254,0.0029884955332427914
523.064858787134,0.0038744821947296147,0.05207504079731685,0.000792802441093024,0.0005446094451058375,0.016600246938840393,0.037522470690501936,0.0003618611915196712,0.00015650863852383474,0.0037261482321752507,0.031190738636481873,0.002924864970829152,0.001029888893141795,0.007848492996631038,0.01869764758501878,0.006449469621607856,0.003501837727013765,0.00865259768670742,0.02574054429889248,0.007833169653280665,0.0029876184642251323
522.7914323058025,0.004179321693003783,0.05198399835142489,0.0007942369224788372,0.0005410446790162388,0.01650233671044162,0.03696324153724772,0.00036366301950087885,0.00015489238416248848,0.006724665042892006,0.037589810957260196,0.0029150397834613474,0.0010213812461355076,0.00766637608034706,0.018681738077586215,0.006424663271718976,0.0034971542625350386,0.008305401461674255,0.025737670034666885,0.007825251570318398,0.0029891688987683357
522.5182915365727,0.004353512293735072,0.052046727532541824,0.0007947205695558694,0.0005407913756196619,0.01677983485023777,0.03763224216479141,0.0003615696780231137,0.000152453995352551,0.004173255329823119,0.03093169717788616,0.002890340213350243,0.0010271172425330036,0.008855146191919367,0.017877806663300654,0.00642100886263157,0.0035236078706390073,0.008542593900025125,0.025684884096508865,0.007828829527479927,0.0029876437728692832
522.2454360318538,0.004223045328805158,0.05195030445065732,0.0007958404767512254,0.0005419684902050505,0.017027868342882464,0.03762747153146345,0.0003604811376583182,0.0001595571760709257,0.0042686890030376205,0.030260275330468062,0.002913761615269119,0.0011362031808652333,0.00978061203856598,0.01879574362999724,0.00645127040185161,0.003543553235408088,0.008448195429564471,0.02553415716355651,0.0078203209449401,0.0029778686326744183
521.9728653449896,0.00443913448144998,0.05208613866674025,0.0007949015369993337,0.0005422075616289018,0.01629272591078035,0.037197871031803734,0.0003588634134188844,0.00015286868929253672,0.0055575437522592365,0.033276748005969525,0.00291947946396077,0.0010403389806017758,0.007802798605252148,0.01936146994365599,0.006463788473741673,0.0035048653918315488,0.008792884641534068,0.025714502530425617,0.00781749313455331,0.0029786205827097645
521.7005790302557,0.004374224103222922,0.05190006297533365,0.0007973845555379621,0.0005401525566676042,0.016624620028647678,0.037572789914839644,0.0003640159031344553,0.0001559870754447332,0.0037060872034141265,0.029829549285441855,0.0029480851529511613,0.0010481137877907923,0.010234885119218398,0.019120484226507993,0.006434196229351098,0.0034851867964273337,0.00853662645096092,0.025261596850062896,0.007809682854420593,0.002977343201539058
521.4285766428573,0.0043902159943822825,0.05207733584105581,0.0007920092501872575,0.0005379547046825023,0.01661625691003179,0.037270812685134935,0.00036492945726772857,0.00014731175498086842,0.0018606545442791317,0.03165828607979287,0.002972512894494885,0.0009873820258668989,0.00856930597071772,0.020265624878619895,0.006468239078630156,0.0035129531376485433,0.008778058539504767,0.025727223471682402,0.0078098381462551525,0.0029837490289347647
521.1568577389265,0.004169384380041217,0.0519045199767235,0.0007921100128827484,0.0005412506305515656,0.016489438728612915,0.03760154786186568,0.0003625703170168351,0.00015461724966507094,0.0036056303768386274,0.0276792725559123,0.0029223879640980373,0.0009889725696304891,0.007766859165506901,0.020751411581328635,0.006427550251173207,0.003460392580491864,0.008725641911762777,0.02532692062076307,0.007809235820244966,0.002983843894185198
520.8854218755209,0.004440206105675411,0.05191574908186378,0.000791033390342795,0.0005384767874144563,0.016728535374590077,0.037916696815992024,0.0003673217211247382,0.00016058462291272012,0.008286613478494948,0.02612006885132219,0.0029482762609719802,0.00107358713362748,0.007716903387906706,0.017944645016082977,0.006396478239552007,0.0034791956319590875,0.008462605736914604,0.025999314040466456,0.0078051947140845065,0.002980676752926024
520.6142686106195,0.004281810090333846,0.05197279063228209,0.0007914772060035144,0.0005413953328383002,0.016505683478094908,0.03750355349649302,0.00035629554738679585,0.0001592606546423035,0.00284142325491881,0.029893477333415356,0.002773949139612769,0.0011483038614175402,0.010558627035733686,0.018303713859965542,0.006324923795154187,0.0035619083438227376,0.008374957604522977,0.025341287236130765,0.0077966348089239116,0.0029744074142550336
520.3433975031219,0.004354990388768722,0.05187069713411778,0.0007935075122561188,0.0005385150339192709,0.01660458024045578,0.03649874301108129,0.00035209995815847994,0.00015480620574519582,0.008682891846999514,0.03989487341663482,0.0028209706023376736,0.0010208306261719141,0.008664896467512999,0.020303006659273554,0.0064260339777004166,0.0034331354914507407,0.007807732594211526,0.02551273283398171,0.007792268721890087,0.0029705366925660043
520.0728081128445,0.0044185974362446,0.05207644040150399,0.0007887628078473782,0.000539093927541329,0.016728505482802393,0.03710589460084398,0.0003583975667918173,0.0001602062041586214,0.0019914315978514572,0.0331751886216106,0.002854631163688921,0.0010985564725551835,0.006815598445785764,0.020429699185316334,0.006395310794588228,0.00351207940819438,0.008698935861442174,0.02460153808014499,0.007792769085971173,0.002975123333865685
519.8025000005199,0.004204544675484577,0.051847897284259,0.0007931816366951266,0.0005392313806146012,0.015806988689729528,0.03757611927180356,0.00035404616484094694,0.00014729057110664015,0.011195901030022012,0.028602517450646646,0.002810705976365358,0.000965876726585312,0.008354760349226905,0.018123832377327447,0.006354535530589394,0.0034915632250732357,0.008738866814396814,0.02596442094406875,0.0077857258733977554,0.002971654603950872
519.5324727277923,0.004169713186437836,0.05173614740286867,0.0007888672536823562,0.0005348198763987888,0.016677890312563316,0.037272210332021743,0.000366373072292769,0.00014520816222162746,0.0011246693811066792,0.03172132877134867,0.0030151823978276466,0.0009246344288889494,0.009143112937839603,0.019193356702467315,0.006464529411678015,0.0034623533240946617,0.007793314136154609,0.025311266242419805,0.007783780586357404,0.0029744165708338434
519.2627258572171,0.004356007862429063,0.05196076909215445,0.0007863464221589865,0.0005382309018349406,0.016795457646339076,0.037521759514832415,0.0003668983823977492,0.00016287755249372554,0.004892958385395242,0.026790518851779615,0.0029641717527582423,0.0010517944623978225,0.007687037541019301,0.020926500858837658,0.006382331157035491,0.0034320950673661244,0.008654341842004441,0.024684427612782868,0.007780865526727379,0.002966849108739329
518.9932589522575,0.004145615596724586,0.051666266940715355,0.0007868069703264243,0.0005381073414970121,0.01717230297926409,0.03751096773922661,0.0003564832579310465,0.00015934726249471352,0.00639006891743919,0.03032880551337271,0.002842913338308687,0.0010858534900050453,0.007325724861408357,0.01859859955511137,0.006385830175574479,0.0034745228900825483,0.008879584206255916,0.02593879688169538,0.007780298041225804,0.0029737897971582076
518.7240715772822,0.004234477007677797,0.05189938054012439,0.0007880433239325407,0.0005398121541761893,0.016299824327112578,0.037611886788478655,0.00034113383936705587,0.00016366433000214616,0.009524453484245785,0.02620043993453587,0.00269001021616803,0.0011157759631158445,0.00804778686214959,0.01914964823519937,0.006357650574649568,0.0034627718047875625,0.007425511403449929,0.02508998228247143,0.007770148056852364,0.002968818990319397
518.4551632975636,0.004976066314673729,0.05208256434679369,0.0007905330368233309,0.0005388332686977524,0.01643846841502202,0.03801438068212656,0.00035734328580158876,0.00012403126103074973,0.010310304223316483,0.022005492765532365,0.002852884186420547,0.0007917984873103315,0.008142484059826373,0.018952440382103027,0.006370138976815723,0.003512920358417742,0.009219613967929889,0.02499111164894333,0.007773674047551227,0.002963914744980842
518.1865336792747,0.004394314802962589,0.051866650526358006,0.0007902446193768042,0.0005384705406844582,0.015858569183759632,0.036390901059351666,0.0003692347195102734,0.00015531580922774877,0.01273788929341123,0.0400690267438583,0.0029336941895956297,0.0010825040478675454,0.006979402272374781,0.019198561112834425,0.0063659957541555385,0.0035117500700281366,0.008508729030279414,0.024773500304087495,0.00777049892469734,0.0029642319618282177
517.9181822894874,0.004367300431138888,0.05170018881029379,0.0007853406791126846,0.0005345448832645394,0.016437906315899975,0.03775095970696403,0.00036078141503042134,0.00015679443633938487,0.010560953784545298,0.025482440922455298,0.002957627262939263,0.0011153442569701657,0.006954751622633288,0.017117529312371503,0.006418498462810399,0.003518455683377229,0.011497908341425228,0.026867783445619253,0.007768111313851638,0.002965138871553449
517.6501086961698,0.004448790805687457,0.051715066398565164,0.0007857275216776455,0.0005419304544375771,0.015854688692468557,0.03745057742770934,0.0003792472616736354,0.00014693685023046675,0.006935732396860909,0.0284924288485247,0.0030793083809801673,0.0010360454667752807,0.013039750391348894,0.015685119829721626,0.006385524038349466,0.0035511087653430705,0.006930343699544774,0.028395518612330486,0.007757212263105771,0.0029666226488288903
517.3823124681843,0.004419314225962829,0.051855114573115056,0.0007847999934703156,0.0005310705541618009,0.017141050894970762,0.037244644220889654,0.0003624105898396783,0.0001580594786733971,0.005830742828955818,0.029687967554051443,0.002932713021476722,0.0010771575692698112,0.007912247114371853,0.020400581910576275,0.006377169623568811,0.0034931739144053184,0.007352760677921507,0.02508129987011295,0.007757046389377221,0.0029570822855412575
517.1147931752845,0.004221456110489107,0.05158882615103232,0.0007930911059276624,0.0005309557460019334,0.01682287036716928,0.036981711359731696,0.00036308368858939367,0.00014890551363860798,0.003815485637925681,0.03084090543605943,0.0029482188279989466,0.000997052062858665,0.012004391817404142,0.022306839956235613,0.006376401649019884,0.003495992825197743,0.006105241433225643,0.025206524556248798,0.007750869205100959,0.0029601138124452646
516.8475503881137,0.0042983950264240366,0.051643206547577945,0.0007852444535607113,0.0005367569204288278,0.01690763108854401,0.037040437662254566,0.00034861718205752147,0.00015612752898624122,0.0027056518292787554,0.03387738895111309,0.002823395374755079,0.0010501214315831627,0.006072399988122281,0.020888233350758168,0.006409576927439725,0.003465418026390872,0.009177200631398326,0.023633386728874203,0.00775050116451863,0.002956551821590223
516.5805836782025,0.004158978889254067,0.051379138934994295,0.0007873099104334286,0.0005343823973375268,0.016284381382739063,0.03804469906789268,0.00035114454205854037,0.0001408416865559988,0.014810070746314914,0.022019543326548513,0.002827621696111308,0.0009317119286703059,0.006861193600067155,0.01641130578016486,0.006396238647763835,0.003477996303566631,0.008328500530323477,0.025875858545118445,0.0077472040986953095,0.0029643630168754843
516.313892617966,0.00450685045273201,0.0513996914746972,0.0007845839920235954,0.0005359140363805055,0.01651665879621503,0.03699738864408846,0.00036396159463888717,0.00014849761816548696,0.00042906900558165544,0.03153764096326674,0.0029982555496863303,0.0009772813780380759,0.008367008966490832,0.019836913878341897,0.006428228458410105,0.0034519125733159916,0.009093321852041845,0.025007349597190042,0.007745079899534028,0.002943477082696217
516.0474767807018,0.0042597170744712465,0.05155979407904958,0.0007847651496865073,0.0005364027337784823,0.017022221123264722,0.0368255856673955,0.0003613950883831894,0.00014782948209402907,0.0052512404759264605,0.036379431599144425,0.0029074723369194844,0.00101836105343535,0.00731800425190208,0.017570497648111742,0.006378628013398817,0.003501876477287855,0.007830872756806637,0.02588622293641288,0.007749564581388303,0.0029630221698323596
515.781335740588,0.004369618792394588,0.05133922538925459,0.0007865540837333831,0.0005364931648337167,0.016718950920981503,0.03714541923079173,0.00035939860459166225,0.00014879520432131994,0.003879453737141286,0.03164394947851659,0.002931218040171982,0.0009652021511369325,0.009710151312843526,0.01797829459765515,0.0063976022941256636,0.003424812653572405,0.008502322601975296,0.025035880949671945,0.007725969053512084,0.0029431567128803855
515.5154690726805,0.004394633660996315,0.051495934549637204,0.0007850703692591799,0.0005348606607714832,0.016449961319109595,0.03684086456969061,0.00036655279391275766,0.00014616609914078524,0.004120581343998561,0.033559338477064486,0.002943988822382482,0.0009546895275291352,0.00681679190649825,0.01769859390409952,0.006325579610114934,0.0034759259194175546,0.007958515325209574,0.025757148898192323,0.007714496657362499,0.0029524069648763536
515.249876352911,0.004349568302814397,0.051331708495747246,0.0007827624330016354,0.0005348707308306235,0.017648874024186908,0.03673007854971222,0.00036314604248060395,0.000153717403843354,0.010834530265887847,0.03926963463329567,0.002908195092907839,0.0010518150662319702,0.005685886435591723,0.018828331551414192,0.006325085917775882,0.003488183179483395,0.008687614906744046,0.025550915010630053,0.007735938140957307,0.0029514439894228065
514.9845571580845,0.004352115602553364,0.051325541063423775,0.0007844412151240276,0.0005376938929880932,0.01654905826381636,0.03758580092011817,0.00036185655013285737,0.00015112496590335715,0.0074590314717192,0.02437664075013996,0.0029377014152904024,0.0010411556524101686,0.006612624296176853,0.018987973044070485,0.006372310487735833,0.003467540696218881,0.008104187849090092,0.02561870880806008,0.007725923080623073,0.002924192924857978
514.7195110658776,0.0043203426210754745,0.0512436220173585,0.0007866213110012788,0.0005308601736114405,0.015899751271383173,0.03694275191014357,0.0003625542467597573,0.00015586546095810907,0.008772122651906253,0.030912857742646738,0.002971588559755989,0.0010824157823423818,0.0066573309251450295,0.01952279751096795,0.006344476175963543,0.003488642627071837,0.00839043286679941,0.02529598319898849,0.007689256398521943,0.002948679864547647
514.4547376548355,0.0043621251999380614,0.05129512486092239,0.000784444246708291,0.000533405807479113,0.016793552784233112,0.03662914505449813,0.00035612191423723153,0.0001552766935243698,0.004661549719239767,0.036929432381359276,0.002874876523749165,0.0010468167967494996,0.01034349940393815,0.017006327656038774,0.006370470066291102,0.0034597296730074154,0.008255112748862288,0.02525932456085775,0.007735588009218284,0.002961187774464181
514.1902365043702,0.004438455272768181,0.05135960814424175,0.00078242802363227,0.0005348431688796898,0.016174440011278192,0.03563705249808319,0.00035686621707137,0.00015745880375033446,0.014671098457519462,0.043667889953461214,0.002901435055608297,0.0010700435289924834,0.008833438539509348,0.020988551283170134,0.006366975689450874,0.0034146190934306324,0.008530630559609013,0.025199350506676214,0.0077054229757701565,0.0029127928593353867
513.9260071947585,0.004385591631236409,0.05138850722366442,0.0007832026010600105,0.0005328605278068398,0.017864916408626565,0.03687904149548854,0.00035193494479563114,0.00015546232143871116,0.014794140424832122,0.038918686211941105,0.0027876776604229088,0.001082728332777487,0.007067276861472458,0.017427436387662584,0.006292598547073968,0.0034986872335175437,0.00843567040337984,0.025270647747413003,0.007681578951496741,0.002961775026659229
513.6620493071392,0.004381571710521478,0.051294233838283895,0.0007819057855284001,0.000533872825434174,0.017696427300415905,0.03769229711121323,0.0003495076508525548,0.00014822156433261444,0.01794375005846234,0.02866637096668825,0.0027516645058833504,0.0010398610807707002,0.008599377240029396,0.017683061886190232,0.0062785372757908,0.003542767101552836,0.008364995741127033,0.025412324382272335,0.007694853177625956,0.0029590038844562925
513.3983624235113,0.004356154499026712,0.051302992217820635,0.0007821800399097536,0.0005328979331409552,0.015555988684940085,0.03665798682424516,0.00035501137306377385,0.00015089994022530784,0.009556666869811718,0.03431800325294006,0.00284086665189447,0.001043889896596795,0.00972082828494174,0.018124688885346237,0.006316087970750472,0.0035326551113285705,0.008266607517376292,0.02541777576146484,0.007706309273086209,0.0029858871503533843
513.1349461267317,0.004404183702339861,0.051283391559596075,0.0007825530941306389,0.000532948577792586,0.017848697629736298,0.035931206449226274,0.0003562162158970328,0.00015200769222188708,0.018509734969117494,0.04566982006515146,0.0029005481021767018,0.0010614825132010657,0.008759293257213276,0.019939602297238426,0.006404755419011387,0.003483776663101774,0.008212126489103437,0.02531886953123006,0.007727851832269761,0.002947952949062169
512.8718000005128,0.004381221327859378,0.05116574061014525,0.000780985948118938,0.0005317758183310541,0.017202579817136163,0.03808852310444964,0.00035076507221460274,0.00014896246780063088,0.015143333627198687,0.02210677359703239,0.002857980118928393,0.0009350270284494738,0.007199483154086264,0.018755478720291558,0.006371187917307061,0.0034081776759146707,0.008220732158605299,0.025350687565021787,0.007699438112302946,0.0029432827560762413
512.6089236294209,0.004361754798775089,0.0511801433036755,0.0007803672227965489,0.0005333386357624502,0.014916486793051069,0.03748946377327236,0.0003648640023759106,0.00014674604833650928,0.019732133962960904,0.027478833572776938,0.0029235469539035065,0.0009453379777876928,0.009354120408694943,0.018581790901384454,0.006303801164977915,0.00342544667769906,0.00824299441570246,0.02507828892193772,0.0077069705778842566,0.0029319507438841145
512.346316598873,0.004412273971695048,0.051193564771360604,0.0007805516436110321,0.0005321126774528006,0.01764962368929333,0.034569223691445244,0.0003511791432718297,0.00016797220111296196,0.027919421525147026,0.058767405019658325,0.0027687855681864924,0.0011560690781031158,0.008741995927813495,0.01979302334693427,0.00626815928141329,0.003435604967121026,0.008175577913013819,0.025306310237079983,0.007680667085002552,0.002942428045182694
512.0839784951357,0.004401731863468203,0.05116675383275178,0.0007798541252452679,0.0005323654519376383,0.017539571602459277,0.037999854326713454,0.00033928890857098113,0.00014682375559758564,0.018166380876839236,0.025425594450754496,0.002644169609949609,0.0010080743485970014,0.007773257290531955,0.01903033660861906,0.006277967763198471,0.00346540658039727,0.008344884395754617,0.025068290571578052,0.007693075063797318,0.0029367942468315872
511.8219089053225,0.004366799049410405,0.05112898775081988,0.0007809245241143086,0.000531444866280378,0.01841813090371698,0.03435617387419204,0.00035302988010087394,0.00015646751157576374,0.03369834622328569,0.06609185494854108,0.0027781435022160893,0.0010684028447605263,0.008818535472020241,0.017173877746613404,0.006266244099832963,0.003474827897409573,0.008147750798555963,0.025576381868572865,0.007679405665736579,0.002935864903870267
511.5601074173914,0.004408333049754624,0.05119000555964486,0.0007801434892364504,0.0005316048785401406,0.021812773870185702,0.041700573255227955,0.00033311709735014445,0.0001451238663878899,0.07672243607535294,0.06437751001344809,0.0026841589140978194,0.000896287035723434,0.007668383663794224,0.01946316861125444,0.006307599396525805,0.0034269152091772567,0.008548594029611395,0.025177795317516138,0.007687719764169558,0.002930593917974194
511.2985736201432,0.004260266679053391,0.051072046906527134,0.0007788251183521829,0.0005325556419498066,0.010544455128032725,0.038608963125805515,0.0003569251603284853,0.00012975073313063686,0.07243779958093496,0.06512538744922361,0.002897360137183423,0.0008506132913126811,0.0071290207481433466,0.017957426831275936,0.0063199635063362096,0.0034714863930533735,0.007934335130239207,0.025245191204990306,0.007674037738985697,0.0029371235979954603
511.03730710321923,0.004533403989335704,0.05095262608916075,0.0007796732780645737,0.0005313632448770175,0.021928210031364727,0.033398511892892564,0.0003564000797403345,0.0001519636853088674,0.07420709384117673,0.09793228434113535,0.0028861135988431557,0.0010123312364478617,0.00904083509563433,0.018474417426972773,0.006330094531983031,0.0034437835698186087,0.008349057327982034,0.02532993718468037,0.007677294970510561,0.002932781008441812
510.7763074570992,0.004422673867456854,0.0510704710641297,0.0007801752588039734,0.0005312026538790202,0.019685323039401927,0.045059178344190876,0.00035414891869663253,0.00014756942879143688,0.09620267892439568,0.0681229524753858,0.0028801055967238825,0.0010056877130537277,0.009280172694562586,0.019154410986508552,0.0063127966819520355,0.0034814992595275603,0.008143089314687678,0.025209689971901032,0.00767103582652427,0.0029351409587185396
510.51557427309865,0.004260136621366487,0.050891164307892936,0.0007782355071501007,0.0005303503369187322,0.012450924399607401,0.035057558540547755,0.0003401320438128803,0.00015583226390389964,0.05069367104778539,0.06512725558389831,0.002748677204010238,0.001100473669581746,0.008058957565914095,0.01863821989945569,0.006319697801589759,0.003483379238346718,0.00844133408681513,0.025351453584872414,0.0076652289447898345,0.002930178425006247
510.2551071433674,0.004267118169835503,0.050738667235004115,0.0007806572795818022,0.0005314466793581214,0.01957370221457048,0.03649489445697237,0.00034609002184750017,0.00013404365825033654,0.03630775777436477,0.053398976941365174,0.002780428502581717,0.0009084976676151029,0.008375853481448406,0.019954936272187307,0.006308907396341244,0.0034476885392421656,0.008174160668535673,0.02495664277233162,0.007661249933337258,0.0029263839189760023
509.99490566088735,0.004509192581768229,0.05109051432101099,0.0007765796205645991,0.0005310942113321917,0.019639648257524844,0.03740174060175005,0.00035007727551018884,0.00015544400339559766,0.03700636857594998,0.049416888984681454,0.0028009217368016996,0.0011060350005788401,0.007337635770960843,0.019640453429820112,0.006310622188234818,0.003487859225799537,0.008310286333204419,0.025569520589918935,0.0076601296968479915,0.0029246736694903746
509.73496941946996,0.00431552988841634,0.050483423480993384,0.0007737982587509161,0.0005259938342999389,0.021539644946230813,0.04516138115281236,0.000331775996497122,0.00012939579372726735,0.10325904418218237,0.07812021040012301,0.0026601149093127777,0.0008795142305976901,0.006059036159638141,0.018154825624316237,0.006289931769084476,0.0035073495408232008,0.008400591585371188,0.02478404067713385,0.007655624429267974,0.0029257799029821204
509.4752980137546,0.0038053203715190482,0.050850128864786195,0.0007799360184479088,0.000534611806146822,0.009467621312909662,0.041019872543602835,0.00036361577257642283,0.00012508677245527832,0.10041374911689821,0.08400699155609244,0.0029793174272189703,0.0009068029518453999,0.008677420869646001,0.01742862874117449,0.006352582203122169,0.003514515678973697,0.00811460151050873,0.02526766769887823,0.007649517633879563,0.0029248893956924675
509.2158910392058,0.004752237785441487,0.05149115114823706,0.0007696470680685007,0.0005320273817559782,0.014945438888527368,0.03615048288472235,0.00036130721132733584,0.00013351111546132223,0.015883337911660824,0.03718093855193216,0.002926009909061872,0.0009233864211412699,0.007950347713100355,0.017792321798797226,0.006329985292922766,0.0034513137740815026,0.008118622628783075,0.024854136697381117,0.00764373547028534,0.0029204728298394675
508.95674809211204,0.004143614979498688,0.05104012198475496,0.0007681049762955704,0.000522315104603273,0.010780003880907132,0.037318981732196374,0.00038603219634706596,0.00013545738844110018,0.06487050104881029,0.06613429417007163,0.0031295473726009365,0.0009242522250780774,0.008777092787058327,0.017410279746452845,0.006303705254768221,0.003456404665242984,0.007952340943018403,0.025570121024815817,0.007644962936300734,0.002912486570297389
508.69786876958295,0.004170678532189066,0.050799683056859016,0.0007728933439998835,0.0005354851805214547,0.017117810605442815,0.03140105437278527,0.0003812924076198787,0.00015812805481531939,0.05813571672530218,0.08953146690274624,0.0030930852132006904,0.001089720599445222,0.007823836971271262,0.019710603154120113,0.006287950987866608,0.0034386222186787987,0.008533353509539852,0.025094704313347663,0.007637858126691379,0.0029137093745755334
508.43925266954767,0.0044557273746787555,0.05086361677681625,0.0007779636094220163,0.0005284262596689483,0.01676912080489056,0.03636329773249131,0.000362498205920043,0.00017330843178796885,0.004279876732874976,0.034083589721303126,0.002900698040641229,0.0011904435319545256,0.006768061649955619,0.01902320218801133,0.006270467639108172,0.0034039426916933203,0.007943799837100087,0.025061654940508493,0.007642004695496434,0.00291757761277153
508.18089939075213,0.004352059439233563,0.05110127441375196,0.0007783129100101634,0.0005305778955155425,0.018522622245636135,0.03673694904135575,0.0003489504296964436,0.00015867198968546605,0.024660951130490046,0.042991880388118256,0.00282310074611856,0.0010593970058676472,0.007492325472039016,0.01697997697273605,0.006277391270225883,0.003422083570312743,0.008538305618839703,0.02527774265481614,0.007636433322939207,0.002915424214539186
507.9228085327578,0.0041048554192130585,0.050661605819569036,0.0007778610157050923,0.000526659346776482,0.013354455354063427,0.03701424507684841,0.00035133807206477784,0.000159655481203559,0.035077021170351046,0.040164663388702254,0.0028312647274019347,0.001070615731802243,0.008399736301890786,0.01780391694837205,0.006281535517819361,0.0033799713652003225,0.008138614983864985,0.02498052405412493,0.007633423581210587,0.0029098816357481217
507.6649796959391,0.004344699531298118,0.050799513545111356,0.000775304618368598,0.0005229180917620568,0.01799860324814249,0.03432491941915138,0.00034856737120343234,0.0001468157710434589,0.031041821950612763,0.06077676201371688,0.002807875456225376,0.0009739792868927087,0.007615969039970638,0.018458417227146993,0.006290797610954094,0.0034029442590777148,0.008396009960171624,0.02526693942374242,0.007632588271033381,0.0029101592524831475
507.4074124814815,0.004193257418683095,0.050477097343351075,0.0007762593839973716,0.0005281474637610156,0.017273334493809946,0.03683124121423484,0.0003536418995473894,0.00015925595542210031,0.009885859020553646,0.03314504492022317,0.0028826670045743862,0.0011106871764468363,0.006684427554887266,0.017629954241026046,0.0063115516319587235,0.003442438365791763,0.008026619616087185,0.025079056351859714,0.007630295921317268,0.002895587166638825
507.1501064913794,0.004710428806845638,0.05066226026932932,0.0007766284302542435,0.000525216020656422,0.018055501357753957,0.039059367310692504,0.0003430038989982327,0.00013741856860261065,0.03605846129343352,0.02372913366652325,0.002750865629154605,0.0009292409999542308,0.008019438647711742,0.01575616193759901,0.006233735476305373,0.003445618312660719,0.008591447905644612,0.025358347918929647,0.007610601365964293,0.0029090101610679316
506.89306132843393,0.004333343024382124,0.050792331873734685,0.0007782846782163726,0.0005277179411411689,0.01425756789690629,0.03672317272768321,0.00035784859180390777,0.0001533928157327394,0.02276443153048423,0.03362363074431294,0.002864471784275117,0.0010214342299632168,0.00876841557095739,0.018732291902362624,0.006258768788613316,0.003393075478051226,0.008344752898041563,0.024607366491247912,0.007634465013529301,0.002912369149249373
506.6362765962513,0.004543485808947068,0.05059384084265169,0.0007812427893832477,0.0005176023916881956,0.01747757140809402,0.038258139262153185,0.00034588937842898644,0.00013933679221051433,0.023816512874284216,0.02158395070657233,0.0027437519174546075,0.0009553304457039836,0.006881134417612517,0.01783026418594847,0.0062178555043431085,0.0033967658319204426,0.008274949151043152,0.0251658301163477,0.007620657109761571,0.0028718111046684724
506.37975189924055,0.004532582403459368,0.05080679033253222,0.000760999304142688,0.0005303575263776674,0.012715695547763776,0.03542408707267078,0.00036201674995436293,0.00015373674545049714,0.04144480468043953,0.056079458363978874,0.0028587708170563927,0.00110096490933462,0.008503387302316541,0.01828429161753475,0.006203438155807594,0.0034472789210093424,0.00812032205449279,0.024686749543573278,0.007574511731398942,0.002912658979625226
506.12348684261144,0.004435396121589178,0.050594286189446024,0.0007743806398670167,0.000526325107403139,0.018816414935263027,0.03583368629090522,0.00034580074686075445,0.0001446367484702979,0.0299860267119851,0.051451861296960416,0.00282891749980238,0.0009754648857873742,0.008267144027416237,0.01751137481601552,0.006365337692005324,0.003443318311517363,0.008101192624124422,0.025479996327728193,0.007649223562878159,0.002924123217209545
505.8674810323724,0.004486194343767484,0.05064810979380525,0.0007670140071832539,0.0005051562957823733,0.01583520768377756,0.03682912230634792,0.00036138325903248774,0.00014320846286548452,0.006899596760802024,0.026637355875148403,0.0029070953479420213,0.0009784612983549856,0.008257485351529936,0.017761460946008847,0.0062389806321877335,0.0033480325278265216,0.008487812392987931,0.024461696734389485,0.007600030169420825,0.0028436005377084875
505.6117340753287,0.004532393606367397,0.05056379887950038,0.0007496754432870958,0.0005278585564185345,0.017048429228895375,0.037129521188105856,0.0003535518796710092,0.0001513549749863807,0.014662546276130834,0.025943420354386154,0.0027879120358117525,0.001020936869552196,0.011109606430009524,0.01781333162454683,0.006208510489701211,0.0034123311188486334,0.007419119142178874,0.025291376973128138,0.007558175186652757,0.0029173404382697764
505.3562455790804,0.004678118948144399,0.05065491318295602,0.0007281895088916028,0.0005259023339074074,0.01445591155047636,0.035805952266845756,0.0003609792984743304,0.0001456573393852784,0.022184329073768633,0.03871116244513535,0.002780457322435071,0.0009060029292564436,0.007071620847909962,0.020301416077520923,0.006168462304528884,0.0034034109779973653,0.008820965591865381,0.025245802043579763,0.007576440243993562,0.0029177010951708664
505.10101515202035,0.004479265361171876,0.05066102743072291,0.0007825442734323152,0.000546397342705565,0.01614856932791694,0.03550352619389425,0.00035909272030598303,0.00014111709089548137,0.00933114048346172,0.040848298765865605,0.0029227263027865923,0.0008880384999259344,0.0067816570676855715,0.01808957821072559,0.006213791750070052,0.003482787932452692,0.007922086824029522,0.024608038690548915,0.007585798317633454,0.002956111304296705
504.84604240333175,0.004494875881159403,0.050665218387842624,0.0007675714586494174,0.0005445985213308235,0.01839350630615526,0.033436890320762455,0.0003618401988133103,0.00016919028216164607,0.040056049286703456,0.0710211831108925,0.002913433514177136,0.0011294247009485735,0.007232619631200394,0.01683789752996126,0.006261350940112292,0.0034262491077644663,0.00820374550239378,0.025136111101296595,0.007633563809803606,0.0029085533724063427
504.59132694298694,0.004436851892724244,0.050607370162733825,0.0008138975898919459,0.00047957839473619385,0.019515571190250873,0.04200222537028669,0.00034187937694278104,0.00013904405973259266,0.07087621332522775,0.04774871649333448,0.0028418926111604802,0.001050886083117329,0.009133383397160922,0.017665851479506573,0.006229469372562411,0.003439284973502503,0.007896501941460531,0.025042710583673026,0.007594982873254393,0.0029017403247027836
504.33686838174486,0.004444885343612703,0.05056859302076335,0.0007833187929639965,0.0005320025950299688,0.013496901470607751,0.035018585399620564,0.000351346452928907,0.00016638133613251568,0.035565449970993236,0.053395831503531575,0.0028857054455550903,0.0012263256386642765,0.008140629544401257,0.018011476431248858,0.006316948433538371,0.003417484988728704,0.008623793863694454,0.025253167074108622,0.0076007718738421584,0.0028901879155472875
504.0826663311492,0.004389538925653493,0.05056678832456334,0.000781265447815617,0.0005170534179298249,0.020901068054075697,0.03746994327257694,0.000328412325736631,0.00015783514422018055,0.05452791277275282,0.06141383069268314,0.002589685114269122,0.0010760657012929885,0.008005851683974278,0.01794012188680971,0.006213148943577454,0.003384840994652739,0.00811108719914717,0.02463315605419664,0.007564556727426159,0.002914133285295223
503.8287204035266,0.00447225165488057,0.05050732278354078,0.0007822568651262095,0.0005297947236881667,0.018002295380268183,0.04151577141538931,0.000340370449686505,0.00013746445981835837,0.057582501216088204,0.03522676588400857,0.0027777820741109204,0.0008726903537726299,0.008115372306456361,0.017640248003431412,0.0062573664340626915,0.003448463183927154,0.00844116658950778,0.025143179394744253,0.007595079695862945,0.0029105946020875294
503.575030211984,0.004409678985450657,0.05053968250295114,0.0007705397337217342,0.0005260328186185948,0.011927608586882438,0.03935051671062364,0.00036032726284404955,0.0001525605772381327,0.06218858188256952,0.053232457098107144,0.002872214270293944,0.0010753164884358777,0.007816517945492586,0.017865463754382836,0.0062029922674564685,0.003444083141728209,0.008046811172745276,0.024431789057034498,0.007578514041499856,0.0029070289724675846
503.3215953704077,0.004371394092824331,0.05048673977111303,0.0007808389518021808,0.0005246430963430353,0.019468731658727683,0.031841356221110804,0.00032400907998115803,0.00017297416733620343,0.056779671609763584,0.08792030507011354,0.0026008938205169404,0.0012139275799026967,0.008525775700899602,0.01676776306225514,0.006232789735770091,0.003449037504006866,0.008132506117244826,0.025304820581478194,0.007591216877707488,0.002892455187436223
503.0684154934608,0.004417168934246937,0.050535513836686745,0.0007773262012746785,0.0005284136939763705,0.019041186737602668,0.042259552358423394,0.0003226099858045413,0.00011436058525934179,0.07328703785599093,0.04488264483461536,0.0026239932097210745,0.0006669738152134315,0.007365815623657616,0.01896004047061737,0.006242100189073273,0.00338401873675425,0.008416403732156033,0.024314233229692367,0.0075649016351599,0.0028972969790181688
502.8154901965813,0.004322553169782538,0.05041006674036399,0.0007795648990710155,0.0005234202565968925,0.021059166116050052,0.03261735308460736,0.00036719557901312224,0.00015412505572324575,0.06608754526001806,0.09225228111300132,0.0029505408189654334,0.0010855655932304228,0.00790372128355986,0.018033844328627084,0.0062021895592577194,0.003455904558376274,0.0074430115275258574,0.025042937921725475,0.00757442867500627,0.0028903943514246317
502.56281909598,0.004357755475590989,0.050404256508712664,0.0007767390753086505,0.0005252543316551373,0.028911585312645264,0.05358646670275477,0.0003145481756959974,0.0001466536442087409,0.21072422961582943,0.18349596507503024,0.0026441938814044876,0.0009822841661480868,0.00797881042117567,0.017685127367388264,0.006259557745329883,0.0034704916643326185,0.008639659209531693,0.025354840095497325,0.0075532593331459515,0.0028969784108706835
502.31040180863897,0.004147668088933812,0.050296960489625606,0.0007767776370546863,0.0005269862491003063,0.0036351189985929368,0.042827698365015675,0.0003928956920849973,0.00011683781222283038,0.20456642944569708,0.1970667723349392,0.003250953499469139,0.0007977397072540478,0.0075121796782237705,0.017519686029441435,0.0062511394385966375,0.0034381869060536685,0.00821010135056143,0.024523560608639906,0.0075690198265279465,0.002897374974473181
502.0582379523093,0.004523575994592662,0.050430652802316255,0.0007730405871422993,0.0005289421391006951,0.026671541252952003,0.03006263124755558,0.000352043646227128,0.00021864211386613897,0.1386728203425803,0.16234466998562425,0.002877627667818738,0.0016388950287124127,0.008772440801235789,0.01715687761686494,0.006241311633083588,0.0034133702800209897,0.007956734260146642,0.024837224156987768,0.007548385062061537,0.0029001651882058525
501.80632714550933,0.004561086692023397,0.050259809201714904,0.0007742202528493082,0.0005199942180333493,0.025735722166922166,0.0564240171745099,0.0002952260679496049,0.00012498625473744517,0.23285803530495722,0.2027883626709451,0.002345384897301899,0.0008145584649979338,0.006997523257704612,0.01851044749867143,0.006227015681901385,0.0033655251637918033,0.008199931268014262,0.0248699025418258,0.007552566080528014,0.002888772349865327
501.55466900752265,0.004389822127088702,0.05030121823612805,0.0007759124800784658,0.0005246020678360179,0.0031452006372200735,0.03619912777359513,0.00034835353200468003,0.0001354795388153472,0.17566485535651039,0.1792978834877249,0.0027258115631473056,0.000918403896317516,0.006924273662609242,0.018536150536097355,0.00617037428704745,0.003368752027701749,0.008178914085108843,0.024300059493374503,0.0075415298361243815,0.0028842798303617533
501.3032631583961,0.004411573142678612,0.05019301350801202,0.0007738416381108305,0.0005265741054851723,0.01944936153602595,0.034993171801548796,0.0003177525992526702,0.00012033221135070263,0.04025426990583014,0.06465036398202893,0.0025686936655764736,0.0007207122618354162,0.008292496863815496,0.016086366929070235,0.006209874921293886,0.0034060057428442576,0.007103674003417329,0.025119677598400267,0.007542169538056328,0.0028784446006405464
501.0521092189379,0.004428286069721353,0.05019685306215355,0.0007753796358331979,0.0005283837102163749,0.01889530039323656,0.03950594161749148,0.0003784587391930938,0.00010918081744120703,0.04792965476018798,0.03237083591968771,0.003133038569548699,0.0006694830788448014,0.0072462722282485206,0.01432810484606099,0.006202534613881998,0.0034415023968576565,0.008564517788063847,0.025972775836720852,0.007542875319525281,0.0028881125924921447
500.8012068107161,0.004334971692200586,0.05018499318931652,0.000773098613041362,0.0005264812490383156,0.024519869794796024,0.055700727861060756,0.00037423657622978113,0.00013094019967992143,0.22763404463541095,0.19331889589505796,0.003085875193873984,0.0008659612723734139,0.009818403320184927,0.017511122195273853,0.006196302712725524,0.0033497300573091956,0.008699509220508142,0.02480719399031081,0.007528748806324979,0.002871503150619086
500.55055555605617,0.00432416645064468,0.05021123687689225,0.0007756940937390577,0.0005271517311322634,0.009915209350479463,0.04627937391465715,0.0003980201818447985,0.00015488656051433164,0.29471439860352006,0.2906163548015252,0.0032018502606862348,0.0010567378943224241,0.008459687137122834,0.019152505415593258,0.006175551798382256,0.0033541738741866937,0.00847392141528876,0.024690553382802818,0.007533446898510089,0.0028826855179131116
500.3001550780391,0.0043620157157693105,0.050161751078111334,0.0007770934910272814,0.0005282755399260453,0.006941180266537789,0.03322009459318829,0.0003606291707321851,0.00017215760887306477,0.13356783585384233,0.1458760473519591,0.002964163770183563,0.0011440785342575893,0.0071907723526676084,0.018131950104825472,0.0061718918892602025,0.0033605425486701677,0.008155689112452447,0.024458946091727402,0.007532200358621672,0.002870288368990029
500.05000500050005,0.004398366004905198,0.05011910944026085,0.00077275556376056,0.0005256617859446143,0.01423702792856766,0.02623687543266204,0.00035561880069732917,0.00015891958850130407,0.236667154638677,0.25729122952944244,0.0029098326766693263,0.0010580583939092806,0.00905538979761765,0.018335957104477187,0.006199926992161382,0.0033250170064313784,0.008102498655903607,0.02516767366649141,0.0075334865632107,0.002879309024627774
499.80010494802605,0.004420052261927677,0.05006456112760807,0.000769970890908456,0.0005292729922062026,0.025099644649916177,0.024880658157679886,0.0003401492825641744,0.0001602427865518257,0.15466716160644692,0.18197687127459083,0.002704874059821039,0.0010855355145248469,0.007236512877597497,0.019408641900615878,0.006140528200938805,0.0033188593333314627,0.00875813814350412,0.02481201362146098,0.007517528654897127,0.002866934053977945
499.55045454595415,0.004487971866160366,0.0500626794591832,0.0007822909283448805,0.0005202585752595092,0.019657775466285294,0.029566409648339217,0.0003426255490358338,0.00015173709472488428,0.07949110233865639,0.11155895357608214,0.002706720624994815,0.001069958585332145,0.007815629852773093,0.017847814433207026,0.0061487075972072106,0.0033813868839717206,0.008456496014417818,0.024634825734569685,0.007529659291517668,0.002870515512090685
499.30105342036956,0.004421058385783326,0.05010223484761632,0.0007800347735854717,0.0005387251187887646,0.02238076973061862,0.040266236606594195,0.0003312093500784876,0.00014376893269177089,0.08093371005834635,0.07423285218224984,0.002642699421670006,0.0009774631023011468,0.0075199502991371,0.018349559725311528,0.006174299959236134,0.0033950254843534726,0.008641045651158828,0.024026674508616827,0.007515358426299741,0.00287276392640142
499.05190119810385,0.004391753368205827,0.05003175697625112,0.0007617438385172087,0.0005374948683330141,0.010162418812244634,0.03240388945627851,0.00036066076492082693,0.00014050316828533515,0.09103810924942121,0.10650784379122274,0.0028906166383166404,0.0009216602903181262,0.007882249897851643,0.017927702827122628,0.006197527893958678,0.0033675132643764616,0.007440945601612272,0.023726014792026417,0.00751990202114556,0.002865864099024381
498.8029975067332,0.004482017858372584,0.05001254451424048,0.0007622522056124816,0.0005251223178648676,0.023068175646225694,0.036783010892771875,0.0003371554226256544,0.00014432477344931952,0.08010999879280913,0.09043854110173705,0.002695985597006051,0.0009885588691203651,0.008687893457038973,0.01625294465110483,0.0061626300978079255,0.0034133178108948954,0.007419927643969738,0.02490228483163824,0.007512243036954771,0.002865617129821323
498.5543419745763,0.004417917057735361,0.0499925217705323,0.0007738929730208659,0.0005269744610790125,0.014227743373247236,0.0363828080768416,0.0003521470834139873,0.000127803865605275,0.020978993660141523,0.030446582171668846,0.00280008203908798,0.0008430368376647864,0.008989083385543014,0.018280729099852483,0.006154695560488564,0.0033608090665172546,0.008013983150635756,0.02495340731200284,0.007512399336356887,0.0028657781910085985
498.3059342306927,0.004572541009866294,0.050030048786045375,0.0007775305260677132,0.0005262614775712,0.02099818545133912,0.04167677385282144,0.0003447147042389768,0.00013863955787500118,0.08034552520327545,0.06010270884524486,0.002748530083715708,0.0008780774605239429,0.00863316406988856,0.018667952861261734,0.00613724985117784,0.0033740362125099627,0.008136094583996827,0.024766117662885452,0.007514685272539841,0.00286802222742166
498.05777390488055,0.004490983344355431,0.04988014548042737,0.0007769031343337994,0.0005167670437059028,0.007064848989480781,0.03889562148508202,0.0003688503367700481,0.00012361131826758767,0.1079077460595499,0.1025651187916605,0.00305124074681559,0.0007833137421223416,0.0080916170273932,0.01882898935248348,0.006197520137151304,0.003392187875784429,0.007904056450548053,0.024700600029468077,0.007510258371164696,0.002863307805411753
497.8098606276755,0.00460594703661521,0.04981714406385947,0.0008271504769735208,0.0005399840464241122,0.01318684131504815,0.034333553776150966,0.00035058858695122106,0.0001666644597327648,0.03846294140780829,0.05691362901433691,0.0030266508625866207,0.0010697699007351869,0.007543661805499168,0.01875824198443907,0.006184057636015541,0.0033560132611226904,0.008228707718546566,0.025014704280884693,0.007484997556369955,0.0028916748008126674
497.5621940303483,0.004431464981289617,0.04956749503069296,0.0007676366366741823,0.000558387926194563,0.011683751685088603,0.032293150523031305,0.0003455900249929262,0.00015437071583068043,0.07332569240318113,0.09092619017239001,0.0028107744788267307,0.0009648555853135081,0.0067745790994365885,0.01880133448206544,0.006203342652320657,0.0033189216317003247,0.008595205114331905,0.02468393233140006,0.007519968906766189,0.0028433369594060382
497.31477374490316,0.004146585106294758,0.050028897119874884,0.0009044403995937455,0.0005444732852933235,0.017166595901037418,0.0339857940805427,0.0003184210978656967,0.00014370681086123323,0.023378210825467198,0.05466961562355169,0.0028707464222465662,0.0008816669381503648,0.0054898823931925425,0.018014720093152466,0.006182776089546338,0.003317397636663342,0.007804122406428755,0.024160888901690936,0.007492776270821889,0.002853761117068858
497.0675994040756,0.004727271807280431,0.04969961923887957,0.001007049899030722,0.0003329633701088038,0.014944331235180252,0.032471661071067894,0.00030424439061024235,0.00011127512919209419,0.04042478302742481,0.07154179298977555,0.002764764094745843,0.0010465615772143988,0.007560147455755575,0.016039918222836232,0.006150383478717165,0.0033575632822297704,0.007724428175526392,0.024904867589430064,0.007497987286180202,0.002846221837620175
496.82067064133145,0.004554702335792972,0.05018825696200582,0.0007207827990296161,0.0007268061934759593,0.017923192254044755,0.037275501557900825,0.0003613309917489428,0.0001784694601293152,0.027376010400993123,0.029269680714766752,0.00275309274599633,0.0008695950291443238,0.006427782612924314,0.016979837254424226,0.006146095369939862,0.0033926209213410996,0.008428136269992184,0.024925470208395948,0.00750495772285719,0.0028570083652854597
496.573987090864,0.003890475416748834,0.050099535253230895,0.0007197358986566838,0.0005719595220290298,0.013418304371727096,0.0331529306052936,0.0003757891861443933,0.00016165144059604613,0.04466917835139247,0.06866606603127903,0.002966321823547585,0.0010835967962076441,0.007131628034016187,0.016005934880101828,0.006144896578105508,0.0033927082346507293,0.008373198761536568,0.02442105059799694,0.007493750980238978,0.002846360251955602
496.3275483875931,0.004425623431021095,0.049916922700523975,0.0007030811748449137,0.0005557878747001978,0.01641134042489653,0.03667161659155061,0.00034805001795448943,0.000163384863237542,0.013484664214092555,0.02259280675844832,0.0026796270905655663,0.0011450012401255695,0.00839859704280856,0.016956838560685757,0.006184077729843481,0.003387297947241506,0.0080462386810172,0.024104324677621754,0.007488358271484505,0.0028571036934338014
496.08135416716283,0.004351927207673752,0.04982851175018645,0.0006956667913244234,0.0004904214719578183,0.012302322968355687,0.03312391679980596,0.0003597187724118795,0.00012574249972189896,0.05534528281518496,0.07546744240233055,0.002739400402419388,0.0009321922326584002,0.00975290495442877,0.01886608399919864,0.006162864303777803,0.003372825036250084,0.007472395438226671,0.024598753064418413,0.007480236622926475,0.0028565039223241565
495.8354040659396,0.004371883828236362,0.04980831552828,0.0007381120035553182,0.0005141935901619062,0.01575010145354311,0.03382731221890767,0.0003536203099024841,0.00013983937210562062,0.021080885126048356,0.05263710259704487,0.0028329185400020186,0.0009283791493462208,0.007612140764839607,0.017456929840581965,0.006176947753559785,0.0033799527391947105,0.00802487547747558,0.025061626908705576,0.007477001518086144,0.0028640709960979617
495.58969772101096,0.004380721128203619,0.04974831040473166,0.0007236184393270449,0.0005139547109555807,0.01469670925705254,0.03253364841762004,0.0003607287720732639,0.0001408493776184195,0.03772373894162768,0.06898747572682579,0.0028591356257207604,0.000898528518082415,0.007493303153117893,0.016685323200498266,0.006140426289134187,0.003340378987858797,0.008400516974759166,0.02479525872174076,0.0074755668131519515,0.0028481206439141837
495.3442347701833,0.004388534867584641,0.04972645295548728,0.0007374044367083957,0.000508484450345157,0.015551985202971578,0.03505598321309086,0.0003563488327833595,0.0001412528592096834,0.008246022221665228,0.03863148086822022,0.002876468203102674,0.0009971053141516987,0.00878455426796671,0.017253297707739444,0.00616519399231539,0.003405180080909033,0.008216616237352307,0.02434943044962949,0.007484250026716301,0.002852413930527819
495.0990148519803,0.004343120615747674,0.0496960692459709,0.0007372870309006792,0.0005183117343533496,0.015235081833325134,0.0308692296081349,0.00036259679809344693,0.0001590402363633688,0.05754941726346706,0.08480474433569139,0.002894233698477573,0.0011403439624067286,0.008361775000460168,0.01912290586319113,0.006143259135226168,0.0033608126865695056,0.007820636547311768,0.024922381723487364,0.007469025745811812,0.00285295249229691
494.8540376056409,0.004388824103385238,0.04970528728295485,0.0007343989136153408,0.0005199688721907096,0.018633647656670107,0.03401666122406614,0.0003383607483053257,0.0001598107467824571,0.03409719439313677,0.06001568533483075,0.0026390207897792326,0.0011212277499063426,0.006687331059471858,0.01795226544506899,0.006133656536611876,0.0033453962331065827,0.008677968102910957,0.02484533640702236,0.007473407073688539,0.0028476563815002308
494.60930267111775,0.004374829792346431,0.04970062438454475,0.0007250081545400086,0.0005113345739540751,0.01375268257642557,0.03571444615929864,0.0003567340427505627,0.00013176854475317507,0.026896908020276236,0.039874569355527856,0.0028265644942980193,0.0009238538551272806,0.0070648545373561055,0.01811799067543119,0.006173327158044931,0.0033671182894096778,0.008534137556497741,0.023996438765843325,0.007458030165187402,0.002851179586070007
494.3648096890757,0.0043566278043739425,0.049586688040978925,0.0007368644961985414,0.0004982468688530941,0.015157572893339988,0.03234790835650031,0.00036808398672066146,0.00016288104559752947,0.04063679055456857,0.06933666654502559,0.002916561281617435,0.0011537581404265848,0.007950405106791366,0.01783756912024161,0.006125257094549394,0.0033416151607410555,0.007731943702794456,0.02423205187814788,0.007468961515943788,0.002835838151312557
494.12055830088946,0.004349564001836521,0.04963902301155198,0.0007445058909325402,0.0005059961030899884,0.013365942200236982,0.03604254708901796,0.0003374264991663976,0.00014705952512212146,0.03200818957500935,0.03660604928053677,0.002721884774081873,0.0010260414463531913,0.008369825033563486,0.017757778004160476,0.006148263381959948,0.0033698629776672522,0.007827996687357052,0.024263062518178957,0.007454263185376043,0.0028533274839138063
493.8765481486421,0.004407707437896787,0.04963542118965034,0.0007466496145657935,0.0005032872423198528,0.015416667840474178,0.026764175215000862,0.00036697073879711516,0.0001677368391205501,0.11748629140712907,0.1437416314173383,0.002923160758711464,0.0012360686676405437,0.007383240673333893,0.017541765478537977,0.00614311941303565,0.003274745772905886,0.007485362697577059,0.024461856545493262,0.007443319431664351,0.0028268277977128234
493.63277887512345,0.0043382964212819895,0.049550134781221805,0.0007449392171355449,0.0005107470626954173,0.024553267606809103,0.03642213524103335,0.00030361782979919204,0.00017036882551381757,0.09952248862376106,0.10874540119088974,0.002341541256930297,0.0011229108705706804,0.00816250461415822,0.017593265789808542,0.006123403909852266,0.0033045308279433462,0.008225780103723239,0.025106372709440335,0.007451936655387844,0.0028750060457836003
493.3892501238284,0.004402774580761685,0.04950489503238199,0.0007454010734650129,0.0005099533932897372,0.009409801482843804,0.04043430307482693,0.000342210403230203,9.793401225613143e-05,0.0972477054694125,0.07987138806623376,0.002706184887123226,0.00048797449801984066,0.0061579286308620475,0.019340355003076057,0.006111339663196373,0.0032594291801541016,0.008589437478743495,0.024600037611362337,0.0074427628375081725,0.0028529877256947963
493.1459615389547,0.004368023624560521,0.049467214369495895,0.0007515013194592786,0.0005046232326303299,0.019215543592242017,0.025506512609522095,0.0003740895579633393,0.00015692650954777856,0.11743958368794309,0.14853504290872646,0.0030335980764193394,0.0010307062767117593,0.0059775593295176834,0.016840032274735278,0.006099954953578093,0.003324034164066158,0.008834467948356394,0.024383397774255737,0.007432182997877741,0.0028482772729061514
492.90291276540177,0.0044048566677588104,0.049518853331164625,0.0007503936097530834,0.0005106748989053392,0.0211738158332403,0.03955300460494593,0.00034202473314305903,0.00014206602090426762,0.07262458214365938,0.06306429058007554,0.0027452158882367603,0.0009503440540776889,0.007623941543701926,0.017022812938658982,0.006096416792758498,0.0033426516980905614,0.008252340235095454,0.023172151743406286,0.007439367639828707,0.002830904911999825
492.66010344876855,0.004372530284453936,0.04941320678307996,0.0007479156844822952,0.0005068035329390133,0.012537516133340436,0.03708863482114656,0.00036832951410097493,0.00015728779732956664,0.04283419545554654,0.03848047202341436,0.0029673091168904964,0.0010351962660644237,0.009345664055807244,0.017075504659600314,0.006100480006405793,0.0032966415857270284,0.006899481965759473,0.024063786246646995,0.007440741353036728,0.002852824607927121
492.4175332353521,0.004379126998918239,0.04951354437567611,0.0007481723089194336,0.0005038521684341374,0.012118591365416409,0.036040458778101254,0.00033426722902754814,0.00015712219124124584,0.04197117023652063,0.047845683207801415,0.002657855998241321,0.001127238243654909,0.009548401169324656,0.01736329003427278,0.006093823352306714,0.0033560375675544857,0.007810224552425804,0.025134310496642037,0.007425291090826481,0.0028334514589163917
492.1752017721457,0.004433480936818169,0.04938137676794767,0.0007544528261014154,0.0005073798819506192,0.01711924022809646,0.028817594222643614,0.00034845519869527303,0.0001468363228705704,0.07883775416276466,0.10562500895555951,0.002730296435182175,0.000973585507228202,0.007990219143046984,0.019859837980554112,0.006026200599012554,0.003354176494483712,0.008607040230720979,0.0240943726970776,0.00743182227537271,0.0028495696537000027
491.9331087068373,0.004347128467459374,0.0494382529201584,0.0007575813333525576,0.0005236672151186902,0.0240721332176396,0.03975963345127152,0.00032633809232717365,0.00015411690858179567,0.09880778703712115,0.09657879393591615,0.002636051586998923,0.001056337215800448,0.007049082924118839,0.01928178050582392,0.006066046177859246,0.0033158163166813583,0.007643611558798137,0.023800402421181185,0.007407784867255908,0.002816318635511974
491.6912536878074,0.004455550425207091,0.04938346902694595,0.0007370924541991098,0.0005154180990917086,0.015951831769713595,0.04170095024115049,0.00034905120707532706,0.0001391034191080291,0.07334707899339273,0.042325048433360636,0.002722540105957146,0.0010051664978266825,0.007943583624045427,0.01791333267967051,0.006115661158592725,0.0033379040742521618,0.007199070467673091,0.02397051878088053,0.00746136429161889,0.0028296036640823264
491.44963636412785,0.00440626109861573,0.049282672468302716,0.0007459958619476169,0.0005004721323651054,0.01788364599784497,0.044756278550038706,0.00033914708557680105,0.0001340870897253322,0.10518454381524393,0.07592375878336646,0.0027563456301490886,0.00092722441074169,0.008858692571115363,0.017867648113254118,0.006154128845448317,0.003400537008834896,0.006406640944705788,0.025345107833385803,0.0074140446613531075,0.0028631449386863467
491.20825638556,0.004351473682330074,0.04933013909626343,0.0007393047916153482,0.0005207224551075216,0.00928983816937863,0.042255615038344005,0.0003581771562246525,0.00014583506570861322,0.12240816462961303,0.10353368592752843,0.00293800006010012,0.0010621710107487227,0.006560074574617056,0.015230697008972807,0.006171794420904071,0.0033957672099441355,0.008857313742120117,0.02637906231194038,0.0074147810956539635,0.0028312837022659546
490.9671134025528,0.004318215448242745,0.04928529197441347,0.0007679089867028445,0.0005011849836625413,0.010537490170705153,0.038785385755582144,0.0003329589116956727,0.00013353757914288806,0.07374785481719434,0.060701194389674265,0.002711365804611168,0.0009357370064534861,0.006744717115062758,0.017334845880396056,0.006143981019067562,0.003329759480147491,0.009377133130789547,0.024539790159136796,0.007410171967094997,0.002830073600008242
490.7262070662415,0.0043646675443641285,0.04928799733692899,0.0007438542976080801,0.0004797024910249345,0.010350365633969775,0.03355054935264381,0.000349234168053159,0.000135260317977111,0.0696488207667229,0.08228097609303327,0.002749239430379005,0.0009525808620464506,0.006357631639880289,0.01795434767401328,0.006087901423855238,0.0033370511728828727,0.008825710284788384,0.024080779061340127,0.007417755683648904,0.002837894897531062
490.4855370284454,0.004347496512033849,0.04937520650165683,0.000745276317747436,0.0005234542356537233,0.018106158372978548,0.038997717518788125,0.0003352769648621804,0.00012946659029080905,0.04571747779207242,0.026258148709964374,0.002672054213204114,0.000771510014065625,0.007811868098888992,0.01855603991352612,0.006067400489952863,0.003319690528162772,0.008398017339082497,0.023465316878769793,0.007389303597962963,0.002841551791309989
490.24510294166674,0.0043092155924185525,0.04917848755958479,0.0007381981639491221,0.0005069322962841981,0.011603929302636616,0.037194343002434224,0.00036337166258351223,0.00012408144054270437,0.05177996715424649,0.04582320093865025,0.0028943112196176206,0.0007619508193924543,0.007797494021622187,0.01914553210885162,0.006048724249567008,0.003300011534575308,0.007600376358231013,0.024060208536201343,0.007404621635035252,0.0028079935420697376
490.0049044590887,0.004319804799756204,0.04927218070049235,0.0007496678574052771,0.0005083711995221595,0.016412058499320575,0.03715232038911975,0.000345353633713186,0.00014485404703104007,0.022105252026992636,0.01546612609105814,0.002819932107070796,0.0009752165582478799,0.006721173196012237,0.01665059407308931,0.006090730964845927,0.003356143356088426,0.008231801220466937,0.024100600972895066,0.007399484616247089,0.0028431173898954072
489.76494123457405,0.004484632079627044,0.04938168203388937,0.0007557334801749436,0.0005075620353469482,0.014127825970542338,0.0349743111995672,0.00035402742238659237,0.0001380147955177621,0.018958742260158264,0.037878587826031866,0.00291220956690906,0.0009552091103454137,0.008533465194843153,0.018267460738503046,0.0060958909191533225,0.003352795150625978,0.007227685740188047,0.023747303481466506,0.007383230465201244,0.0028119059343730958
489.52521292266283,0.004188950871069546,0.04922672627630673,0.0007434401246942561,0.0005292218202014032,0.019262496730834962,0.03737083250225876,0.0003527900136286126,0.00015136624950761593,0.04305238300152999,0.0447900395113617,0.0029001858446238544,0.000985551396337398,0.007195744092681963,0.016772446695801628,0.006135119367650753,0.0032666403958562665,0.007800823059376309,0.02525295267948109,0.007407767761304164,0.002814745005748494
489.28571917857147,0.004282219120554403,0.048996627255325186,0.0007383678822899169,0.000513439889901302,0.016728989158594863,0.03822334762825414,0.0003430019130994698,0.00014559888379717603,0.03479024775836275,0.01171133373685679,0.0027351206736912596,0.000977728003525786,0.007371815269784194,0.01688394130126967,0.0061042436684567245,0.0032942764867945878,0.008672287024569346,0.02436840248362987,0.007411231624567737,0.0028237941356657422
489.04645965819077,0.004190732794653538,0.048871585454940775,0.0007341392308979804,0.000518466124802663,0.018143125794443812,0.040301496310268525,0.0003408121520794706,0.00014380170560258435,0.05894412025814519,0.03398970142330396,0.002660670395315761,0.0009732138623251681,0.007006347918093776,0.018079575382264505,0.006021912678176664,0.0033400280444176225,0.008511881687907593,0.023951661509781473,0.007388848168178628,0.002835935057956854
488.80743401808417,0.004094016141857912,0.04924744877003581,0.0007388309058753041,0.0004982717725273868,0.013673960299615883,0.036640447057870174,0.0003436105046123216,0.0001430669091699972,0.030257986881202927,0.02500109916614493,0.002689558868251577,0.0010748838027076527,0.007525615075459462,0.01777834532837106,0.006019577718141262,0.0034079369916367587,0.007456721846550077,0.02360040114362612,0.007375848884585537,0.002828935049495421
488.5686419154862,0.004366694386146535,0.048806344371415775,0.0007533773818855801,0.0005057321141407907,0.01834315215421289,0.03773447069630689,0.0003341030167224909,0.00014064834717331852,0.03870448613941984,0.03047791826255774,0.0026906338842343294,0.0010118993739149037,0.007827702013052638,0.018505239821871612,0.006081989353224509,0.003367255823793593,0.008520292357839972,0.02494903396832419,0.007376226906368163,0.002815659284404816
488.33008300830085,0.004539339806550787,0.04912543501637214,0.0007338524819378346,0.0005093103609405364,0.015023798276953377,0.03563076669943268,0.0003402479989639426,0.0001452391474418215,0.010002174490974538,0.028051437979207103,0.0027300802527744188,0.0009952476626395065,0.007335967585183843,0.01731243092136646,0.00610747670677791,0.003334438440703904,0.008632742160758313,0.02286509857708749,0.007387040472131442,0.0028323451313699895
488.0917569551001,0.004297560534985172,0.049119739668822916,0.0007448966426214333,0.00050370943723564,0.01764340271589104,0.03705746996927852,0.000333219170297658,0.00013093600875137686,0.028630780457219132,0.026131149423535296,0.0026701637117074175,0.0008440692435514451,0.007796699834578779,0.017700254862636378,0.006061649317158555,0.0033175551950896916,0.007506372145946828,0.0237344585063724,0.007361161430479706,0.002834130350412651
487.85366341512196,0.00435120108789314,0.049069345158822185,0.0007402368426550456,0.0005128010662481612,0.016143182907055482,0.03412641894636678,0.0003470542528421029,0.0001399889780577639,0.013727256584762272,0.04453619334494489,0.002764034610816393,0.0009324889120754569,0.008793602195942211,0.01800645952606249,0.006024640667828572,0.003329983201263238,0.006417765662961646,0.023273673096672606,0.0073487623620280785,0.002815996903901641
487.61580204826925,0.004274695002585334,0.049064886591122125,0.0007380878927177806,0.0005040465024828267,0.019248275466583132,0.036813708835512035,0.0003400777111018192,0.00014335131329457537,0.04186598391791344,0.04753013435228008,0.0027811837555792103,0.0009537506980521716,0.007732387477628695,0.017531794665674352,0.006088743600122565,0.0033079190942978463,0.00731107826459277,0.02650732128680018,0.007350906687972446,0.002803882295126002
487.3781725151073,0.004377874162225267,0.049004076102963985,0.0007393387536537929,0.0005055947360198757,0.017163600486581304,0.03407101852567149,0.00034555264358092754,0.00015120772277783502,0.022086072884000805,0.0475262462101049,0.002765793821355273,0.001006521695672986,0.008646689319156438,0.01783847331128793,0.006039088045508003,0.0032591042363012343,0.009165053773620143,0.02463814922757001,0.007357128207002839,0.0027951627651466434
487.1407744768632,0.004369591340797791,0.04894679452385365,0.0007411707124061512,0.0004973662103622085,0.019392636864525952,0.0371939359028237,0.00032620312664014,0.00014630849569005126,0.04595440440491942,0.04538063854446067,0.002610600087711004,0.0009999746047971258,0.007696279066832484,0.019009636049355353,0.006076021589398411,0.003310590009587814,0.00860269518957253,0.024468511029067008,0.007377497023053813,0.002799515412550169
486.9036075954236,0.0042707082693532366,0.04897102655600508,0.0007474128982260941,0.0005014682054725295,0.015657523792858296,0.033761992731412414,0.00034495793796556385,0.0001386915201508304,0.01675064985444618,0.046007995764522254,0.0027735062111282154,0.0009192714003723476,0.007106877956752976,0.018860911278330412,0.006046067885133497,0.0033110864939512596,0.008244837308408715,0.023213687491776637,0.0073607106069265875,0.002824267964461479
486.66667153333344,0.004326996981542957,0.048876497863817044,0.0007444576418272114,0.0005031608141246031,0.018093742282463975,0.03500273597501943,0.0003353980094359838,0.00014103008876297928,0.027066188621208898,0.04659970707035948,0.0026764653270583477,0.0009349689346364634,0.0076055930135498105,0.01757695807191855,0.006023538446671149,0.003289602333296896,0.007497961314936778,0.024368061636090246,0.007356846139167893,0.0027965937795380253
486.42996595379384,0.004257811454405817,0.04890426292282174,0.0007444783621849353,0.0005054159956027366,0.015774972411237837,0.03467440595415628,0.0003521003880747277,0.0001403020190409415,0.004691955034485867,0.03685159172461831,0.002831034274200757,0.0009546901076729074,0.007766833449059676,0.016659498378750595,0.006053250335742072,0.0033321706337015923,0.007787488417657474,0.024084239223834066,0.00737186748658167,0.0028257232929028006
486.1934905206612,0.004302877440584632,0.04895809799147747,0.0007440564104346455,0.0005038933345072032,0.017328572763036332,0.033621450921337996,0.0003369386474415932,0.00015344999494390794,0.02472395865337566,0.05246750398891497,0.002699128791666096,0.0010620191763046766,0.007792327883081096,0.016679550944254464,0.0060119931822199485,0.003309727301966381,0.00792916794227691,0.02481784495968859,0.007333997309153495,0.002813708152855377
485.95724489844514,0.004244352302773676,0.048889026182437983,0.0007448391052475114,0.0005053232319028483,0.01604007512447237,0.03366048983157242,0.0003353083188394605,0.0001430215126701797,0.01682314403893028,0.04714960488028791,0.002729275237769767,0.0009845937630954614,0.00840242598610026,0.0178843599662099,0.006101016981391354,0.0032767518795398442,0.008243919778014133,0.023745948355549048,0.007354293200875876,0.0027969190030402453
485.72122875230707,0.004261857514039433,0.04891902255656939,0.0007407141529644159,0.0005049751324943758,0.01767987476200381,0.032053846230055444,0.00033458467232251534,0.00015442307199964268,0.04169769686500386,0.06794220389800959,0.0025910743329271564,0.0010315397204174507,0.007902090472014931,0.019636904592933067,0.005980802006858808,0.0032589849103612074,0.00797253362915023,0.024383939264420097,0.0073452145479410745,0.002815377778226156
485.48544174805835,0.004325672322416912,0.049002087031091594,0.0007459735271154495,0.000503583655117487,0.01759652226329304,0.036013835725475,0.000330322328813897,0.00013137166394203145,0.022725320628673176,0.03266365296443351,0.0026169457032375167,0.0008241922162314962,0.006145730204594799,0.01894779899462535,0.006008129745954204,0.003287029312088994,0.008349771176170771,0.023556816414070966,0.007337768623318034,0.0028000265631568165
485.24988355215925,0.004278046695424524,0.0487405612669568,0.0007438951519480341,0.0005024929610137711,0.01249853808389633,0.03300596487849549,0.0003583410521947214,0.0001302195585360731,0.046778706016846076,0.06354054125536052,0.002912629840114287,0.0008384596294113798,0.007294401244979705,0.018678175886303282,0.006058134345301002,0.00329771851378421,0.0074701208583006,0.0241641153893867,0.00735115351325763,0.0028075694256884023
485.01455383171685,0.004345744679041921,0.048776313177410074,0.0007443826585966434,0.0005048873166732909,0.01815829925266803,0.032545216557557786,0.00034192829298137714,0.0001495786555798124,0.03911777522227235,0.0683498202031788,0.002762073009902309,0.0010111296783869399,0.006703410907189815,0.017126057173286857,0.006039250219949127,0.003313364166246979,0.00782338791210933,0.0239579354818808,0.007337517575313598,0.002813611911117508
484.7794522544838,0.004353365755317576,0.04883912570274453,0.0007467312489423822,0.0005060492843655393,0.014288157109253644,0.03540315153273639,0.00034841941145221755,0.0001283995703340205,0.016525847834606092,0.02920688472228042,0.0028248473297632737,0.0008487368564916991,0.007536306226070443,0.016087870141500562,0.006024510019881704,0.003331488959504447,0.007443237290266312,0.02445880521886528,0.007333772780488344,0.002805235500743732
484.5445784888567,0.004277122111044534,0.048741243419429855,0.0007445821208395583,0.0005074858806926092,0.013365552560624194,0.031196325038028983,0.00035852324642671695,0.00014983723607673758,0.05444936818122088,0.08002648680233326,0.002887974908219253,0.0011046807181893355,0.008141130131585123,0.017855057721058123,0.006001382987847524,0.003366311483948927,0.008392387733839173,0.024302719038433167,0.007317250390043922,0.0028059726403815723
484.30993220387415,0.004349297412723803,0.04872575263095769,0.000741796482532889,0.0005072988201926804,0.01580320928208851,0.032190648482242734,0.0003397765956307698,0.00014532584201857097,0.033018469497681134,0.06248281642131702,0.0027214796273054335,0.0010357438764563018,0.007128390152917372,0.017633121540054905,0.006028159631891051,0.0033347545709787214,0.008260572375751755,0.023789431112522033,0.0073195016403885165,0.0027951498481549137
484.07551306921596,0.004299853003143842,0.04872505283556949,0.0007380248326401905,0.0005027512730128409,0.016108135441442326,0.03340953776608339,0.00035056817803093157,0.0001349462630123757,0.018899920640507568,0.048514047188688826,0.002833323171665498,0.0009221920280764536,0.00764448654388466,0.018519740468826592,0.00602717974742024,0.003322924723548374,0.00794551750158482,0.02380955575966385,0.007320199209394709,0.0027932276781245623
483.8413207552008,0.004355224047427647,0.04866706282081099,0.0007513658565392318,0.000504462649482984,0.0140596875157626,0.035000649247767406,0.0003423497161521871,0.00014598489320730146,0.018821099977001633,0.032922810773956986,0.0027686595394760634,0.000999720219856486,0.006814634649673234,0.01818232866840341,0.006043118867511514,0.003273316319139173,0.007881653977675278,0.023853915931622394,0.007331803495891375,0.0027936070795264254
483.6073549327854,0.004351536153009715,0.04874555001170132,0.0007404576107261153,0.0005105145598229818,0.012275935346775105,0.03213156986398254,0.00034933069919609975,0.0001439590402540946,0.054519958378738166,0.07392016681564877,0.0028223154236304013,0.001003122840658186,0.007891849155198742,0.018397557327959804,0.006032724361244951,0.0033287605237954368,0.007290294950855595,0.023799223320843776,0.007312950709854233,0.0027910625100421075
483.3736152735622,0.004227712235239359,0.04865673472630852,0.000729610874057167,0.0005107433925615995,0.014705060604320842,0.03224677033750624,0.0003377948230857583,0.000148126959656863,0.03461673267223906,0.06134481688142533,0.002766841820089316,0.0010172883062798555,0.006642001285109834,0.01779784900968947,0.006080576934707962,0.003292823518953191,0.007953052494976425,0.02433238908802565,0.007316728256305707,0.002777491688776567
483.1401014497585,0.004335282376381115,0.04864329926452698,0.000740756052296569,0.0005034328717799792,0.014777520176128572,0.03212848670566201,0.0003412150542742099,0.00014540914889239618,0.033905595535704505,0.06349648661821095,0.0027688166634747065,0.0010101630726823715,0.007988024121221486,0.016611320782155662,0.006068843197885177,0.00329868378129341,0.007427335204976215,0.02397982684802538,0.00733142439085047,0.002807526258809648
482.9068131342347,0.0042345059363341885,0.048709477456517096,0.0007475769455666518,0.0005146457272730835,0.016690600402053835,0.034159714749824745,0.0003260515904588631,0.00014080987604277886,0.015359199717466961,0.041560246156774935,0.0026230010514514423,0.000949800385245207,0.007469478896895475,0.017079012338605027,0.006001175440940098,0.0033062437409122685,0.008207098292835635,0.024493811546869415,0.007281877094690467,0.002803584673789313
482.67375000048264,0.004189208350875014,0.04848178727367916,0.0007817410382707107,0.0004985920244244997,0.014950124806053936,0.035269299092210625,0.0003294574220971156,0.00013595302561115677,0.009516203789213038,0.026743730685863144,0.002673279886998505,0.0009106505762325314,0.007342160190001723,0.017100056294615737,0.006001184838300516,0.0032526868656092686,0.007861620230615955,0.0237700340940957,0.007306667310954052,0.0027684398433694226
482.4409117226243,0.004409941899850064,0.04859878220060812,0.0007528917067363581,0.0004707296842771446,0.014411487440519883,0.03594297406448723,0.00034477859877165456,0.00013275149957537178,0.019239836237522553,0.02165858866233948,0.002789719302364377,0.0009373996474604947,0.007683065421921805,0.01739147125696341,0.006003851441314192,0.003330993271096549,0.00820165909147802,0.02404411941160213,0.0073106740392172185,0.0028013544800003913
482.2082979754099,0.0042446465538410446,0.048755751639218844,0.0007222252091980533,0.0005105248042746621,0.014328445655044519,0.03488827680861592,0.0003379972365866835,0.00013122199526628252,0.014987159709651029,0.030183422405564535,0.0026896755307262276,0.0008868063524432025,0.00719340063863574,0.01760571018444358,0.005988463202760021,0.0032970851100705737,0.007855144573703584,0.02366501708489776,0.007289276311404472,0.0027756737642307366
481.97590843421693,0.003999425276239,0.04837951443615186,0.0007365808514989909,0.0004884327805583851,0.01531369931667863,0.03520771328709242,0.0003432943325215898,0.0001293004846463533,0.004213827485333629,0.02705921591612339,0.002835815609895679,0.0009089674032057144,0.00845540234064616,0.01738379735302979,0.0060903938811817104,0.003299695137418264,0.007736745566461214,0.023657987284190773,0.007313319568041213,0.002765164349769583
481.7437427750482,0.004506375009718853,0.0485969585359138,0.0007406177686061999,0.00046185700976355664,0.013603160442804052,0.03516716275043243,0.000354260981567033,0.00013385638609849604,0.02272453642943919,0.03199801318985218,0.002865272597246406,0.0009438689795250433,0.007233725057027203,0.017742869986104144,0.006050364548616695,0.00327677881877789,0.007733263320611881,0.02406375669601625,0.0073238463311994075,0.0027978481981247535
481.51180067453066,0.004060759025321405,0.048748677557894846,0.0007615939295301701,0.0005056932258487308,0.016254632854466027,0.0339962050314365,0.00033877714395242703,0.0001467037440156662,0.011566508379497915,0.042169026888208255,0.002783420192412673,0.000950187886412223,0.008499627599678795,0.016827445152709918,0.00599240511391552,0.003283512685153569,0.007791441792033364,0.02361820611719001,0.007289035566068811,0.0028118399228445885
481.2800818099135,0.00398477631387873,0.04819337962119345,0.000720041863134295,0.0005269641693857709,0.01190571506715066,0.03311102025575296,0.0003514839993156049,0.00015330153781879007,0.04983839496861539,0.06591194605779686,0.002781816116493843,0.0010869174756798856,0.007884451065510008,0.017303285600834318,0.0059481941379181434,0.0033115819036169105,0.0077220749987172745,0.02433351994831619,0.00727038430577399,0.002788475953726761
481.0485858590669,0.004033351989781596,0.04824304838722254,0.0007218683585532381,0.0004911466507998081,0.01732082643412043,0.03320973104511574,0.00032964055776081873,0.00015406919207670787,0.027197657710696835,0.053993347789065345,0.0025693662240281515,0.0011284202496039883,0.007234280574758113,0.018549162449889953,0.005961030114320279,0.0033046389624364608,0.007855679549867538,0.023530901263344624,0.00727727392615626,0.0027758524106274666
480.8173125004808,0.0043204026803677865,0.047865773432866444,0.0007134412549573662,0.0005049168779408844,0.014352293318432251,0.036159657624218446,0.00032879454211456524,0.00012875261809268694,0.0192943391644173,0.017206327705993413,0.0025796886498983917,0.0008956340771218809,0.008680949914241476,0.018001291592741626,0.005974151109466089,0.0033273489403314637,0.007833261048531248,0.02444967213057497,0.007287307707848945,0.0027846426822263916
480.586261413263,0.004462805730383914,0.04840019247311768,0.0007274028652903174,0.000469075540089966,0.014831457113532289,0.031240673140678552,0.0003514755326624358,0.00013313810419516976,0.04327437429879697,0.07101581087172651,0.0028308839698497888,0.0009425074949397478,0.00747689255387541,0.01793580390130504,0.006018416215411671,0.003278464831630333,0.007842389838129167,0.023572728375363332,0.00727685087935313,0.002800027723846106
480.3554322771375,0.004463009366445542,0.04824991055116927,0.0007484160819106623,0.0004986546136998803,0.01936516572348927,0.035239042136806724,0.00032855375144766016,0.00015198111956996597,0.0450726712812582,0.05646432377081674,0.0026790137849981898,0.000998505847735496,0.00829432447043222,0.018382970869395332,0.005985559328501155,0.003250194968628355,0.00783466340587628,0.024141402020701683,0.007253954793793343,0.0027893495369685174
480.1248247724437,0.004389861620763505,0.04843846280805437,0.0007273171928314888,0.0004904724026689101,0.01432369992414528,0.036344233005856395,0.0003370273272131836,0.00013364439013460673,0.023307813763235555,0.014397210440606855,0.002676053981034826,0.0009139082530602543,0.007578186623909058,0.01780157154832582,0.005951425244958534,0.0032575117575820356,0.0078028140161344375,0.023848526643562993,0.0072453504253953945,0.002773565584642667
479.8944385801344,0.004338811559980427,0.04828050051641809,0.0007462816302256848,0.0004907928082933323,0.01470096481653277,0.03043182159693939,0.00033238254472919636,0.00015154285795955023,0.05310512590836676,0.0804616097712945,0.002651903842250496,0.0010564531118480392,0.007658905026174245,0.017638642168815853,0.005944496924815858,0.0032634164949345798,0.007979154034444018,0.023907726743003146,0.007249788140540779,0.0027439597209179597
479.6642733817746,0.004250349540305683,0.04835861966013612,0.0007316380215264691,0.0005054762807883439,0.01660732953414237,0.032250067590920854,0.000334901750400162,0.00013816958821813005,0.0318381870789633,0.06021422970144774,0.0027496381841106,0.0008801301536428842,0.007166892360986121,0.01824726930934812,0.006066671463580231,0.003226019636283569,0.007816572435933526,0.024119932664201437,0.007291337250083145,0.0027439338062024365
479.4343288595399,0.0043225851529588195,0.04815057915865951,0.0007315603566128686,0.0004936763751927567,0.01985133562996299,0.031928829768469835,0.00033485723654413523,0.00013526111423763939,0.05890834003520895,0.08415369462000617,0.002645816389992525,0.0008780546473370391,0.006972370800964476,0.01772621567420304,0.00591950350717512,0.0032768990752091976,0.008164044178456944,0.023572486089405785,0.007272803761453813,0.0027849101327026443
479.20460469621474,0.0043444344615182475,0.048282896302011276,0.000729659431659013,0.000495614256750382,0.018654204834212984,0.037092551910607736,0.0003457368051328591,0.00013996752583314497,0.042392511927829044,0.039517417369450726,0.0027829748191485807,0.0009638019876235734,0.006611196692492546,0.018203193590971906,0.00596111125916044,0.003268023235612799,0.0073856601927762165,0.024126024931479223,0.007262210937928794,0.0027559238373048175
478.9751005751916,0.00426853029062828,0.04816012276521233,0.0007373362857770012,0.0004864991359062415,0.0166626257307555,0.03356143410751584,0.00032863184732608876,0.00015152720885441642,0.01832481170662422,0.04807823033767949,0.0026170122560162444,0.001082779116183571,0.006259463767128812,0.01691763972361946,0.005969350785163098,0.0032844773898095363,0.007930002283453794,0.02342719700713636,0.0072784646639171315,0.0027768769341115986
478.74581618046915,0.004324144563328185,0.04821877046010389,0.0007439935124511208,0.0004950433581419483,0.014140660911485562,0.03715851350478815,0.00033750363335474025,0.00013706945745395994,0.03500951299397777,0.012927474259276655,0.00265884531825704,0.0009916136857496332,0.007063134620754408,0.017188169806727733,0.005914287168491686,0.0033342683448441116,0.007529759054404898,0.023875267385089372,0.00725681529917644,0.002778527545885236
478.51675119665083,0.004350608892236051,0.048120272177474936,0.0007415804496390242,0.0004976459277434258,0.01554972129188961,0.032856018882807536,0.0003233209896649775,0.00014810008928285183,0.021567225284019123,0.05220115095322485,0.0026587042357901144,0.000985772244871154,0.007369780693187856,0.016212017340680483,0.006036135249503554,0.0032572277986592075,0.008122621580351014,0.023487695369458553,0.007254606211792206,0.0027737597449220028
478.2879053089432,0.004420499945785832,0.048108156242419355,0.0007385117634948424,0.0005015223361531568,0.013600109746101203,0.034515130569984495,0.0003339369519429877,0.00012493740724291708,0.02101017015686148,0.035945246228095654,0.002758627408145125,0.0009393748861354382,0.007765877601419792,0.01691692069630563,0.006023905081738433,0.003451736246951524,0.007704679580911365,0.024108804974316903,0.007241936997024542,0.0027739801436577035
478.059278203155,0.004227388108043657,0.0479021497872598,0.0007340949720492408,0.0004968435642165736,0.015071300612382828,0.033200193257020214,0.0003631974681937457,0.00014472107488120733,0.017316129075759395,0.045513801764294086,0.002871731795886447,0.0009441316567191372,0.007718710425863598,0.0189161113347723,0.005863762865882327,0.003202829222327981,0.007594629419811486,0.023688633067414953,0.007258571968272334,0.0027495968736483923
477.8308695656952,0.0042143074342757166,0.048209720456340366,0.0007392485522968735,0.0004990518619477445,0.012081202118315176,0.03490941867030436,0.00031798688845962914,0.00016073398606278628,0.04014868904910064,0.043311268388794684,0.0026952769634483805,0.0010182021662834915,0.006447910912117798,0.017393484068234433,0.006127929417705811,0.0031579981594528706,0.007791759408422168,0.024085541182482878,0.00725086821098002,0.0027810767229441346
477.6026790835721,0.0042256900869170255,0.048144110275150254,0.0007332364411911724,0.0004987217735919376,0.015353784699350994,0.03413234606003595,0.0003247312894300465,0.00011253617369963415,0.00506767561828479,0.03632079225670157,0.0027364973360336337,0.0009825245922433234,0.0074825033006361815,0.01653929830012521,0.00609205336006643,0.003584784676650533,0.007730987225638095,0.023733588096496137,0.007227143502611257,0.0027694174910269046
477.3747064443915,0.004137100298259544,0.04806075769205372,0.0007360306425385151,0.0004988502144750791,0.012430173889016705,0.03317100200005753,0.00035777719634154387,0.0001500846329256339,0.040555388271683535,0.057423159185220105,0.00270106926438517,0.0010451358910551739,0.0072323718032745845,0.016200765266389174,0.0057409710631863625,0.003271214555669806,0.008077679528879587,0.023846173251039746,0.007245856045657015,0.002767266180627402
477.146951336355,0.004126007309478714,0.047970640370593474,0.000734654728053898,0.0004989661835767793,0.014859344821351747,0.035381699236655434,0.0003143269998822498,0.00014851169215787067,0.011108033173938407,0.021655138644299046,0.0026992482363766023,0.0009251928177354449,0.007416726634937933,0.016607541277243093,0.006153064931984086,0.003174833484975872,0.007656666452609538,0.023696630335714272,0.007224214011714852,0.002765029215354957
476.9194134482595,0.004193024618830044,0.04807617326109124,0.0007366206943719176,0.0004993036602096298,0.011824499493311186,0.03557626110630228,0.0003380328262236283,0.00011935380432343797,0.04316320908370879,0.04239444518440711,0.0027791409817123952,0.0010330506928975126,0.00723647360910966,0.01618874583428044,0.0060123203102808226,0.003531859596026263,0.007982045442123628,0.023895395684375435,0.007234277834338039,0.0027580176477748648
476.6920924694948,0.004195244315805736,0.04800409082413182,0.0007326629339825284,0.0005033231765919636,0.013486647255589092,0.0350666996250005,0.0003158955798354711,0.00012531290191398437,0.02306596940557935,0.029845874822234657,0.002570142805268651,0.0010173186921075936,0.007971609557118502,0.017387781194544486,0.00603484119172223,0.0034132775254915727,0.007396071140059385,0.02382495983202516,0.007225888048085651,0.002765434825444796
476.464988090043,0.004181622820473412,0.04808553893939929,0.0007314755866463663,0.0004998170193199617,0.013455479483053817,0.034283376038864846,0.0003605548174977351,0.00012682423927698648,0.02312313512288379,0.03741340605095766,0.0026084742109632655,0.0009611748298255974,0.007667638030015039,0.016942551309802975,0.005616119325888401,0.003464805058355491,0.007885963753749402,0.023710850998595524,0.007225066894359115,0.0027536739457603753
476.23810000047627,0.00421228136277447,0.047884601411306786,0.0007333432537748786,0.0004977683265437023,0.01267483494989743,0.036256586253686496,0.00035856658576342485,0.00015327718881560324,0.038340263148167485,0.02962271662877199,0.002733266387684047,0.00089343807921728,0.007902315710540899,0.01845499843561472,0.005760435145137954,0.00307219001181793,0.00770344759859456,0.023682708143560827,0.007226720594437867,0.0027560928040997147
476.01142789195626,0.004196177277056343,0.047950898236931626,0.0007317551457292732,0.0004981714184067119,0.014550873822904166,0.034439594426762164,0.00033524320108841555,0.00014713717912368999,0.010403781399912925,0.030930706856470352,0.0025567818423637184,0.0010062905202434039,0.00708192911886099,0.017754100080920075,0.00579057649517743,0.003237090380506053,0.00800548645730797,0.02359664392383627,0.00721560156407168,0.0027519922186989513
475.7849714562322,0.004267513455684448,0.04804563412763495,0.0007343959680875632,0.0004945568781470341,0.012499236879510477,0.034149524783861414,0.00033249053123848794,0.00015845997802812727,0.034138753801047396,0.044693791144594174,0.002744304262624631,0.00098500045097217,0.007356977491854427,0.01695717323645187,0.006032496078817863,0.003112042994236731,0.007648634673494214,0.023746995543513984,0.0072150935688074826,0.002764377584036509
475.5587303856397,0.004231401539413245,0.04801528644398919,0.0007281361238492432,0.000494424631363032,0.015135621152580192,0.036191191333031246,0.00032739492840757917,0.00012124873441370982,0.021271842711303328,0.009896075822016409,0.0026439086866778595,0.0008472501075155217,0.007446383819798952,0.017644357471217047,0.005941339713209855,0.003328750640381576,0.007662991493194279,0.023412847816782635,0.007205701046566723,0.0027542059005909677
475.332704373099,0.00418128696125932,0.04783167404045407,0.0007238993545358259,0.0004989550981832819,0.01298833935004982,0.0356865704511452,0.00035044080236163816,0.00013840138796004044,0.03101746205019662,0.02947538867474625,0.0028730409145976137,0.0008681035561920255,0.007915167961291493,0.016051937152521706,0.005960077250701066,0.0031817312986603154,0.007723513873175508,0.023989303718268445,0.007211353667360345,0.0027440513518785813
475.1068931121141,0.004230941633299117,0.04791076954358647,0.0007256167815171778,0.000502391637015699,0.015704395518144246,0.037671709684609346,0.00032516296646129835,0.00013280380400144487,0.03598424664402584,0.007780044150615474,0.002544862939216238,0.0009271008321940288,0.00852840481549275,0.016880809585408864,0.005860865335700087,0.0032852216871584283,0.007455018717859427,0.023661335517562915,0.007203085268126447,0.002751648245446813
474.8812962967712,0.004353720700168216,0.047705834747115525,0.0007328186562125413,0.0005025650753276274,0.013403637223708057,0.03448852296698466,0.00034455583137189854,0.00015815308140995738,0.02250872805365584,0.03372352845720393,0.00275483875888739,0.0010128361957288368,0.007634701161443628,0.018213012031243758,0.005904066119571048,0.0031379302666064623,0.00779413744713436,0.023679535401330613,0.007217028195447195,0.0027432648153444613
474.6559136217371,0.004472900303085435,0.047825607973368205,0.0007349380821348864,0.0004982968390846453,0.014451517223445483,0.03717088313048251,0.00034092418062091513,0.00013982319140017866,0.033240059522004206,0.008638658726514528,0.0026966295491398966,0.0010374884434765997,0.008433007289525828,0.017810057929817092,0.005856072116928625,0.0033186890317633377,0.007929536443544376,0.02371765906644207,0.007191024262146574,0.0027406975838983622
474.43074478225816,0.0038619144640902815,0.04818257960626442,0.0007286751241073507,0.0005002252315979693,0.014889542374398521,0.033568553422546145,0.00033460332733574883,0.0001535174917091297,0.011348864353311961,0.03851765999394904,0.002773924962251213,0.0010039283241692675,0.007550877596351392,0.017476066999098927,0.00600158152615626,0.003189847163918865,0.007966046143950087,0.023956668564980674,0.007195536136111816,0.00275164729079442
474.20578947415845,0.004639426361227271,0.04751019053888439,0.0007261512964022692,0.0004904817667320839,0.014504252020239323,0.03738394851523448,0.0003377525565313934,0.00014084396221831607,0.03555568015174339,0.009031979978842654,0.002723643764281487,0.0009271419018147375,0.007979937040627078,0.01689146328606381,0.005940748273574864,0.003202410716082234,0.0075331318589271085,0.023799415831643064,0.0072037966479288704,0.0027558655659411114
473.98104739383894,0.004790448496695963,0.048290519815576395,0.0007289859913455453,0.0004946957288141311,0.01529322724925854,0.033883927474025764,0.0003325345165254149,0.00014369142602567808,0.0062957472541269495,0.034168261312686056,0.0026564805883270317,0.0009016010496942311,0.007317597707662386,0.01803929603917982,0.005896720282966424,0.003144353368535327,0.007635518431704049,0.023559981348538504,0.007182769385893799,0.0027331646130143885
473.75651823827576,0.0030874195137993894,0.04887170268069594,0.0007311582311481437,0.0004874462662800862,0.01427551837890291,0.037390113274655266,0.0003379429155040764,0.00012957535911844862,0.04142640733005325,0.012786418826342088,0.002744206279354075,0.0008201670455065355,0.0064981522953562396,0.017245698235065325,0.005919269761792173,0.003189861919323959,0.007682745414656316,0.023575871191138038,0.007189440909071124,0.002743263653891626
473.5322017050191,0.004663127803648268,0.04800884838289744,0.0007378420307253617,0.0004962197089675776,0.017155252459573913,0.03457990446839457,0.0003287064416463038,0.00014593077492718,0.020508887305858505,0.03805849097850154,0.0026557058455431576,0.0009347860925907706,0.005979707533904668,0.016213818230417096,0.005900204134560171,0.003166198461363041,0.00780008239940436,0.023688269811387566,0.007177875976301877,0.0027414707408254285
473.3080974921913,0.0043244984955496885,0.04827920444142767,0.0007244972943678569,0.0004994637206966034,0.014222163789185402,0.03599019687322961,0.00034118062416799275,0.00013904908945193184,0.024397354952911014,0.012651789399064983,0.0027441842062189076,0.0009124165544118503,0.007421334386688699,0.017589447035792162,0.005905570237502088,0.0032405549398386835,0.007441676333118109,0.023404365178719574,0.007192310559184726,0.0027543660100847038
473.0842052984863,0.00457489556178202,0.04807006089324006,0.0007303205577792359,0.000492629166409782,0.017023884311637847,0.036538661189378374,0.000331875511182451,0.00013274839314022884,0.03143144585378427,0.02330251212795112,0.002693097642754799,0.0008481725481900136,0.007299436227639395,0.017047580444332425,0.005936404590953134,0.0032040968517179475,0.007925103261817421,0.023248449468342914,0.007194521872559701,0.002758392006890478
472.8605248231679,0.003985670644998467,0.04793070050324779,0.0007241044120273512,0.000497682927771021,0.014146468686014815,0.03337300577872084,0.0003442984466744187,0.000149153546410219,0.019035416091432757,0.041305483898991587,0.0027772183625982255,0.0009708999686817283,0.006716641193398369,0.01694219140945385,0.005905266192125612,0.003180310035583534,0.008099733264008226,0.023706771370725237,0.0071880627222736405,0.0027423277576100144
472.6370557660681,0.00404237751978387,0.047690053621950924,0.0007288521717278146,0.00048716885911481527,0.018028644729834273,0.036933283391695305,0.0003230642868199949,0.00014750247721866211,0.04067737418305269,0.033861573392705846,0.0025974039185201647,0.0010211397058424356,0.00719359563109175,0.015993576309324666,0.005919525944500349,0.003224524148224765,0.007647822803066879,0.023867892644450172,0.007188067123016396,0.0027441702137050664
472.41379782758634,0.004072229162939974,0.04761822848302326,0.0007310876768140953,0.0004944966077414468,0.012713956811562297,0.032427255615261795,0.0003363545594350373,0.00014383927859395085,0.03966866827810777,0.059011420619459715,0.002652043861912301,0.000963206528156401,0.006907966457033265,0.016752030449512907,0.005852280659952425,0.003178956471133958,0.007527361719979913,0.023619440207882217,0.007167710757462923,0.002729514073273247
472.1907507086875,0.004198588481063466,0.04751774486243981,0.000726922663054903,0.0004926768460365948,0.016505763592596277,0.03601962985730294,0.0003387702370864653,0.0001404398917299066,0.022750634913072765,0.020876514838395387,0.0027272804894761912,0.0009257914061230262,0.006979668278617585,0.016963197812379795,0.005891141321883246,0.003207604933260851,0.007641749772167148,0.023580818003649816,0.0071725883095724394,0.0027368952567500128
471.9679141109014,0.004308731161352621,0.0476570769944295,0.000730037789241212,0.0004942785872835497,0.015722554415169815,0.03255684082578569,0.0003431478263961744,0.00014064313584212293,0.019990276437036398,0.049830748466220286,0.002754641302656842,0.000895852910913484,0.007218568023087781,0.017066736987231004,0.005867401960774256,0.0031577852356562118,0.007422281328600252,0.023500896125890278,0.007162027118198112,0.0027236266449595986
471.7452877363208,0.004206402639037542,0.04750835257317817,0.0007262440855376599,0.0004952598658264304,0.014280013409268865,0.03678361157754779,0.00034151603902537965,0.0001458133467507713,0.03212222967504421,0.010187718367852169,0.002737398067214653,0.0009756101367022783,0.006870919785302884,0.01657353938563443,0.005860011787855613,0.003189718988862011,0.007888774585189502,0.023021286019048574,0.0071618353965294075,0.0027286240840503745
471.5228712876003,0.0042202169162952035,0.0475682774654777,0.0007261423477073983,0.0004949303462075959,0.014975375049774396,0.03201771223006416,0.00033800691049890345,0.00015384651346273115,0.025716615936271576,0.05512760853156243,0.0026784370856990586,0.0011335045650367479,0.007690946123861337,0.01663422994327173,0.005865191488713128,0.0032638702356765016,0.00840419625188116,0.0237751860781072,0.007163117440137358,0.002736362204774867
471.30066446795485,0.004768880751421662,0.04747765146129964,0.0007251123207880496,0.0004938697349600289,0.012943381199867977,0.03666220296556471,0.0003222726925334037,0.00014065628519514017,0.037763038118566454,0.022181340628380987,0.002545745402087392,0.0009748632688179686,0.007408320886507117,0.016639053243317103,0.005868998314822867,0.0032393531760153806,0.007871726090984974,0.024082367343200687,0.007158912237882907,0.0027323216844676317
471.0786669811588,0.004279623153400473,0.047509576258881504,0.0007238568137820731,0.0004900486635792202,0.016533589205036475,0.031993085640554926,0.00033869543991744364,0.0001407177480749664,0.028239223466227398,0.05818625075353742,0.0027306100583234004,0.000949903385916266,0.007552283526780299,0.016224475609485377,0.005886556191121689,0.003235697762806033,0.007236899736317238,0.02385813320262782,0.007159238161656055,0.0027400044541886583
470.8568785315443,0.004059430055537389,0.04764287095648035,0.0007190325134392298,0.0004900423621802865,0.01325960109043603,0.034120127539802377,0.00034700001953699505,0.0001305033021381006,0.023461612005941383,0.03589757439740114,0.0027984613758604043,0.000818537566832414,0.0077759050167357496,0.016649225556106973,0.005866768124619652,0.0031946154752344777,0.007269593215341778,0.023100008905584477,0.007149787965019495,0.002727676106700375
470.63529882400013,0.004435922619271083,0.047691360827307114,0.0007248345613570648,0.0005188394418984849,0.017120452482978003,0.0350730632070543,0.00033940865203765843,0.00014922530682412604,0.024762183082020692,0.032521919211104075,0.0026885010382579613,0.000980040308184824,0.0070036797351305915,0.017611034670810623,0.005818604503235932,0.003202055133922096,0.008530501962185843,0.0232689179019134,0.007147354879430963,0.0027342779869202936
470.41392756397,0.004065545412071871,0.047526142258826495,0.0007185354174102246,0.0004907402859813656,0.011335926679243262,0.03362752941937953,0.0003448821788344549,0.00014872610593772952,0.047065126520601665,0.055065400937032646,0.002760905524223042,0.0010007808584158305,0.006343366111236369,0.0177114394468198,0.005841783118531738,0.0031869476288418543,0.008079614189365808,0.024709004665305723,0.007138666741720978,0.0027309279007217873
470.19276445745186,0.004446779256322574,0.047568126882240686,0.0007188135020210092,0.0004900045806744932,0.01698880299191152,0.03622822883708166,0.00033817123267886615,0.00013781691651274856,0.028922812845857907,0.025527885331138492,0.0027039745769898947,0.0009167355181407447,0.006563426297684191,0.015338090808702425,0.005857916951613487,0.0032014295260584863,0.006461603213837236,0.024118996072815032,0.007146324070674012,0.0027293132078677765
469.9718092109963,0.004092272261838364,0.04727579643822324,0.0007268474922400189,0.00048802837216426707,0.01364245769345184,0.03246278019836625,0.0003330519938586044,0.0001351554927358851,0.027010819454512374,0.05317078361718986,0.002650146345423654,0.000971093184103307,0.008459102244253416,0.015541780439314784,0.005847100184380755,0.0032551145863878536,0.006803103836661476,0.022987544302012452,0.007143276411010242,0.002730444453214456
469.75106153170503,0.004117967850224623,0.04768668353290264,0.0007179359227278264,0.00048476707975270085,0.015685705522708045,0.03794458372585519,0.00033630337030245925,0.0001407859480543445,0.04399604113931174,0.014047660555372581,0.0026606025190905533,0.0009298839183158311,0.008058983284786436,0.016532430478132385,0.005830767536609753,0.003167937208304102,0.007034006639208385,0.022456456120473492,0.007144535394660385,0.002721796962092463
469.53052112723014,0.004273127917943718,0.04719393964770307,0.0007267861637470086,0.0004918119797560527,0.014221989704607956,0.031924033235463466,0.0003356572864294758,0.00013879724946609624,0.02728625937070325,0.056508777544222885,0.002682592850224137,0.0008973619190670766,0.00801018805227706,0.01684006680034533,0.0058289869580934826,0.0031762298007154397,0.008578780267838267,0.02228430737896077,0.007136766409067721,0.002722707689259379
469.310187705772,0.003744688837865961,0.04768589969401768,0.0007237773135767853,0.0004896807876654726,0.01477687191306353,0.03581761870184638,0.0003348533284157301,0.00015041222935515056,0.020296369382991387,0.010433297765441158,0.0026640705035495963,0.0010273064583360945,0.00836160480707459,0.016014501605726504,0.005820236296320146,0.0031842107022432495,0.008519285187932414,0.023812284269225232,0.007127701945794527,0.0027167054964010832
469.09006097607886,0.004225176679210291,0.047703182536641235,0.000722146945171039,0.0004937318479540687,0.01589198264503297,0.030078041829984064,0.00035207973501057897,0.00012774468572647352,0.04574805550155167,0.07378269738002687,0.002796010153359576,0.0008140225813678253,0.007878239155302037,0.017836940337448943,0.005801460811318953,0.0031945247222640717,0.007898646002517839,0.02365996331071775,0.007129852977489392,0.0027257184917428554
468.87014064744494,0.0041255953945923,0.047636062958144404,0.0007291712613342013,0.000491868264380302,0.01365934596909423,0.036203259149982125,0.0003090204804719102,0.00013651031752897716,0.03046198032994779,0.01562611013966218,0.002403513114687423,0.0009416607390929356,0.007354059298131567,0.01685496683281938,0.005803146994367243,0.0032062048749328972,0.00831343595607384,0.023922718821096138,0.007122474232798658,0.002721414491868321
468.65042642970957,0.004416596906719722,0.04738154252596654,0.0007172422729773437,0.0004914523759722348,0.01725200138491155,0.033256572614055534,0.00033455702082385103,0.00015857199919744257,0.025049631350397044,0.049046709956384944,0.0026550945347613326,0.0011859940844676272,0.007427991255492917,0.017341297834932726,0.005835518333018398,0.003277583149946246,0.0072249619736105015,0.023881875038455857,0.007128053332758335,0.0027181424013700043
468.43091803325535,0.0041169166943963225,0.04730713392659403,0.000716839540550384,0.0004993840714071514,0.013886169636741568,0.03524626888927923,0.00034012698366375814,0.00010076781211948099,0.02132641654123726,0.019771417529621402,0.002757736774113546,0.0005626084966627159,0.007458667842252815,0.017007603813852266,0.005870191682802896,0.003216500044534309,0.0076227914329123165,0.02347861539896417,0.007125249072069416,0.0027192837087856516
468.2116151690076,0.004072379507391595,0.047304032764969486,0.000724290354604532,0.0004903479758788583,0.015791804080499156,0.03369932586641949,0.0003201942368428076,0.00012832530518882854,0.007604947626118461,0.03599959760596869,0.002579848527152512,0.0008718558802293456,0.007007954728800519,0.01584253310729074,0.005866131494720502,0.0032240437836771815,0.007021764433036023,0.023487391849979507,0.007125808998532126,0.002719079733689645
467.99251754843243,0.004029678502901269,0.04757805779424209,0.000721250116400904,0.0004939194492502503,0.013427778329570348,0.03622213482051555,0.000348620180732326,0.00014413906566704388,0.034287623678250174,0.018698443882205294,0.0028185424185576055,0.0009685234243403426,0.0068583125495371156,0.015698155324216673,0.005826577274388826,0.003194286758383521,0.007822297470634058,0.022642244848385923,0.007119773377335609,0.002715724928402434
467.77362488353606,0.004606371587673033,0.04726563226839553,0.0007217856753793761,0.0004932884831598821,0.017388928713506405,0.03475057682542887,0.00033340518493153856,0.0001383051825288496,0.027872655749223593,0.03806311540047536,0.0026619256000461437,0.0009386140406444209,0.008151938153560462,0.016706921543095103,0.005800788389911283,0.00321612597138054,0.00821494717376893,0.023643948057029348,0.007114748878933943,0.0027178463140704956
467.5549368868631,0.003413971322563154,0.04746946654288284,0.0007192520602696918,0.00048800576352870084,0.013097194658652986,0.03451704795506565,0.000342051483709315,0.00011260553953010646,0.024924851759058328,0.029815291686494536,0.0027262266411331487,0.0007476327126341634,0.009114077941574438,0.017821319123131715,0.005798162249581428,0.003236768806530291,0.007419063757072683,0.023515451960520965,0.0071112221016548845,0.0027203297190192175
467.33645327149543,0.003758571827434062,0.046687392940646034,0.0007227281263628783,0.0004882278387647432,0.01774114554250217,0.03644598771386736,0.00031547650618205853,0.0001326622375415908,0.03576926376033143,0.03216159193413756,0.002527133856677596,0.0009782235065180496,0.005323192594748841,0.017587284920883142,0.005849512530306512,0.0032454737636724135,0.007852359271784133,0.023607309209489995,0.007101060126887198,0.0027102617742955815
467.11817375105096,0.004326613845310289,0.04710173355057696,0.0007210968732600608,0.0004884402009656205,0.01570366947332043,0.03237407863557367,0.0003290196906482918,0.0001493879704899541,0.017746197958018683,0.04903636114585405,0.0026840683242093377,0.0010689010849272138,0.006700006716878935,0.01684001967724715,0.005893851972479466,0.003201260314714906,0.007268187875263371,0.023469190003386813,0.007101530041452992,0.0027156856305888257
466.9000980396826,0.004160907038777859,0.04709854025243361,0.0007257215338041966,0.000488018638046816,0.01658899128654215,0.03475306069982593,0.0003207126317614696,0.00014551446402085542,0.017505447452162266,0.03171481832939348,0.0025764162068640196,0.0010024890403687468,0.00759049132527005,0.014433918715435734,0.005867101487068924,0.0031786037010503756,0.0076415137865336125,0.023159629849147143,0.007107062310457932,0.0027114403317800924
466.6822258520766,0.004260017116455165,0.04725293949069713,0.0007229095242687699,0.0004920339587610039,0.015732224133527012,0.032045632925540773,0.0003329409129530497,0.00014645952202187778,0.021948073369569526,0.0528012872667099,0.002704660688843838,0.0010134100698644029,0.006192489691816751,0.015844581642851137,0.005875789937642342,0.003200046641088367,0.007327535283827486,0.02331658537695568,0.007104336279630461,0.002711211982951194
466.4645569034516,0.004344265496584085,0.047320629148793994,0.0007202056020792009,0.0004872095385087773,0.015009732130673397,0.03423941988865566,0.00034007678860502593,0.00013238106423267885,0.0039044217338404016,0.027236525430960588,0.0027301604223655186,0.0008700302519109478,0.005269725112072214,0.015266730951382696,0.005810947866970001,0.003200201182939363,0.007803318748008977,0.023003724083492546,0.007097243776312703,0.0027085078791902043
466.2470909095572,0.004281530095160308,0.046908514971376235,0.0007225815971784936,0.0004890198254581499,0.016192844291871632,0.033158084379565786,0.00033820559195513216,0.00013467913884674933,0.012424398654402407,0.04218753043210593,0.0027875334895859647,0.0009568758715951217,0.0041959856213671,0.016270329934987657,0.005884916783656347,0.0032456593209225677,0.007990690227574822,0.023331421323662973,0.007092410880427714,0.0027072834776393443
466.0298275866729,0.004212565350577443,0.047286502037423246,0.0007212519776446804,0.0004884722202021675,0.015041293380059289,0.03336070405810124,0.0003206561310066253,0.0001374809068097604,0.005835589874569598,0.03561424762942261,0.002590223227718861,0.0009195413388856952,0.00699042825026341,0.01617693459164042,0.005856848015312313,0.003165198164219243,0.0076046475725499085,0.023360433119086543,0.007092329939645773,0.002708161497257001
465.81276665160703,0.004318846518592853,0.04720816618096371,0.0007226773192930561,0.00048750650668602594,0.01480569372078507,0.03320271062879077,0.0003276068301585409,0.00014103316263464353,0.008603252607184659,0.03621157639977575,0.0026465536357866545,0.000989791561685989,0.007302623634578433,0.017369922268624025,0.005843167714866752,0.0032094378700798713,0.007574798810724114,0.02362402973852008,0.007088026211903876,0.002705246213480977
465.5959078216947,0.0042684897494022255,0.046921572180414144,0.0007196201293171278,0.000488736982268992,0.015321585116337504,0.03452369866004712,0.0003197939482751158,0.00013711216014537875,0.00642662433150214,0.024538497201767644,0.002582902104469166,0.0009130519558065152,0.00679243781986522,0.0156348448398105,0.005844115127712386,0.003189748310839388,0.007300698118923668,0.02339412938224879,0.0070885999494995295,0.00270840570002762
465.3792508147977,0.004094944505712782,0.04703912525002945,0.000721359018547641,0.0004885620646683364,0.016711769756268587,0.031013159131863952,0.0003393638760316506,0.00012996312478029097,0.03534987356711632,0.06658879425185635,0.002780254564815076,0.000891908914210544,0.006588886749520536,0.015657784717280576,0.005866602139229349,0.0032342019988428326,0.007441887791948422,0.023164256816487913,0.007083513904530468,0.002703018555231096
465.16279534930237,0.0043367758362159205,0.04705331889180199,0.0007199669820551896,0.0004918954594665399,0.01226503389854865,0.03353360285109163,0.0003230679210483413,0.00012534118795478604,0.03190569846560617,0.045760280389831806,0.002606418928471443,0.0008100068073435994,0.008772809798920296,0.015313711373933779,0.005846230530897268,0.0031653500970680345,0.007355204857879644,0.02305674186303243,0.007081188876180692,0.0027054659661589413
464.94654114411907,0.004326084201936888,0.0470396314692115,0.000720941262215433,0.0004886774553421846,0.014959392521601502,0.03459014000835187,0.00033612041183977845,0.0001258110235116917,0.00775515975846209,0.019950221135953333,0.0027593802145151423,0.0008166990720680185,0.008016275472735274,0.018160990712919396,0.005858023192716146,0.0031927187200573464,0.0077336382609639025,0.02290276036968448,0.007077673934928558,0.002702307292123713
464.7304879186804,0.004097603371856819,0.04699656833336437,0.0007199883710976369,0.000487452649774843,0.015653135994871246,0.03363692506325286,0.0003188666738378282,0.00014624630148603497,0.006339500252789532,0.03371737932028224,0.00259747198858169,0.0009772020416099344,0.007277064464733741,0.016739058644147303,0.005840487306082612,0.003150879184172504,0.007685201259498805,0.023298468275808733,0.007070141522137983,0.0026998373533941825
464.5146353929402,0.004200388644230086,0.046972928729591024,0.0007234073100569055,0.0004863723995433057,0.014616886910575479,0.033929831481622305,0.0003419603958392567,0.00014837078198110177,0.0065253940006894905,0.02830325167343603,0.0027765820003457665,0.0010168158817638357,0.006422997564718093,0.01648190120014044,0.005816490171430761,0.0031626476272342456,0.007748327031321964,0.023185390502051595,0.007070788499922478,0.0027002024504133477
464.2989832873724,0.004210760156513075,0.04681624509136723,0.0007154621111806915,0.00048713005293819187,0.015383428641171596,0.033784123140656444,0.00031453316265244775,0.00014554766669501508,0.0034795649980223354,0.032022737220152954,0.0025606688195083365,0.0010188190977185735,0.007277151594278508,0.015369298905237694,0.0058462171985271165,0.003183991828985463,0.007671753385438364,0.023460411161720995,0.007064310921750232,0.002695246680682696
464.08353132296986,0.004169841276154817,0.0468397130227168,0.0007302985983849638,0.000488950628431714,0.01570666662456601,0.03258233313061243,0.0003319338320296856,0.00014869789777379166,0.015612863066704783,0.04646071325166906,0.0026940960834218983,0.0010295943532989593,0.007903534830332456,0.014870782249026493,0.005829167501983261,0.003178436799147158,0.0072919739785213475,0.023201353011233498,0.0070617817679012995,0.0027003355066856027
463.86827922124314,0.004158424967757453,0.046833819902993075,0.0007410615583880373,0.0005060225844681112,0.014897552119248718,0.03346974274518713,0.00031982450372018646,0.00013233751091218027,0.003768453176834296,0.03354505107005552,0.0025706158417949446,0.0008827548747829005,0.008656876090988995,0.016300362443401165,0.005798822918624705,0.003178774251114453,0.007718641800717936,0.023156991256902355,0.007066482553445466,0.002697369089162625
463.6532267042189,0.0042661371767909115,0.04690382878912399,0.0007053047602670984,0.0004724584845815162,0.01489515796960251,0.031812778278415964,0.000338126705949993,0.0001389054416225052,0.02175364533561159,0.051874557739699366,0.0027143809438231244,0.0009341451011469804,0.007289842274891366,0.01622456150715711,0.005793988813971788,0.0031624296207558244,0.007346538001392514,0.023016458578256578,0.007059947394417048,0.002696469039017316
463.43837349443936,0.004163262642979092,0.046701525819625486,0.000706621157829833,0.00048487535337814766,0.012646161395833255,0.03463722146894171,0.0003411945542058735,0.00013906424673459973,0.029078456852217632,0.03277269980752442,0.0027538380326601673,0.0009510209749535333,0.007669516439446667,0.01640805828270522,0.005801075320708679,0.0031871292643859735,0.007865414561301355,0.022862884927957974,0.0070553163306541445,0.0026978588243024623
463.2237193149607,0.004066943241004901,0.046979098745012604,0.0007076491728491426,0.00047837793385768844,0.016156203320915292,0.03432562726955307,0.00034191775700884153,0.00012882919355557246,0.013695979682014406,0.027167826952362934,0.0027438667864928177,0.0007956058513822985,0.008045524289432051,0.017847960716543595,0.005783915426409859,0.003115511601897233,0.007822283539039665,0.023410983452655913,0.007058156841494017,0.0026946233049116647
463.00926388935187,0.0042117357220164625,0.04678133383858736,0.0007415961071224227,0.0005619033911823922,0.013226584048164524,0.031707419377960705,0.0003132812306802171,0.00014923969016777033,0.03369248367124481,0.05529508667835928,0.002574311563088425,0.0008941674495536565,0.005623997122382621,0.017029138516616103,0.005847631449956536,0.0031161053173120843,0.00760102438184278,0.02328076182688458,0.007056636573732242,0.0026925414355684165
462.79500694169377,0.004101330271437536,0.046800232649469406,0.000710404247841239,0.0004918424898043025,0.014628790420250044,0.03541478717784566,0.00034087839471679476,0.0001434594603175952,0.01979860519978834,0.011014414780724251,0.0027546108591658767,0.0009010742093084081,0.007361166561293266,0.015341784440151692,0.005797633427993297,0.00309890568438471,0.007636776283559677,0.02349601617496514,0.007053492997951019,0.002692548396715577
462.5809481965773,0.004239297727090338,0.046748515560478,0.0007275176508106623,0.00048253327271292017,0.015285075268206804,0.03399726152487672,0.00032674412421887603,0.0001165808900530978,0.002651927925586564,0.02777580934715111,0.002619137231214788,0.0007683875210898882,0.0067645418260665665,0.015879708811733187,0.005754108783643372,0.0032071222407469165,0.0071788056003258376,0.02300340105933299,0.0070466052983673136,0.002690402866791991
462.36708737910317,0.004082833162052031,0.04673443126574547,0.0007243046076957903,0.0004923219194872687,0.014981106790394468,0.033635335627537934,0.00030964873069720173,0.00013927478703652555,0.0005916987477119026,0.030770091072693854,0.002491293133935968,0.0009044656907605773,0.00803361156732887,0.01604595954460653,0.005800673656541627,0.0031272301312997427,0.007649322596523533,0.022866696837102064,0.007042302509811097,0.0026891355953010806
462.15342421487986,0.004167790503436727,0.046837612623450375,0.0007144317113715948,0.0004884137597928569,0.013395591888746205,0.03363521601365569,0.0003250278620166863,0.0001519060588473912,0.019792850737467668,0.03266093634514539,0.0025986971881232853,0.001038970037955608,0.006472542325703287,0.016845739594488977,0.005767311598883958,0.0031557166514651976,0.007356811776160297,0.023105120325718355,0.007041585515208345,0.0026907002844121955
461.9399584300232,0.004154683377954072,0.04668953581054187,0.0007215186191859793,0.0004837613587892693,0.01680751729036839,0.03615288533302066,0.00033350744630390977,0.00013216055275849637,0.03257615979136786,0.02219555795826518,0.0027134089604288654,0.0008396660473523786,0.007408683096666158,0.015344762072477222,0.005799220868046712,0.0031388929759021762,0.007760257559683459,0.02292242538478279,0.007040035061896281,0.0026872903519718386
461.7266897511543,0.004153066261018002,0.04677961861811882,0.0007244362005644499,0.0004824368465142575,0.015439137445110409,0.032001170430057894,0.00033631898422452,0.00015622466554095826,0.01922349197176668,0.04671327741883422,0.002650417831934637,0.00107158932678455,0.00629431058128873,0.018737164456531435,0.005709419903166464,0.0031392846709530344,0.007675074563878431,0.02325506875471674,0.007035156234139067,0.002686788920886576
461.51361790539926,0.00414581344366119,0.0467551041344443,0.0007085230394069425,0.0004932188704858,0.015278795968368928,0.035748548269095404,0.0003370934071214069,9.760443735783449e-05,0.024439836449540314,0.008927234418353719,0.0027642591873928125,0.0005339337767979084,0.0054792254064319,0.016421911046200537,0.005810820610780698,0.003168992528631656,0.00773760638013976,0.02306832305969448,0.007035309138622005,0.0026853508338599494
461.3007426203875,0.004151965593117494,0.0466779730154064,0.0007316564180706787,0.000489003018111322,0.016082695772289348,0.03138875212202802,0.0003045817609331257,0.00013514035457313692,0.027410199920752183,0.05777964771050102,0.002430484836462156,0.000948657045385704,0.006497666703260624,0.01564373526172505,0.00579109455343655,0.0031553580495973445,0.007799069258873801,0.023525030706586448,0.007032326958994799,0.0026836157398175643
461.08806362425094,0.00417922866205351,0.04666011165951346,0.0007172670921126474,0.00046695859348140596,0.01362162687436835,0.034615996268735495,0.00031624506351262153,0.00016448172109380976,0.021734289603713895,0.02120350421449013,0.0026521349702947907,0.0011353183695628768,0.00642023580600813,0.015581031067813432,0.005856209336381785,0.0031438804313495905,0.007272921719948048,0.02333961425010808,0.007027407200799568,0.0026825212754440714
460.8755806456222,0.0041955849229681486,0.046653161447206694,0.0006885468542925936,0.0004935058554644574,0.01726314610984713,0.03185744469735376,0.0003457116261094767,8.619872060003982e-05,0.03387575021688547,0.060920518102514684,0.002782446918972835,0.00039517317153146077,0.009657816927434027,0.012824584201982714,0.005774613390978054,0.0031026099630437815,0.00736731120809589,0.022995913592455966,0.007025179145105557,0.0026834163933692947
460.66329341363434,0.004134360253923727,0.04661286502321122,0.0007094073783800265,0.00047871089926550205,0.013065558874553419,0.03259184673515597,0.00027729192597350765,0.00015907069079094737,0.028630491062196454,0.04783442323894735,0.002109917043782528,0.0012146563726490249,0.003531143628127028,0.016029723676044546,0.00573869216888216,0.003171600991371029,0.007349596669937725,0.0230070478528427,0.007021375219590318,0.0026832111663462723
460.451201657919,0.004119457702519158,0.046657543711889043,0.0007118622015751344,0.0004830656406912463,0.01607358971744081,0.03350008040396343,0.0003312320172454239,0.000135332254145367,0.01500680879293464,0.03166419964756698,0.002656884302270849,0.0009401758315933982,0.011062346271224715,0.021219963462434495,0.0057365390580321265,0.003171356500168834,0.007454622873086688,0.02317991738041508,0.007018679160179997,0.0026781157862612
460.23930510860566,0.004337690176016311,0.04665112311333483,0.0007069341507147764,0.0004899751967833336,0.015065521436808772,0.03249484562593792,0.0003393249755085227,0.00012811331026907019,0.017520601616963494,0.04534409870510889,0.002773152268859366,0.0009173877143050812,0.010137828060887817,0.011847337846346399,0.005830236088374732,0.0032158101206931355,0.007402432533243174,0.023229112706370087,0.007014143904618107,0.002680022996826075
460.02760349632024,0.003933439654156864,0.04673933911625372,0.0007027641251057053,0.00048017710370979973,0.016272425373527473,0.03091534787560803,0.0003584052017987696,0.00010673488211427564,0.029133988498506406,0.0606245203062258,0.002947746415320102,0.0005924549942464886,0.0028889768158911395,0.01734536579623067,0.005826850249164806,0.003100754738976187,0.007324301857279614,0.022780779573282263,0.007015319157988545,0.0026796003782468734
459.816096552184,0.0038455277716561392,0.046460201592104136,0.0007183370962573826,0.00047677412747690887,0.010845557905518107,0.03257426720005504,0.00026712348008443875,0.00013142727291965474,0.045937019230847025,0.05520258212708653,0.0020803707544946,0.001015672233400435,0.013001016916092078,0.023867993642906756,0.005787445816205642,0.0031453748343122185,0.007547977305961518,0.02284560559723303,0.007011437872432043,0.0026774708602527128
459.60478400781255,0.004211163293829188,0.046610282230954425,0.0007130085663415586,0.0004835989917216783,0.016202097437247168,0.035973834075239984,0.0003042405458242152,0.00018429887210507178,0.025362880383891197,0.02225152250894124,0.002487804946534993,0.0013326709920592032,0.011269801142021736,0.008884588895074578,0.005826125908823168,0.0030950418774891137,0.007655893674806383,0.02280515272019928,0.0070077545363300495,0.002675351165260843
459.3936655953147,0.0040395930709913605,0.04661024134241302,0.0007232667998066692,0.0004858857531568701,0.014365147895512397,0.03077400794013199,0.0003229555951377189,0.0001533555774001395,0.03336606183110936,0.06084069788286727,0.0025833223713633076,0.0010981804153290164,0.0013541787254108969,0.01898683761894928,0.005750574252524005,0.0031503540078391757,0.007438677635496725,0.023584852393166215,0.0070063969575737215,0.002676484340119908
459.1827410472912,0.004122187282846266,0.046303843328873474,0.0007102326102483363,0.0005003759665989878,0.014755190586550782,0.03505570551577373,0.0003338803286434317,0.0001783699410183341,0.020643829208894487,0.011869561688278555,0.0027342875575737603,0.0012711638973649203,0.004599358450062374,0.01707380918449166,0.005784198004642772,0.003124972711182029,0.008339224457858348,0.02291938547516459,0.007005967237024306,0.002673065030777119
458.9720100968335,0.004426201608342874,0.046267259543280745,0.0007065429070444799,0.00048369482528730064,0.015577978495384524,0.03056668351119672,0.00034479884957729773,0.00015277824741776136,0.02406436620842699,0.05371814628304458,0.0027264828740612397,0.0010349482139389375,0.013293078972573525,0.028380333898697874,0.005679338455073002,0.0031318762391347958,0.006030743786266135,0.0226621309361201,0.0070003298037976825,0.0026719790582149967
458.761472477523,0.004372425553949421,0.046647708106411986,0.0007129607294527648,0.0004918490512981696,0.013175840173444359,0.033031587107853144,0.00034631389662086355,0.00013858317985376454,0.013078159954729145,0.029144077106897807,0.00282050042315909,0.0008913301918977372,0.015991698788735183,0.02323897470625619,0.0057669695685982885,0.0031388434616112216,0.007775104463343385,0.024610181387056215,0.006995021843157758,0.002672647139805448
458.55112792342965,0.0042735951731730296,0.046200562393837706,0.0007066899717068049,0.00048616112314625186,0.014669434136183952,0.03088555254685563,0.000324772606465915,0.00013328369418497731,0.0280039751220313,0.05750924841229525,0.002555631910134355,0.0008560491658777129,0.0083725391373119,0.018305949083861198,0.005702203399779061,0.0031116647654786953,0.008563241837127417,0.022959955173043185,0.006993304737487277,0.002670818777952637
458.34097616911095,0.004268886984855234,0.04651132268850813,0.000712610684433714,0.0004861674942740375,0.01113547096902341,0.034168620678629844,0.0003461652693337242,0.00014415132976963873,0.03742368719908809,0.04171975663090811,0.0028353171143607504,0.0010030001552835185,0.013541163745994695,0.015711830842458623,0.005765481773639879,0.003175488312399884,0.008520186273693936,0.02306170471769749,0.006992034493523997,0.0026722672609373766
458.13101694961074,0.004208118920155439,0.045982300632442005,0.0007122718262703512,0.0004900668102185405,0.015657858824568657,0.034088927000334245,0.0003361039693380402,0.0001299752612371731,0.010439217302813754,0.02591956845468417,0.002706320223524621,0.0008192994243739522,0.005636250672157381,0.015488125717762875,0.005737513659826898,0.0031174472325908643,0.00821384738764429,0.022408609660667947,0.006990461759710949,0.002668832376127806
457.921250000458,0.0024664689609144733,0.04613954566875288,0.00070918534134789,0.0004820501481693081,0.01409988034636733,0.03247467065113779,0.0003457668222497716,0.00012542245298696652,0.015422918163850104,0.040037000290853234,0.002818422660590899,0.000778318061980499,0.010704953020075755,0.018187066217600713,0.005765277219589361,0.003105992398248662,0.007895359576665591,0.0229326496691971,0.006985724061645052,0.0026680855057327965
457.71167505766596,0.0043766977102169865,0.04705153596323545,0.0007064786487840789,0.0004807721421305351,0.013260155582489662,0.03161486241460892,0.00030555054165528397,0.00013074781782067033,0.028067183402358923,0.04899390585783331,0.0023843004807067533,0.0008284421999531708,0.006599713133087947,0.018856024957098576,0.005718783171101189,0.003020459368509817,0.007538035407008179,0.022378610641812815,0.006986525744424414,0.002668120646169716
457.50229185773105,0.004251770375689045,0.04667174767455053,0.000699154056965199,0.0005003247426159825,0.012477928514934076,0.03569649102974539,0.00031634918161972284,0.00015575593032605205,0.03886298543375544,0.02315284543491044,0.0024900825174036575,0.0010995765433398062,0.009430746680824515,0.01680827096814105,0.005697936411129147,0.003158833581735663,0.007737437382047281,0.02282042087291156,0.00698338550541219,0.002664372898732651
457.29310013763154,0.0036726194946848194,0.046675083516494305,0.0006949597334593291,0.0004866624557425431,0.016673301723846335,0.03300396812256888,0.00033687767993890983,0.00015765827959845976,0.01882124389631274,0.04090156092815883,0.002697822715164018,0.0010597889793758234,0.006292438344621568,0.016500336488351246,0.00573830281183866,0.0030773498022810372,0.007602685387722418,0.02274355803432838,0.006977226002248639,0.002665161047004768
457.08409963482643,0.003777942313479395,0.0455616151646777,0.0006990909861229334,0.0004815657385836985,0.011630836081408807,0.03194419935971125,0.00034918316112123255,0.00013949552403835539,0.04107377001192617,0.059176528627828656,0.002736147614523238,0.0010130553536174369,0.009419396197227595,0.015638563928512886,0.005631082280643914,0.003192479881807769,0.0076685510037219585,0.022929051582943352,0.0069753378965605245,0.0026667469289395522
456.87529008725454,0.004591009101740142,0.04646404603864518,0.0007031962980963307,0.0004855767697609927,0.014745453692969406,0.03700302623304799,0.00031777882413013117,0.00014484775499337707,0.0426315919253717,0.014332057407520563,0.00259075046745521,0.0010150499792747779,0.00783267936065211,0.017610855703591274,0.00577742100887174,0.003152340538946266,0.007409279388792966,0.022595543572918257,0.0069758194195231665,0.0026633108753488554
456.6666712333334,0.004248158391842622,0.04604445754304965,0.0007076005317740315,0.0004830369760367067,0.015820246755926606,0.03295164755994686,0.00034105493793435505,0.00014668238683297231,0.014605093496041855,0.038198817428215764,0.0027226081285791097,0.0009235525645656696,0.009707727457114936,0.01786925924678654,0.005693342466872805,0.0030655641307313374,0.007788040158002813,0.022844975729581562,0.0069714737724522954,0.002662107292372958
456.45824281195814,0.004883095376986924,0.04680659186913149,0.0007036994275233979,0.00048618458980743463,0.013837451841441832,0.03286577281711402,0.0003233244153265439,0.00014335348266200602,0.010661546335361814,0.032746380366793594,0.0025990825521494372,0.0010411574556018009,0.007326006342276015,0.017164301487718723,0.005748152810139792,0.003178938746342993,0.00760444076061606,0.02284772605424349,0.006968332906041419,0.0026595196059619702
456.25000456250007,0.003935095734845965,0.04644138642199696,0.0007015259544169448,0.00047911271916152744,0.014050216865646325,0.03313915618946639,0.00033937337676260274,0.0001333262261849365,0.008386024306530387,0.030714937959104797,0.00276177153001997,0.0008359284330896191,0.009251650525069639,0.016478637937460554,0.005752550943973326,0.003075681783715292,0.007681849353271832,0.02296516847340848,0.006966309948239101,0.002659026648785179
456.04195622480626,0.004425047733201073,0.04635774924399137,0.0007092807450733582,0.0004817508873244029,0.014358171122956963,0.03484503179368804,0.0003096484110765494,0.00013324059827570048,0.01981032621046006,0.009349785696657033,0.0024844164150346067,0.00085931106997908,0.007468947307228186,0.018627787632392534,0.005728781118899929,0.003098439211290307,0.007603747589922284,0.022666003082917382,0.006963600341442317,0.002658962584452018
455.83409753919784,0.004342765642800213,0.04661114800364302,0.0006882568971515085,0.00047908786373479495,0.016825542600532158,0.034508615319102084,0.00033139316317155594,0.00016718177625415568,0.02632980435970131,0.0319883616317411,0.0026766437457315675,0.0011673508401633943,0.007019912136704067,0.016231500638494756,0.005748300654481759,0.003104879977891596,0.007822368447012297,0.022854102138340816,0.006959761516694131,0.002659465680886161
455.6264282464693,0.004088421477411674,0.04612928392527598,0.0007118984253213748,0.00046633773498618806,0.01699172118207976,0.03114785645363662,0.00034562352198747135,0.00016454765886213355,0.03333496518422665,0.059770604811791014,0.002787659754003487,0.0011901379377369224,0.008300302878649924,0.017986778723062816,0.005695834400351891,0.003135210609565967,0.007618856736988509,0.022864931657211266,0.0069562270494216046,0.002656969498117912
455.41894808788714,0.004406135594228286,0.046272944033226786,0.0007138778773416428,0.000476260703088136,0.01299015135689596,0.03201103413164093,0.00035238026006877973,0.00014155127869510339,0.024785405429258382,0.04518969442601148,0.0028828140203652386,0.0009364794939389036,0.008797153275816792,0.017719248379380128,0.005717896512198222,0.003092221412673601,0.007595572658925478,0.02288917341767571,0.006953731199565382,0.0026547727050394306
455.21165680518897,0.004292385075897327,0.046317265362012916,0.0007332320722633382,0.000451177231351162,0.016731589629076206,0.032311028419921346,0.00031569903147322817,0.00012470603293741135,0.024495049855402243,0.046947218133887844,0.0025158945835027785,0.0008685263678091354,0.008479218314612178,0.018902260181007737,0.005676567942220197,0.0031367443335504324,0.007390817779051577,0.022914629523713616,0.006955704107126211,0.002651149853578402
455.0045541405824,0.0043825618040371685,0.04648524844139463,0.0006903283996591084,0.0005292159407967523,0.013087134029051728,0.02701123825122309,0.00034518250071597745,0.00016788483887940754,0.08049861160014164,0.10512448726853392,0.002785027982896092,0.0011427426133695595,0.008207281704557494,0.017479843252222134,0.005739465999763562,0.003123420741745167,0.007579561435886842,0.022861230561855062,0.006948705614846001,0.002654813970842417
454.797639836744,0.004023831842484992,0.046341333661421,0.0007157352193333743,0.0005154192347626347,0.009356270052651244,0.03779506198911098,0.00037282453985071145,0.00012695670071628733,0.08917000942941589,0.0731680255037087,0.003028467696050941,0.0007551844175183719,0.008486900343031695,0.01790163999954886,0.0056656005217259695,0.0031111305919935893,0.007496301705615033,0.02281490502684658,0.006949793372836014,0.002653804099029649
454.5909136368183,0.004152503556987845,0.04636695811157053,0.0007131162951299334,0.00047606565106400427,0.01871720712872759,0.0367906565218662,0.00030197195147784334,0.000106084161446814,0.05705829604327263,0.045726984924880434,0.0024592524815920985,0.0007311641398116005,0.007500898787930635,0.017147778897991774,0.005755827194168425,0.0031821125224863315,0.0075998048675917015,0.022705457403019883,0.006943457934018372,0.0026518518947492137
454.38437528441625,0.004060627853399967,0.04616727132140131,0.0007273233842185183,0.0004937663048143225,0.016388755147723404,0.03037826026724056,0.0003189877062115269,0.00017027162449175716,0.0340061312132938,0.06397744744418205,0.002687172559432168,0.0011565199880603683,0.006608935533195953,0.018061911123202212,0.005795917471483941,0.0030787775407217807,0.0075822254121182394,0.022673810827278883,0.00694295661523058,0.0026504329506025896
454.17802452361497,0.004225506379248813,0.046307151497577456,0.0007081262692704836,0.0004929281921671584,0.01350433564091277,0.030620947125471355,0.00034382114805334656,0.00015635038654748985,0.031595192010212436,0.05978716818708362,0.002817258330432063,0.0010583480560649448,0.0073388789484883235,0.015957108514047923,0.005731964657995383,0.003099962229254601,0.007625443923222095,0.022745491227978445,0.006938720871312506,0.0026496263778867917
453.971861098956,0.004015428596678345,0.046070189999701625,0.000714651240265029,0.0004821805172280173,0.011915698809428693,0.033226688437888556,0.0003704248947689239,0.00014332299112632403,0.0333543393794495,0.040833992349665865,0.003064792077132926,0.0009130629886682622,0.007388033128746608,0.017204472677151392,0.005695839781196853,0.0030572738138631757,0.007408211112500386,0.022954166447495015,0.006935568254218197,0.0026497036733753305
453.7658847554447,0.0041282417795856854,0.046148482304324244,0.0007164565173286358,0.00047648816675350706,0.014145146773675139,0.03469785243838448,0.0003287530095317539,6.71876914441321e-05,0.021030004481004932,0.01121398769291909,0.0025887116583533203,0.00037336875873513435,0.007877533451515612,0.017552394745207252,0.005629062136216423,0.0031195637164279414,0.007428285357551668,0.022705944233866036,0.006933328009426763,0.0026466745775512277
453.56009523854885,0.004247832373801068,0.046256578002930385,0.0007087035976609202,0.00048241931575505393,0.015261712763254694,0.03312025893264007,0.0002982301256110233,0.00015851137247675787,0.005768993796113261,0.028714490004521115,0.0023544006406431258,0.0011736407093894418,0.0074846981725456285,0.01813295764985613,0.005697304311108745,0.0031157804418054866,0.007357358724138037,0.022696866940304213,0.006930847001647062,0.002647896808897992
453.3544922941977,0.004046313001962339,0.04612112690741582,0.000711858905634406,0.0004800249987107817,0.01300999130187663,0.032165169504778116,0.00032943129287984476,0.00010164870101450626,0.023085473236674935,0.04284117081334099,0.0026496445844216383,0.0005482822011614012,0.006532618845657542,0.017423593339069128,0.005670018602965453,0.0030665564535967563,0.0076008436985598345,0.02268787112245284,0.00692817033173149,0.0026445856742941813
453.1490756687812,0.0040377745995476165,0.04599049512451209,0.0007270110319857275,0.00048261301616404635,0.0141634573395668,0.03675490001991452,0.0002855150005913099,0.0001690290353707512,0.042695580107863056,0.01718381494703824,0.0022341681859148,0.0012856131611921485,0.007803919539783987,0.017527740649599784,0.0056618908538707,0.0031530208193068844,0.007519244921138664,0.023009056432106507,0.006925542633117986,0.0026459619599785832
452.9438451091486,0.004264126557721634,0.046226412592665876,0.0007165404268260811,0.0004928815177397001,0.019614844052160855,0.03228367189154533,0.00031648524565908496,0.00013428355696276846,0.05556967949510441,0.0718782510657839,0.0026148625771852656,0.000878995378945714,0.006296912349931438,0.01853615298644327,0.005765697781663713,0.003110014795837565,0.0072476948480558806,0.02267046149319235,0.0069238003837471555,0.002643072873356612
452.7388003626076,0.003964340617318691,0.04584349089904758,0.0007109757003500173,0.00047885477055398875,0.012510316259966705,0.02889778026799075,0.0003175461311858078,0.00015960869642190454,0.06003084040521866,0.08325653704651129,0.002502870510060332,0.001047857227748722,0.007789102751557479,0.017538515131702553,0.005628135447096404,0.0030075660677697765,0.007341756260066978,0.023017251180106425,0.006919572791023524,0.002644051017914123
452.5339411769232,0.004068149041541804,0.045809675614016575,0.0007301869498440703,0.0004918758610084,0.013305536989526712,0.035415873295798136,0.0003510068417865033,0.00011860698007339457,0.03313209477919524,0.016004727111588624,0.0027707195366548924,0.0007894819877592046,0.005559408772384483,0.016978950854074703,0.00556128887833008,0.00316999497502284,0.007009741303985995,0.02261059272544016,0.006919762726114913,0.002642189859278485
452.32926730031664,0.004369633029202182,0.04591728601831255,0.0007350249185538664,0.0004701914360653531,0.015847933270265055,0.0322147987134072,0.0003094497011352279,0.00012322016648494373,0.015115551072670751,0.04160498135047954,0.002552616165272398,0.0008574833621443166,0.0064900430264053875,0.01682980276451324,0.005741527221955073,0.0031457290664644376,0.007468822417372886,0.022590276159293193,0.006914049875103621,0.0026404435987246564
452.1247784814648,0.004115875033707441,0.045974622404792095,0.0007068173203723817,0.0004650550234226449,0.014321246372396117,0.030967017559290384,0.00031816162853369305,0.00012840222469541127,0.02500677267693911,0.05128334974754776,0.0025335775283038863,0.0007859099087917371,0.006710625337196492,0.01810444978858006,0.005650425033907286,0.003037474052456031,0.007420383919199772,0.022521187754818234,0.006913936460784675,0.00263990518518625
451.9204744694985,0.004170938350784748,0.04568708191563634,0.0007070869052606216,0.0004831986199547156,0.011527199343651165,0.03175744229812243,0.0003331543199592073,0.00013533530821926325,0.042847531641693935,0.055931619969825604,0.0026304306642704325,0.0009109867286952821,0.005193529046071393,0.017043589773839518,0.0056222512990606625,0.003126416668119662,0.007413012779722219,0.022681885744325687,0.006910425758228831,0.002639913597608021
451.7163550140019,0.0044879234574875596,0.04580085126308644,0.0007109291345723057,0.0004731618509181661,0.012726525572013092,0.034724062392697506,0.00032091039352697537,0.00010372201126115493,0.03067292382366615,0.021450624654830216,0.002620607965837656,0.00066592384196395,0.0060208223052291895,0.015975382096929856,0.005715971935056601,0.0031311822863430297,0.007316933322562814,0.022758562169783562,0.006909460380774281,0.002636838027788701
451.51241986501134,0.0043655111897068985,0.04653621840495301,0.0007205986339488863,0.0004923030941268353,0.012943978367931345,0.03304196207925271,0.00030828751976856795,0.00013708737067841462,0.020913755530079854,0.03385798535715232,0.0024680876121553658,0.0009433388028886701,0.006000780252745288,0.014611131867245905,0.0056617242058689616,0.0031229966955887865,0.007409803483653827,0.022161972547152325,0.006905986370623022,0.0026361268684703216
451.3086687730145,0.004549198053405021,0.045974704364517456,0.0007120632026899867,0.0005318485293844924,0.012621516241181388,0.035815030298351855,0.0003291345855364023,0.00013112755548966832,0.04118038638343967,0.023836419674720593,0.0027057469613567544,0.0008340140076074196,0.007092419611741579,0.015892603766612886,0.005734018694182142,0.00310762950739158,0.00727690291922053,0.022775546404269393,0.006903944552959226,0.0026352346029449424
451.10510148894906,0.004673744882339212,0.04623230049721487,0.0007763613284868977,0.0005239501322910161,0.014401383374269277,0.03492788896923401,0.0003070037488418555,0.00014084410177115403,0.022030523834009944,0.006835118931009861,0.0024721610755035653,0.0008376943383038341,0.007370207922251111,0.015780435871970273,0.005623650310523695,0.0029669584027771736,0.007137499225003303,0.022550149002928104,0.006900548672342912,0.0026332747074052174
450.9017177642021,0.005064079157688351,0.04508916158921835,0.0006386098935408526,0.00045872162068656637,0.01601538410981898,0.03773814042220465,0.0003274848602867841,0.00013720382356026794,0.05068897009031043,0.02635559555665976,0.002515020276488993,0.0009059032490416781,0.007334554949562429,0.017058339346804983,0.005598710463023304,0.003070323193563745,0.007486429019535877,0.022757015329009006,0.006898071491322803,0.002633977784507809
450.6985173506085,0.0026088905096162914,0.04414074607014401,0.0009303161572266212,0.0006087071799724773,0.02022392905767728,0.032376556605106264,0.0003226839975986761,0.00014704923374567186,0.06138908108061295,0.07907399311112849,0.0028117865612661474,0.0009065513598815694,0.006109727777200796,0.016146850806744554,0.005660335428995328,0.0031232191226248625,0.007317192495963987,0.02251632896184401,0.006896231245682958,0.0026315110290771665
450.49550000045053,0.003977590783757365,0.04603578821865975,0.0010124893209432304,0.0009593132888070274,0.011998381605314743,0.03181621639169773,0.00030212933532745384,0.00017158080614744376,0.035462937361141735,0.05100974677637688,0.0025359624324846042,0.0007240209041433124,0.006384816740489169,0.014763625509814205,0.005658078183003462,0.0030699543284955387,0.007404451873582892,0.022582368773613973,0.006891158288767776,0.0026308258669387923
450.2926654664566,0.003960708330837248,0.04586987591565114,0.0007704560810644975,0.0002538859412264959,0.018075328977089192,0.035645255353092216,0.00034364623155813353,0.00014366651965000234,0.04753588765718711,0.04034450353597614,0.0027047313851287784,0.0012335749672593183,0.0080187223483539,0.014851645379882471,0.005540756794828115,0.003129521315112326,0.0073731331096937355,0.022249679784176996,0.006889858825868317,0.0026311863996710543
450.0900135018003,0.003162991293294944,0.04597629582647715,0.0006442208180549622,0.00041975844852495535,0.017741572355001633,0.02715810673717193,0.0003598011925246376,0.000111863773045984,0.07040779257774618,0.0981613133774987,0.0028621421560381076,0.0009283256373131513,0.00779093459904047,0.01594004403519462,0.0056656438028220854,0.0032706782534096734,0.007573384027562636,0.02270723170586782,0.006892465602176272,0.0026297061620181982
449.8875438600991,0.003923891504212169,0.04450645326043429,0.0006955885296812571,0.00039333133193668763,0.009031932647568743,0.03296446886265539,0.00032740346914047303,0.000103598708858032,0.06546853825359066,0.07109291562124924,0.0027232721636893044,0.0006213281581221915,0.00775471654066968,0.016420383124039765,0.005731080200922808,0.0030403841836805917,0.007358402482419232,0.02255995261276994,0.006882534267123916,0.00262374674916487
449.68525629541375,0.004748649715161479,0.04622157926683079,0.0006128927407427135,0.00045803026418326386,0.0143776375646127,0.03620079373341724,0.0003147202046929408,0.00013692612868257796,0.03849303846721274,0.011421239344470728,0.0023804809347974538,0.0009622375057062766,0.0071122248656427575,0.016940863609919178,0.005601601646747559,0.0031157412759362222,0.007771047314223972,0.022588314464999405,0.006879732684289055,0.0026266790800289785
449.48315056224726,0.004398851437574318,0.045681079305627495,0.0007045278877822955,0.0004645446393911406,0.01699137775936917,0.03349381687107898,0.00035433985771485846,0.00015093959669273984,0.02713576210351794,0.04060097571748962,0.0030367216851297785,0.0010546032207173572,0.00685684365215581,0.015185993353301837,0.005771674267018209,0.003125339812382606,0.007329321949327052,0.0226560786359374,0.006877721693395086,0.002624979963746654
449.2812264155437,0.004858412490760343,0.046496723078559586,0.0006651644509263244,0.000438435139839448,0.01654656974015028,0.03108196585433826,0.0003193243900655256,0.00013607410660903537,0.029820483776122283,0.055273126070458256,0.002478857522088162,0.0008074777047504905,0.008747739810346425,0.015508832131845632,0.005596625540422796,0.0029576205696496567,0.007403037500489089,0.022483321816842292,0.006876749514943107,0.0026277436367808738
449.07948361068713,0.0033268745797555804,0.04602973688722332,0.0006799770644482929,0.00046370073280742417,0.015667633533047766,0.02863737125841752,0.00040182981600607383,0.00018559930352619934,0.04864960528952148,0.07639068680481786,0.003216089905389063,0.0014789660011856965,0.007225912183077639,0.016024586995912308,0.005533430210120108,0.003162222214876143,0.00722400857234495,0.022572673763300834,0.00687482594964856,0.002623340073152212
448.877921903501,0.00416903635919008,0.04564202964366724,0.0006856358774048178,0.00044845201058136067,0.009604783975061452,0.029706437203628967,0.0003502798660590718,5.801764778715318e-05,0.0772683433827134,0.09318391824134498,0.00286770007851918,0.00036689959699081465,0.008306995301952906,0.01480756581012277,0.005640849088765145,0.0032652775127068817,0.007378633793762782,0.022539023145640217,0.006870620579623453,0.0026240444715904146
448.6765410502468,0.003742663509238778,0.046218738563141404,0.0006733906455759844,0.00043959288872184486,0.01095234620504112,0.03654943879016677,0.00031581438118708123,0.00019697928258927572,0.06480403884439359,0.04790184715333001,0.002605123780689145,0.0016478006284777694,0.008413489170387903,0.016849973475674896,0.005762041681583248,0.0031889238207490444,0.007104478240097439,0.022470170297472024,0.0068689562251973615,0.002621199545387147
448.47534080762335,0.0037954360581803465,0.04568407611805336,0.0006662578806265955,0.00044628623589727367,0.01551850750047258,0.034145647020359875,0.0004596612852226888,0.00018913091904244672,0.01742106799135167,0.019219909123687085,0.003959879327885271,0.0014038605283088273,0.008728047899152937,0.016325877345271,0.005744094913202686,0.002997747979806004,0.007504556038548241,0.02228592206000449,0.006866033341584904,0.0026226177221696637
448.2743209327657,0.004250118891959021,0.04607424590953517,0.000660676170060729,0.00046503456197088093,0.01265236656939227,0.032012337274754665,0.00033692390614070277,5.539295735955919e-05,0.024702982186331063,0.040664354865638144,0.002651815991133385,0.00026870780453290923,0.007024718270875044,0.01667061656403672,0.005604206987736721,0.003030287636229946,0.007274323553064072,0.0226542891668034,0.006864877935995429,0.002621556410127282
448.0734811832438,0.0042432722095049735,0.04579357965942279,0.0006716185112118375,0.0004581731731651817,0.01285727980324743,0.035967254939664094,0.0003460228650009095,0.00013642875605767815,0.043934319231892144,0.020804462649191342,0.0027928198731213584,0.0009227409338391893,0.008790143980819402,0.016486504747925367,0.005643187256825588,0.003068613636870158,0.007252656897246853,0.02238963226210381,0.006860465778455464,0.0026203220062090454
447.8728213170623,0.003925728233980242,0.04606092781997924,0.0006754341058981081,0.0004661765761047495,0.017212648755889685,0.03514825997790749,0.00033868399153791844,0.00011652599148178356,0.039021878517616515,0.03216161660995622,0.002734587495846642,0.000718875835345009,0.00836135310800721,0.016437233847185467,0.00563653022842789,0.0030560762405308075,0.007482456798777823,0.022729848954795056,0.006858919793061247,0.0026184377247069793
447.67234109265894,0.003900793986743007,0.046111358807906636,0.0006792371500848627,0.00046471974275035107,0.014673913984955309,0.03088737919140748,0.0003962527995369587,0.0001690411224424299,0.01969082414510405,0.048045347949472614,0.0033853531774055107,0.001252398070256596,0.007314181726916277,0.01690434797343932,0.005718258221172686,0.0031122401393526306,0.007067755769481845,0.022467017286544863,0.006855781465762447,0.002618285670924116
447.4720402689039,0.004124142076438699,0.04562997637248995,0.0006756641579259372,0.0004656118174571014,0.014830615486047574,0.035352049975263804,0.00033459876615136406,5.601448714850321e-05,0.03127827591657704,0.005215157379023255,0.002743879685681871,0.0002011274377793105,0.007622530641296561,0.01849913534072015,0.005733927325733931,0.0029120463520511575,0.007612302438189701,0.022499074696631642,0.0068545755543001794,0.00261746567105931
447.2719186050985,0.003816601556351736,0.04529292831939725,0.0006841204730516575,0.00046427918201629635,0.018326147080782784,0.030612172960245414,0.000360159237033767,0.0001886781881668911,0.05032994159940501,0.07313016934035388,0.0027069488248231246,0.0012266357414797914,0.009101077734336683,0.014583730495779861,0.005389310695160069,0.002883364584173555,0.007109870529979319,0.02258965018282173,0.006851619784157406,0.0026163987965682626
447.0719758609746,0.003939400592245425,0.04543748832791248,0.0006791715264712635,0.0004644757954919048,0.010942100452541388,0.030876055459703254,0.00041026699677694197,4.683087372601804e-05,0.051478846246338,0.06639627569409669,0.0032975058608515676,0.0005087084872305186,0.005901919589289792,0.017395395544639848,0.005430702256761051,0.0032198258589721104,0.007397859887764328,0.022193776017399486,0.006848191418970971,0.0026158601270774755
446.87221179669353,0.0037246485253036427,0.04547619566247833,0.0006794676558851456,0.0004684578261997793,0.015512086364990936,0.03530252947615951,0.00029736336622243647,9.50078074191556e-05,0.03126361493342227,0.011475789823850412,0.002285698132623377,0.0007184386774147632,0.007631850441521466,0.016513136193912235,0.005543047055868199,0.0031158257560040628,0.007546773316374003,0.02248595409410834,0.006846294210637797,0.0026130784846975755
446.67262617284507,0.004152317495999161,0.045321623489799755,0.0006815637118815749,0.0004666802959563209,0.01505054180337475,0.029007758623176585,0.0002883210026102217,8.121078765951705e-05,0.04366232015110231,0.07158401044435375,0.0022423960551471297,0.0007542799882562461,0.00914993319258246,0.015575845805906714,0.005560575249780844,0.0031307557082932177,0.007220048648689186,0.022720512866941957,0.006844415622170959,0.002613984396429735
446.4732187504465,0.0037678018482751787,0.04555373311396114,0.0006832492628703828,0.0004686095841922919,0.009462625417877363,0.034314596318431964,0.00023062064135804148,0.00014787149610103782,0.06090422613924995,0.057545947071984536,0.0016755296530308837,0.0012288590193920833,0.008076909652748406,0.015190242532078365,0.005590642385768782,0.003176928663202666,0.00717333657437093,0.022405680071779965,0.006841338270758132,0.002611880778024683
446.27398929094164,0.0037125551716483984,0.045661443588050056,0.0006831770713889973,0.00046418073751408633,0.016650351953935057,0.036582442354937406,0.0002304570541582096,0.00016183755993130753,0.04628575758281938,0.028177936676790964,0.001694984870060047,0.0014021672464144296,0.008651334836075655,0.01581093107450657,0.005626743843835815,0.0031231661102262094,0.007343121773890385,0.022377724901381575,0.00683757611304912,0.0026110421337428246
446.07493755619987,0.0041354512020517365,0.04554679888055137,0.0006821529013302352,0.0004665211974326096,0.016063744845244574,0.030026733981165996,0.00028177283639044167,0.00022236352798391052,0.03251044429693282,0.059921624143260674,0.0022625034056009854,0.0018164596113063442,0.0047574441407719405,0.01837737962738092,0.005659974875525072,0.003114151829090442,0.00719507922499473,0.02238015563504156,0.006836992878318641,0.002609144695538194
445.8760633085154,0.0038265151634772777,0.045188168111500865,0.0006840031101260364,0.00046756870376527915,0.011106027836501983,0.0338467376439549,0.00032630181171767656,0.00017969212572259023,0.04123491429800907,0.03932087190375224,0.002651088006144931,0.0012221852406165787,0.008396985436480224,0.016164458777632618,0.005627289717312903,0.0029742966743823043,0.00732167052686757,0.02223422223032336,0.006832760944787346,0.0026088569949469327
445.67736631060615,0.003963386836422571,0.045486750674506034,0.0006833367089931669,0.00046468238273760057,0.01654231013507549,0.03486551182024025,0.00035513897488725216,0.0001649858979552429,0.032158764190312494,0.024838740308027712,0.0028346221219965116,0.0012458183246046948,0.006106743348809186,0.01816571953509411,0.00556342373930663,0.0031228328059491285,0.0071460503440843965,0.022349274685432602,0.006833959784912348,0.0026076363258418747
445.47884632561255,0.004051329299944773,0.04525784871743111,0.0006830512558460361,0.00046766214664773566,0.014362814540748085,0.030570116887691186,0.00029891754582025287,0.00010639111644896433,0.024567543412611494,0.053122783599468454,0.002449522621115762,0.0007626665566197963,0.008992967269617295,0.015392293086778452,0.005705641490031618,0.0031339028563020645,0.007271953574084476,0.022102988413837975,0.006828090429188105,0.002607378218416704
445.2805031170971,0.00383094532047269,0.04540427889270377,0.0006867865379507698,0.0004677084151047434,0.01173288096665851,0.03479777173580249,0.00035057872599414603,0.0001816462802196373,0.04403769711752645,0.03208883293416683,0.002829879881020287,0.0013540093058941635,0.006068551042398806,0.01896787334674466,0.005560073943277506,0.003071861065255688,0.007590578988490448,0.02227111236236042,0.0068275497509106674,0.002605423651037034
445.0823364490432,0.00409136033760666,0.045441835609663195,0.0006908949350864611,0.00046344733280900564,0.018441822711433905,0.037877968071297105,0.0003261935792247057,8.39988961871587e-05,0.06862843406612662,0.05032725642209803,0.0026952076279997714,0.0004328250854389345,0.006947878334739548,0.013899950047957804,0.0056458451219336065,0.003104491890302739,0.007430447469985704,0.022704772385950454,0.006823472098755889,0.002604429604023753
444.8843460858542,0.0038892100653256877,0.04534961098214198,0.0006764228878583158,0.0004648393843490526,0.021029046777371087,0.028797278509747073,0.00032664269020307106,0.0001630448749912311,0.08548779324219213,0.1068427303991831,0.0026477588220073633,0.001148375658066527,0.007751765100409722,0.017491559106915907,0.0056325298590964796,0.0030446362831070485,0.007039602122429868,0.02220925717679773,0.006823374231840487,0.0026031810209837004
444.68653179235224,0.0039982780295565795,0.04544436609514479,0.0006967052834525116,0.00048184171685107535,0.010627692351134782,0.02902277068982019,0.00033081745924486036,8.077956587772899e-05,0.070365427303591,0.08857740434485599,0.0026581792330802978,0.00038531015579757984,0.007069592673122102,0.014801732307039676,0.005562045948399152,0.003084264903337161,0.007441563742587789,0.02221733269365354,0.006818745155862378,0.0026008064920424573
444.48889333377787,0.004099036159756596,0.04530684746575766,0.0006709848625852024,0.00048351439615674694,0.015568805214021722,0.03539006620529248,0.0002938475024006521,0.0001563333771032387,0.03389333741089857,0.015100316334685497,0.0023459607824076,0.0011368884774280643,0.00811826851555152,0.017931827686097343,0.005667122394348223,0.003053244882037413,0.007016166538746012,0.022679150788121976,0.006816394298535621,0.0026014482503932818
444.2914304757886,0.003936418786054462,0.04520111708501899,0.0006325641000479019,0.0004161504641994216,0.015787636735688552,0.02731247079010494,0.00031002646632144953,0.00012040998317744508,0.06020809618474493,0.08935726446629569,0.0023908176197046625,0.0007834967090306424,0.005897634389438082,0.01635999019973239,0.005573325574983388,0.0029992637162361683,0.007154890724872787,0.021557600453466788,0.006813761221148051,0.0026001163035639955
444.0941429844583,0.003962264986016343,0.04526356981564671,0.0006461070864716273,0.00044430487202464956,0.010757016884496482,0.03384287672568514,0.00031848500480466033,0.00016407301845336106,0.04519589383323146,0.04203290274070094,0.0025372115994698307,0.0012123558274261873,0.007712142766477978,0.017539310521298743,0.0056123458074713835,0.003082531144877277,0.008168613226144225,0.02222758758282184,0.006810641985902425,0.0025999630913757375
443.89703062627615,0.004026109349336261,0.04537457051232393,0.0007097204895784532,0.000424331215052199,0.015699604610244427,0.028516392164775386,0.00031544238903998434,0.00015175839320831657,0.0468560510584595,0.07581807754406579,0.002466370957175883,0.0011852034440293703,0.0058159238485535935,0.015512759985919212,0.0055567722302192375,0.003092895348556808,0.007168804621882117,0.02283182611102214,0.006810305820091281,0.0025976354972424677
443.7000931681456,0.003880472047097677,0.0451244874648677,0.0006659382183902564,0.000463891645312475,0.002329165814202347,0.0353259937550352,0.0003716396678312801,0.00013946459119937817,0.14007268275802487,0.13782455186265172,0.003040204891300622,0.0010281486949136386,0.008909866972789242,0.015062368910442143,0.005615704391374336,0.0031126607972921487,0.007195215801654051,0.022007040542899783,0.006807618673058702,0.0025970030680386664
443.50333037738363,0.003971766972968289,0.04526514382770879,0.0007274705271937461,0.0005203445015488163,0.020217610718730378,0.04604503560592862,0.0002687305065067715,9.856480429834514e-05,0.15459971667610756,0.12690169196608467,0.0021571053210890792,0.0006334470412019483,0.007653905555652648,0.015813403216770116,0.005618771914614454,0.003019601952621941,0.007659685090233887,0.02213710381310188,0.006803350176936534,0.002596223447345187
443.3067420217199,0.004014008661680337,0.04529710301710458,0.0006719267235250418,0.00043804797139336126,0.023914712548549665,0.034967881069313464,0.00033201002308847524,0.00018725327398485845,0.10962673379336509,0.11342962554912699,0.002663105512660877,0.0014590709609607277,0.008952722147148982,0.016673530859138818,0.005552676031650934,0.0030773051335073022,0.007670903481706459,0.02242454249023936,0.006800179138627586,0.0025928288150426646
443.11032786929565,0.00397443664296395,0.04516369712250061,0.0006877101832473371,0.00048345270528529804,0.016810091419710443,0.02796702020369947,0.0003560669305244955,0.00011523875092114922,0.05671131238189465,0.08270214851338532,0.0028987161313132415,0.0006231722422788726,0.006999706257473264,0.017483191193949893,0.005545803805833689,0.0030258036793808156,0.007522983775660432,0.022960260488846883,0.0067963382899211295,0.002593994418490627
442.9140876886626,0.004035470861281926,0.04516859541000962,0.0006870449002087264,0.00046631185175141643,0.012359739219651542,0.031476962862551916,0.00031024970607111316,0.0001304134720722875,0.02745935210766923,0.04400775049853281,0.0024606224224996555,0.0008732495925604187,0.007763521741217857,0.015550545366047287,0.005561904645583582,0.0030421638509816815,0.0070412335572945075,0.023006518711732014,0.006795753643930093,0.002595095297755141
442.7180212487827,0.004159860321274724,0.04510910071007355,0.0006749437430073563,0.0004754321206242129,0.016159226397396025,0.03487897629946898,0.0003070396779688273,0.000172567300949187,0.03268123226334701,0.02130661409866766,0.002395967347681112,0.0012341959313007687,0.006504843699356229,0.017543089602711292,0.005536803116664293,0.003007153871412633,0.006537178619922387,0.022346242111739207,0.0067938825794665375,0.0025934109361809934
442.5221283190266,0.00385560342637703,0.04498770044323067,0.000687799925054054,0.00047556293284315993,0.01772299824603489,0.029652612813633777,0.000382026709488094,0.0001192755495187142,0.04806722708680912,0.0735080685740017,0.003106503337602151,0.0008199421699904366,0.008041769435593399,0.015746963837591426,0.0055093252768018625,0.003093993440178303,0.006974689919346078,0.022075215205664432,0.006790766755183163,0.0025926781516278836
442.32640866917296,0.0038615487831154594,0.0452140560040752,0.0006846111894276625,0.0004725009565205457,0.012863434045777234,0.029980543329258966,0.00022556178499390158,0.00016167449812771502,0.03514226713872182,0.05780583063621092,0.0017005563708281548,0.0013320121042489708,0.007862234388122316,0.01768519098519211,0.0055977380245264855,0.003109784780018307,0.007091792646018486,0.021915560612110176,0.006787757683930851,0.002590551373930758
442.13086206940767,0.003786769154078762,0.04524801339636519,0.0006847734103543111,0.00047247225050544233,0.015124826918916805,0.03049205753441637,0.0004625136315548365,0.00027058637740021504,0.022195058874008806,0.05202726675556923,0.003913332437647694,0.002160579995195256,0.007311217804093902,0.015101238849688404,0.005558173208736303,0.0029970232149248346,0.007455685259584516,0.022160540980239337,0.006786285682190478,0.0025912965381187014
441.93548829032267,0.004071399371022519,0.04528108888327074,0.0006830233849983316,0.00046985239688748125,0.010736377045998264,0.028323557003561876,0.0003953795114138638,3.4085015143655945e-05,0.07208637057830485,0.09176187837877796,0.003284688409345737,0.0007067965932643423,0.008602053734645603,0.017081999052746794,0.005565444652125326,0.0030544352920953022,0.007110683815290563,0.022210725936400083,0.006782587483952338,0.0025907613771072135
441.74028710291526,0.004040230316847835,0.045067046265889824,0.0006869834124710789,0.00046914583363831395,0.008581352937802168,0.037831029531153276,0.00029228072489406303,0.00024612648542146756,0.10035730745016615,0.08425353969961462,0.0022402633266825045,0.0020284051712241347,0.0073542066322792995,0.015954373614897495,0.005455108126440315,0.003021955267245114,0.007466160398956412,0.021789138680339944,0.0067806507317746635,0.002589777173259942
441.54525827858726,0.0040098655304008106,0.04511270583422534,0.000680404477571819,0.0004650075360091955,0.01925575213685441,0.04069401980200932,0.0004973240052040702,0.00021405408440765324,0.09940886910913561,0.07694518891953231,0.004223782725414147,0.0019733993717459992,0.008648298352129115,0.01806939280735919,0.005478753203866388,0.003143358672821155,0.007513295846667146,0.02272812279785862,0.006776570164612428,0.002588491120255477
441.350401589144,0.003936087675473767,0.0449099732740724,0.0006808611847642437,0.0004705727861374075,0.022865235207551748,0.03359049065062806,0.00018231007622380484,0.00015340240875051883,0.09397934279290339,0.10388951841331075,0.0015967711759759173,0.0016707083582553051,0.00510645021684372,0.01651834002671958,0.005587239297100616,0.003111416324966945,0.006971458983522944,0.022179389448053567,0.006776619274251497,0.0025882623019332167
441.1557168067932,0.003789943373087841,0.045050395256615826,0.0006858807211551361,0.0004671247978053048,0.020113944293814384,0.02388607548990772,0.00039449550723744613,0.0003161534074099744,0.10955568634777003,0.1376043484506088,0.003290930506333843,0.002611113656342636,0.008318416503552412,0.015550811304322606,0.005553266996060569,0.0030768963275631415,0.007508723055107325,0.022106173921844226,0.006772414529712478,0.0025872641095459068
440.9612037041447,0.004163516224443843,0.045130543704269666,0.0006832350795002336,0.00047299471917219187,0.009373512952709776,0.026615303201297638,0.00041484838592857165,4.368031633460314e-05,0.11866652950811224,0.135307995566113,0.0035977514001537957,0.00047976359980977164,0.006589703587912227,0.018290727576007675,0.005687757183782514,0.003065257653220426,0.007083591900888762,0.022033294282753402,0.00677023276338729,0.002585877173524335
440.76686205420896,0.0039846233371443685,0.04479040430991456,0.0006844857398789757,0.00046846603550554914,0.009799924531641671,0.03643765250513732,0.00030943573688155783,0.0001673583361882726,0.07367492653326169,0.05789804108791221,0.002446240411280216,0.0012501166052239412,0.00683914037576315,0.015232278628849188,0.005563461805400167,0.00301254208782734,0.007521164904739714,0.02208531932870522,0.006767427761021465,0.0025852368536121834
440.5726916303966,0.0038653289101930168,0.04488396005079552,0.0006835649554510067,0.0004669968531922528,0.012153282555290296,0.03154346783897056,0.0003678465518126836,2.767068819463126e-05,0.02907718709107255,0.04450671216271107,0.002997903800063989,0.0002858237757256745,0.007072290464866962,0.01505448601796962,0.005493377697603983,0.0030582878597269617,0.007162727312169518,0.022471352316240558,0.006766937108744105,0.0025854344699652184
440.37869220651703,0.0038593267041111437,0.04486626586107843,0.0006830312755069979,0.00046863469263133635,0.009485372227866445,0.03798714669063535,0.00030908705389687805,8.182769937565692e-05,0.0955313484869118,0.07681466980524912,0.0024486782754726297,0.00045169117876152316,0.006031112186061196,0.015331820236634193,0.005525230531703286,0.0029795631397107427,0.007480615888011119,0.021961924020116694,0.006760433303669999,0.00258299797607172
440.1848635567782,0.0038922168341008908,0.045002070598412575,0.0006798489202437936,0.00046804284467431736,0.017775800793910782,0.03731614866057882,0.0003173375131926085,0.00012135650127647922,0.06416146316558678,0.0465832767813466,0.0026136429102257097,0.0014194560214617453,0.009065233092486111,0.01642268018671714,0.005481224295384012,0.0030242810920108757,0.007374667034738232,0.022507374534114683,0.006760511724352822,0.0025793715629715674
439.99120545578535,0.003793784422748633,0.044934071007166294,0.0006822294951680705,0.00047038235573283727,0.010888361567611913,0.033516989087192056,0.00012659493431271335,0.0002355391612854503,0.04327426034321263,0.04062059476228967,0.0007667304533360468,0.00215513804538767,0.007528170974312814,0.016603324383789208,0.005550748604716812,0.003025674500570171,0.007146686425203213,0.022189459762440314,0.00675787516138317,0.002580692608288739
439.79771767854004,0.003903755524634525,0.04496516776354939,0.0006815167533078384,0.0004674946722264048,0.02058114089388071,0.04435204832120186,0.000283936604724338,0.00016401465262765743,0.13949174375917153,0.11439574451872546,0.002257547858022974,0.0011973427556792487,0.007028376055083178,0.016969923363496304,0.005555228774247831,0.0030206642682128696,0.0071745139319199696,0.022214732583759722,0.006759573130307804,0.0025796641736195807
439.6044000004397,0.0040225322501485335,0.045122021224580144,0.0006819005539399698,0.00046506551121080586,0.02750964949628648,0.034913075940805255,0.0002777489033208224,0.00016323365201365668,0.14973372781641534,0.15798114045948322,0.0022729925680407626,0.0012173719002009779,0.007091643533830563,0.016175539964323332,0.005630436720982568,0.0030689971704218606,0.007133581535347867,0.02213859229262799,0.006755518061420895,0.002580967732329172
439.411252197276,0.003966634955852254,0.04492611438460336,0.0006832061526027447,0.0004668657570547239,0.017696619594488643,0.02588755685160917,0.00031684500454789175,0.00010777510549318857,0.0771260977084895,0.10528814374390517,0.002619456604410729,0.000629705640426438,0.007343131509897158,0.017375627217125208,0.005611717532243499,0.003034919797038339,0.0073938191832337305,0.0221824198294335,0.006753432905026566,0.0025763435995268414
439.21827404523503,0.0039088893617424065,0.044798755571574825,0.0006805840822157275,0.00046276720480967545,0.015760338546810183,0.031206249009580724,0.0002848663091774738,0.00012901958386569146,0.01929323157375038,0.04583243772898382,0.00225690552872256,0.0009084723467545851,0.005078111995177122,0.015146946009974358,0.005544928421145257,0.003062977992006951,0.007264685076114023,0.022309558802419513,0.006748936458141532,0.002578137770741778
439.02546532089553,0.003932921747984146,0.04494485933913772,0.0006796092602708299,0.0004645079760526648,0.016919233955866846,0.029674178878555463,0.00031628341233673295,7.581065186396657e-05,0.04099146278696074,0.06769603970328004,0.002579085462595551,0.0002505812381834358,0.0070674104938884975,0.013878344783514136,0.005568273093532958,0.002952048671958996,0.007464111956779627,0.02221347255033708,0.0067483445473206114,0.0025748789768577653
438.8328258012287,0.004013500856576783,0.044749331287447944,0.0006792768461964502,0.0004640549045215767,0.01751918110346589,0.0280933890970066,0.00026183086829238564,0.00018314274517241736,0.057937415465451454,0.08521226171690324,0.001964047037972079,0.0013732247057159465,0.00717999337265834,0.01534679567119568,0.005477106712444337,0.0030135741380788767,0.007118068205003658,0.02231180004661084,0.006744248142241399,0.002575817059080898
438.6403552635966,0.003722667564772246,0.044778101768377085,0.0006796023739480471,0.00046536172896974055,0.01407332996046163,0.023892280115440548,0.0003807679962272064,0.0001225674348704104,0.10591563342020087,0.13239208270573177,0.0031582210402828566,0.0007302820378423712,0.006297023166780776,0.013970465125620848,0.005560812103848705,0.0030008421389942867,0.0071905085593820545,0.02204674062145898,0.006742952349525315,0.0025735062312577882
438.4480534857519,0.004280821817277654,0.045092102506206364,0.0006791414991132416,0.0004650916905587386,0.006379911438036258,0.03551621501926356,0.0002949009926517653,0.00012773652917597809,0.09688698072456178,0.08908957317320051,0.0023184623909077427,0.0009789872991870403,0.010557286187720075,0.013006822505192113,0.005558384004677705,0.0030804914005709027,0.007215623438419321,0.022269759640002364,0.006739546182525233,0.0025725291276048057
438.25592024583705,0.004044968292186504,0.044683608474940496,0.0006816859209653435,0.0004624980085173691,0.018012970164927197,0.033333909585500095,0.000337117143172261,8.112518905236513e-05,0.044933921691435605,0.05000261724260591,0.002763653489823819,0.0005076795271478891,0.010483697246097975,0.018031704281317167,0.005589652088262993,0.0030570480882175085,0.007074176711499051,0.02192094378354098,0.006739568873878107,0.0025708911935881404
438.06395532238287,0.0038907486829262796,0.04476159126104546,0.0006790925571332243,0.00046373047091241386,0.010480900206371865,0.02703390394974024,0.00026112190617174046,0.00012413731697788865,0.08831110777049947,0.10669475941918692,0.0020061305701477286,0.0009482448837927651,0.007728345101081295,0.017613246834209614,0.005524806196907175,0.002998931002956231,0.007369059997743989,0.022048530995656377,0.006735185876033909,0.0025705921646165335
437.87215849430834,0.004174485034627707,0.04473291668877103,0.0006796085018355592,0.00046589085523302134,0.011582341417776452,0.037350043943464376,0.00030948446265000013,0.0001279325666190629,0.07427713865311997,0.05158011912738732,0.002512929837573232,0.0008451187337583756,0.0072080578780796606,0.01754535485392567,0.005567503450516138,0.002989042048844701,0.007122704909746223,0.021962856829328643,0.006734340890572596,0.002569234716301765
437.6805295409191,0.003944605488607083,0.0448003194213091,0.0006772702597054038,0.00046341013345114216,0.015087317426876402,0.03154165274346343,0.00031915538727849427,0.00013932378348305172,0.010954301776340627,0.037479529400466054,0.0025638542754381132,0.000921012447455683,0.006892379495961207,0.015712333368217552,0.005510913635811989,0.002988731867271455,0.0073836194487920835,0.02213438619373684,0.006729211928121626,0.0025695112045299937
437.4890682419073,0.003909503754756414,0.044690540690070335,0.0006800287487846411,0.0004579579759283825,0.011219056608435883,0.03539143297058002,0.00032615833406970246,0.00010357845378416884,0.054614398643542846,0.036347378104506195,0.0026288636383185082,0.0006277055734371976,0.009477344300367011,0.01633736630319544,0.00551237155330683,0.003034233314214272,0.007124294669404352,0.022299826216710415,0.006727803852330031,0.0025680429759912483
437.29777437735027,0.0038448081362524814,0.04478846907184982,0.0006815602634178324,0.0004636074894137276,0.01808149509343178,0.033373465904156616,0.0003093672854003395,0.00013581143237922452,0.04248425776849804,0.04597295285182993,0.002477950565803567,0.0009447390292062045,0.006069670196584363,0.01768374994227262,0.005513892158890294,0.0030357257082359785,0.007120760542246633,0.02206747634192934,0.006726431312448036,0.0025636872353856015
437.1066477277099,0.0038550881634090736,0.0447156339827444,0.0006783998972462383,0.00046153270283093897,0.012071189349327658,0.03066534906173272,0.0003111517445129625,9.208529179959296e-05,0.034756684283415856,0.053264744900551095,0.0024860495910965924,0.0005606045720682761,0.006503953245327676,0.014165293348502967,0.005497293346329215,0.0030785642469553388,0.007339786713015672,0.021859252752542396,0.006725975481482865,0.002567388444027626
436.91568807383146,0.003990867111286884,0.04463546171079893,0.0006799180164794802,0.0004622415476278382,0.015040767597971568,0.034909228384855225,0.0002751731510094706,0.00015927115881191845,0.03305525151194106,0.012323059585939534,0.0021825137785700622,0.0011699742463851515,0.010412620364934852,0.017332740045198976,0.005529961873808617,0.0030378319187084114,0.00728622126406762,0.02208527318016038,0.00671624844694523,0.0025656640116868555
436.7248951969433,0.003790105356535853,0.04465017442247105,0.000678222789527195,0.0004650611528777447,0.01488957079782339,0.029759494676274683,0.00032655781705817296,0.00013633681211138381,0.024699197806693215,0.051793179048890886,0.0026488522436257773,0.0008585187215901063,0.00590897391693101,0.020130806808123153,0.005547900717890278,0.002978177723772977,0.007380783325402651,0.022100416684317885,0.006718395825255451,0.0025686455666702216
436.53426887865567,0.0039047975814515963,0.04460981530910497,0.0006792572196391077,0.0004619414095590706,0.011393330453736259,0.0338100308645791,0.0003156496323910863,0.0001397838059946256,0.038794104587642424,0.033236096983762654,0.0025296480137928616,0.0010232822750488573,0.005787717829719198,0.012962318559097533,0.0055486712271406785,0.003039966535456869,0.007101373162627,0.022208040112891587,0.006714833230219162,0.0025630591716048253
436.34380890095997,0.003921908887487582,0.04461488060890845,0.000678089812932686,0.0004627500186833787,0.014642202797896749,0.034362000159769236,0.00031345630741622273,0.00012560545072840478,0.026846142644438895,0.007797568850234217,0.0025385572846542883,0.0008253112791169022,0.00882802275939109,0.016580442897552634,0.005562656267992561,0.0029749646180083425,0.007296572648009141,0.022145264139929604,0.006718809627063003,0.0025620717677036628
436.1535150462277,0.003865398454200428,0.04458564771840103,0.0006773766113616265,0.0004627520083233558,0.014455236102426605,0.03413446891976455,0.0003103334266632923,0.00015403926973911713,0.024697473475210972,0.004053473210748405,0.0024729445430877665,0.0011080627277245997,0.0054044019389039915,0.016780353795440028,0.005498271096173613,0.003003827132675328,0.00713315634753835,0.022060205473935196,0.00671369433215504,0.0025620825300635337
435.96338709721016,0.003825536955860766,0.04457797907553655,0.0006774362078437921,0.0004637088353395633,0.01793727173780937,0.035027266049474655,0.00031202603958711134,0.000140976087924716,0.04951300412256218,0.04349032428960853,0.002537219499646227,0.0009494215292723298,0.007649299166613768,0.014714624277779255,0.005529217673789753,0.003014235685158086,0.007268345587347209,0.021994004261439028,0.006711251381294677,0.0025643511230273343
435.7734248370371,0.00388724894672352,0.04460549154283647,0.0006784854116500316,0.00046177018957355886,0.018618163262594526,0.028666611213525185,0.00028299470522093244,0.00017043583158511024,0.06159869846725523,0.08586418623365906,0.0022204300735693024,0.0012896994463012777,0.006728888538884868,0.016341343697209864,0.005495091676680774,0.0030299212204474707,0.0071901682304237975,0.021930523004202604,0.00670278859272073,0.002566999942941615
435.58362804921603,0.003950378584511643,0.04453646075442196,0.000677252828103787,0.00046178633471969814,0.010941321058436742,0.029063711960861063,0.00034866870773357336,0.00014977120688837664,0.057527139086630465,0.07700609854422727,0.0028478975691016363,0.0010336676792990073,0.007948273429315051,0.013538331737145049,0.005507833602449075,0.0029982838355357895,0.00727703946808236,0.021975760303520137,0.006698842330307552,0.0025597806639913634
435.39399651763176,0.00392115892872826,0.04450579714138244,0.0006775486202418283,0.0004649468696360515,0.012789049049271386,0.03655228357258304,0.0002508432520782426,0.00012156934283226467,0.0580578626587327,0.03352667199087385,0.0019049064932639196,0.0009219983142039109,0.010390261424512187,0.01845247344116758,0.005481144888441061,0.002984441082479654,0.007252769492341306,0.022097939573824377,0.006697304528578072,0.0025585680173427524
435.2045300265449,0.0038892269372078152,0.04444703472854735,0.0006780034621341766,0.00046113541728074836,0.019339149210990857,0.03501386540916206,0.00030726654792913804,0.000219872193101995,0.06188697332094817,0.058228410740928264,0.0024910346679485177,0.0017235218259275186,0.0064574150560003886,0.01925286126763933,0.005514768458548631,0.002997945938717725,0.007313927850453715,0.02202100610503177,0.006699214156323137,0.0025548481389473855
435.0152283605916,0.0038871919469893445,0.04447815185243467,0.0006766391011428354,0.0004613180176654872,0.0200296967120435,0.02992278019179468,0.0003234688264657627,9.860345565975554e-05,0.0695471044013965,0.08905915914571685,0.0027104347570311538,0.0005319521213998815,0.005037923035268625,0.015046132121151886,0.005554097876583377,0.0030018091655009474,0.0072294371898829046,0.021979716133436807,0.006696448103011229,0.002561398761395874
434.82609130478266,0.003919223527150207,0.04449696315238729,0.0006763882805707632,0.00046029894100785274,0.01696718017408599,0.02479047234479079,0.00022790741192688107,0.0002523901697068314,0.08347789972037965,0.11270759658558174,0.001762245524686072,0.002116471501735527,0.007538219035342549,0.015439185908020302,0.005540428387791447,0.0030336258702032353,0.0072312638718393055,0.02203499864322379,0.006688071856103735,0.002556874234679684
434.6371186445025,0.003889802811630149,0.04445549717500026,0.0006758752269511816,0.0004599227047202149,0.009466506335011976,0.028142645458159768,0.0004120899672470716,0.00020575635681517162,0.0825692768377736,0.0988197701207442,0.003469637731183672,0.0015367913746938313,0.005505178147772968,0.018468633849100254,0.005524845669655714,0.0029610961700788124,0.007233932613062079,0.022059490138487146,0.006692478248738545,0.0025514958785373947
434.44831016550836,0.003918576395356717,0.0444249072481557,0.0006774585573504161,0.00045869389342782015,0.01136101822515453,0.03497424235945543,0.00028796495441384595,9.228819964692805e-05,0.050250889196208695,0.03471032097203108,0.002290946094871607,0.0007021301823283679,0.0032491644302286293,0.013876597623599517,0.005520291795582962,0.003023997621596239,0.007342342544628934,0.021905814872262012,0.006691856784511701,0.0025597776442383997
434.25966565392974,0.0039042832254598853,0.044326378012075646,0.0006748534000506007,0.00046218447422579994,0.014621665464033297,0.03209375771019138,0.00029520389108583897,0.0001858239746433399,0.0053752513600304475,0.031106899215212536,0.0023322114410102663,0.0014367988621910687,0.008980415775269701,0.012877130989136664,0.005461763014196944,0.002996895976427312,0.00735972961266645,0.022039039222110313,0.006678478873033758,0.002553355473164057
434.0711848962674,0.0038510285189289504,0.04444268820160695,0.0006765437210344326,0.0004601710328172956,0.011292459152991673,0.03174248235958365,0.0003132706674297015,0.00011588623291998139,0.0343104714935658,0.042499612860307276,0.0025579595497610525,0.0006811167748836184,0.007009369290605842,0.016535682503752844,0.005523793665292283,0.002946901614944339,0.00709862968026605,0.022038642982032057,0.006683844405876673,0.002546863831900446
433.88286767939263,0.003803651195424396,0.044227120436807245,0.0006741109465340182,0.0004601595852016192,0.015266217653400678,0.03515397653206156,0.0002931536000052205,0.00017739290593302227,0.03537047288539966,0.014480216741622157,0.002384533516604636,0.001278406143653513,0.0075809246179511965,0.013727018728250726,0.0055575107108827085,0.0029331201411652583,0.007248486618993215,0.02196377828253747,0.006681408285841702,0.0025526341968432954
433.6947137905465,0.003951440350906513,0.04438005586080104,0.0006757942023737369,0.0004597066627347263,0.015515030315457432,0.029126490099145818,0.00031842039412000814,0.00012113877034222603,0.03366293059674,0.061655119325754085,0.002558488826853673,0.0007661739795314309,0.010627283724591258,0.01851152111185422,0.005479075417740866,0.0029803472941179075,0.007078302237115784,0.021872000342991908,0.006679869274091083,0.0025502464772840295
433.50672301733863,0.003906029779019513,0.04439891939749835,0.0006736589824107779,0.0004603542945049084,0.011194429372522935,0.0320474697039419,0.0003296950248636089,0.0001774418743328024,0.03893667019407635,0.04372785220120335,0.00268219035982416,0.0013511400974546093,0.004777189336248084,0.01870218641419369,0.005489084044183575,0.003032424385768813,0.007235883240963721,0.02189065121815233,0.0066781804791368575,0.002550167035405347
433.318895147747,0.0038465347181620936,0.0444157258305693,0.0006738891753562657,0.0004604170692994279,0.015321397755258322,0.033879364393076865,0.0003720014227189639,8.35073576382258e-05,0.02167184240372382,0.014282747684484629,0.003102693882820068,0.0005064606324442412,0.003970348028271164,0.01350789552270985,0.0054906499216632616,0.003004648869364723,0.007044304239842377,0.021845790854010665,0.006673888430889308,0.0025481159305225914
433.131229970117,0.00401756901496989,0.0442360686913586,0.000672981651202381,0.00045908766921958833,0.013744265190182202,0.03232423311312759,0.0002839949465060821,8.96498030248348e-05,0.005434892712542496,0.02731372632204153,0.0022740689515385296,0.0006175639945347666,0.009055429424413673,0.01087464804042079,0.00550331801689523,0.003025625624330393,0.007211988747839737,0.021881756238065236,0.006668867652256137,0.0025467226149095395
432.9437272731603,0.003781709008957017,0.04441506406786663,0.0006741841372771946,0.00045918623605694964,0.01563712268100742,0.03429194306298045,0.00028159485234792366,7.845303101672633e-05,0.029933378272477856,0.022256097307950074,0.0022680886584403783,0.0004521241952598705,0.012187807071457678,0.01467438078755849,0.005512211049688727,0.0029600570392052847,0.007147915399511614,0.021914817843858,0.006669557249851639,0.002547702244650399
432.75638684595424,0.0038779018789291933,0.04421141793854305,0.0006740323372799672,0.0004590814579070564,0.017432061696901417,0.029785532916692628,0.00028281427258777515,0.00013947980291370075,0.044767934135554195,0.06751015868603898,0.0022632731179661643,0.0009416967258160656,0.009980134762782705,0.018946064663605853,0.0055003946105711046,0.0029789614957948587,0.0072940541062740455,0.021854100757447502,0.0066661828273726015,0.002545898752919216
432.56920847794123,0.003783550825207569,0.04390973851625026,0.0006729376935253664,0.0004600088311734792,0.015314025010983643,0.02808627773777506,0.0003096826497496591,0.00010490468090327538,0.04435263734393414,0.07289050746612752,0.002503161572378584,0.0006219707055912675,0.007186008704508247,0.015655364728858374,0.0054980601397028855,0.0029864118931113813,0.007085111169439866,0.021827457091205905,0.00666451909235009,0.002543469734395948
432.3821919589278,0.003753431027015695,0.04431014477296593,0.0006713471207682751,0.0004582256241862833,0.012639387472995778,0.02677206017407071,0.0003140289073265376,0.00015427160028648872,0.06438496066023408,0.08903628986998442,0.002514735898872317,0.0011182404968868346,0.00807893993724564,0.017256976295328727,0.005492000764093305,0.003015254300718183,0.007266885736480944,0.021866908699966863,0.006662764818521738,0.0025412745214661715
432.19533707908397,0.003951130985429038,0.04379020427070229,0.0006744991101238785,0.0004586880759269202,0.007660722254484057,0.031865917953889496,0.0003466232434013877,7.828426696402666e-05,0.07594798672028853,0.08009024061957527,0.002828282798642309,0.0004368035685961321,0.006805787083751532,0.01500221034136751,0.00548585472845343,0.0030332030489782624,0.007123286700525781,0.02179542074453901,0.00665730577240705,0.0025410363572000044
432.0086436289418,0.0031733417377782344,0.04365382358980001,0.0006729552883489433,0.00046145578532427506,0.011501210257045293,0.035327304567506615,0.00030747022248208913,0.00011883715397585827,0.051325573403195546,0.03198064088186139,0.0024849616739369786,0.0008276376567213692,0.01295987443236634,0.017456600909346594,0.005502527991252727,0.003012269725379409,0.0072099504294337495,0.021925898042520583,0.006656446968217595,0.0025446293078815584
431.82211139939557,0.004060527921312422,0.04501290737756479,0.0006677699916074118,0.0004599151749365088,0.012728188613113015,0.03262477976365647,0.0003195742039055207,0.00010034970113655453,0.025458436141369768,0.01683087916212539,0.0025338976658165454,0.0005827979906606507,0.01295663937109069,0.025839243660750414,0.005438965571816199,0.002953168877684685,0.007181355212394078,0.02180932108241166,0.006658632120390163,0.0025343300968134687
431.6357401817005,0.003858351747144839,0.04448533148939896,0.0006730634316079804,0.00045231119819693136,0.01372413854118455,0.035680650707079306,0.0003223889949000291,0.00010777141881264133,0.05133105304121314,0.025091538539473362,0.0026299922371195174,0.0006001189282537292,0.004092985064718885,0.020765847796607145,0.005471274717381065,0.002913500430297441,0.007107776428651727,0.021867839252781286,0.006641262389294308,0.0025339651950324125
431.449529767472,0.0037527029849660325,0.04415318145350382,0.000673611316448596,0.00046543923325837166,0.01740751580115374,0.03557548306366315,0.0003218515175886347,0.00012012183589620612,0.050702108700274355,0.03698219333232696,0.002653785556185601,0.0007287609020672253,0.003967221519336942,0.01492938845597539,0.005508351626858079,0.0029735431238112316,0.007189677403076982,0.021878889486903804,0.00665240647269809,0.002551682922962268
431.26347994868485,0.004232269934972501,0.04435668143108758,0.0006625257194091888,0.00045855315686559874,0.017631968747695594,0.03281018934794557,0.00031181100242990946,0.00010814816946902599,0.03873473937433259,0.046387840557921084,0.0024886101159834373,0.0006665511670621788,0.004239802165095612,0.015008618785486781,0.005454404859291175,0.0029765080166707304,0.007171410313790222,0.021783796672866732,0.006657200328269316,0.002514576770880538
431.0775905176725,0.003774250990706184,0.04478664424708658,0.0006666023257059149,0.00045639588120226617,0.017346606609179218,0.029860199810064016,0.0003077135739965617,0.00012745135084148973,0.039315662228064235,0.062405454593299235,0.0024698756704271754,0.0008233853947982796,0.0052865454113611805,0.014001479693734472,0.00544319968508716,0.002970086512783473,0.007139208773540727,0.021852397123147665,0.006620821454836417,0.0025351140997224857
430.8918612671263,0.0037182614753698026,0.04421556506884048,0.0006674403411385564,0.0004488393631115203,0.013450160677130566,0.02959425644294953,0.0003209700185375953,0.00013554566649949374,0.029853307948417545,0.05493863630043565,0.002582538028273802,0.0009216329747853742,0.006554799733118026,0.013592059809275843,0.005449745683052738,0.0029867932407209408,0.007162833157066497,0.021836751317927252,0.0066371387988336935,0.0025500244899284404
430.70629199009477,0.003608829413285743,0.04446517443925739,0.0006748168494794415,0.0004513404927462886,0.01389814611855371,0.032717674149765806,0.000311571393773211,0.00012192005494152836,0.009669317807645048,0.017458855708117386,0.0025349633419926706,0.0008226778879430996,0.007646207999981545,0.013875670724771041,0.0054767195739403585,0.0030115275288765124,0.00731856480216387,0.02171159487316695,0.006634661039103104,0.002546451796700533
430.5208824799829,0.003598965593226463,0.04384813237705213,0.0006733752185951149,0.00045226585535062294,0.014446498050766313,0.03156496608795901,0.00032761982044479904,0.00013438374723526478,0.005207371046362559,0.03158250632106141,0.0026699803234547835,0.0008895049370680704,0.00947528356920965,0.01645555467658806,0.005470324960547402,0.002975237897904427,0.007085276097645215,0.02178585906498724,0.006652074815060164,0.002539285949045606
430.33563253055087,0.004003578058930264,0.04421696745091681,0.0006767013357479098,0.0004572462559579095,0.01601027598380818,0.03238815248953912,0.0003176510499253082,0.00012380756908199784,0.02112854528159492,0.030570252406620313,0.0025957191237214834,0.000768616640205467,0.005868668005269106,0.017692928820401663,0.005473587072968262,0.0029435021106022836,0.007241865472377731,0.02169265094356656,0.006639680814453428,0.002527595714771172
430.150541935914,0.0036679696144324586,0.044184821752700984,0.0006735090074066017,0.00045875943638809167,0.016973064273140107,0.028477423127782484,0.0003215777599429818,0.00015145651895162663,0.04838250018922584,0.0752872589133814,0.002640395109508963,0.001045266527219597,0.0058290650476103606,0.012269441283538646,0.005490385323956445,0.0029667541574059045,0.007055556693189038,0.02181992871455655,0.006642897523101755,0.0025328103509963864
429.96561049054174,0.003840898939122439,0.04389122123632581,0.0006739529069220481,0.00045629739101290027,0.012808767920668334,0.029733137436516212,0.0003174131207893742,0.00013287776838332392,0.027175969271719492,0.05160036969423782,0.0025791969129595523,0.0008901335885507179,0.008017728427202723,0.016298165896956873,0.005467080396673283,0.002982845094862017,0.007285258561484196,0.021650249207011273,0.0066322852728512025,0.0025322056672490325
429.78083798925655,0.003948370706812723,0.04414386953631613,0.0006697539834454282,0.0004568701194939189,0.01498314901256072,0.028927689708665456,0.00030053001885565496,0.00016145322455389947,0.03370399696392445,0.06123706400136303,0.002440362391828179,0.001186902130596143,0.005833792985306649,0.014101208313765882,0.005495152055061387,0.0029904601945829465,0.007117173647773065,0.021855598198464204,0.00663470364772214,0.00253746092842158
429.5962242272338,0.0037207859645703467,0.043976042447838946,0.0006716680361806847,0.0004562367385183963,0.010408575713233576,0.02914317399879664,0.000339042871490252,0.00012426428583941362,0.054778795137462866,0.07165284387340304,0.002770748753633394,0.0007995081320194182,0.0097099690763925,0.015251110183033214,0.005461588351248086,0.002970167796016678,0.00739593306913232,0.021536506057980073,0.00662442058382747,0.002531628211312357
429.41176900000005,0.0037754674720339256,0.04397358838953328,0.0006702472593579263,0.0004542169039168322,0.011965534195192699,0.0316347164918018,0.00029230732907781676,0.00014685291132212898,0.02599125129660446,0.03500831171043745,0.0023214609390111054,0.0010532314053330793,0.006268293848801947,0.017300275332512233,0.005449437495969011,0.0029252084171336856,0.007162274973246984,0.02152381306594544,0.0066283152855366265,0.0025275009661270714
429.2274721034335,0.003821394964086316,0.043915080917695276,0.0006720709037851833,0.0004537776559193029,0.00923784856839109,0.0323619519835952,0.0003293364372485454,0.00011844447362492623,0.05626958922840861,0.05734554231254206,0.002673779587457275,0.0007199373219096769,0.007356381473224839,0.014022516231506472,0.005447710221101063,0.002909820215055525,0.0071489235561083015,0.021602550159266914,0.0066228511605816425,0.002527599530142316
429.04333333376235,0.0038075985870489747,0.04394536713271683,0.0006616041317029539,0.0004517392686019578,0.01541946927469432,0.03744817445624582,0.00029116477393602763,0.00013840654635335312,0.06728011927613096,0.040398938434923794,0.002321224317964065,0.0009540577605164196,0.00846397185786977,0.017413557724375917,0.005453505050329702,0.0029427341794803033,0.0068589350134861575,0.02155104056792281,0.006624134800075982,0.0025279532873605645
428.8593524875644,0.003709696919861106,0.043902274741126256,0.0006672830393374084,0.00046051986012657223,0.017781652872810916,0.030062867448134967,0.0003123844621417602,0.00016329351092181574,0.04485024023315457,0.06589297206894948,0.002550114078807609,0.001064613806849302,0.005810679715500163,0.016427908131484485,0.005463004579495988,0.0028662843465184543,0.007038868061478726,0.0215715944042667,0.006615069728330977,0.0025250856539589073
428.67552936176605,0.003678533168602725,0.04364422928342451,0.0006617596267482556,0.00045388860049992675,0.01282283079207161,0.030796161947665202,0.00028887873955039326,0.00012981859660474631,0.01790131998195944,0.03907220187323885,0.002382351864893238,0.0008561489827276878,0.0064176930547718974,0.015670127465658542,0.005560469329030577,0.0029226981883617793,0.007025559720647287,0.021750234944995648,0.006627510281171502,0.002521021120409222
428.4918637536419,0.0037823460664227443,0.04362275422973275,0.0006766962224243508,0.00045306303185386066,0.014910829327501816,0.029787941574013866,0.00029581646821252036,0.00016237598923579384,0.02326977751774983,0.05146471814076971,0.002355372762490375,0.0012256968867123492,0.006011493221077103,0.014318815063818184,0.0054336132147176095,0.0030202556033111696,0.007305900665928608,0.021643975325824894,0.006613321411380798,0.00253239784022385
428.30835546081374,0.004018253894231431,0.043566778083755364,0.0006676227017036238,0.0004498199950813665,0.009759711733292306,0.03131648109354887,0.000338320201949669,0.00011714454851879674,0.049286311971614254,0.05568619128744722,0.0027880684979492993,0.0005946561764613987,0.00819271020287203,0.015723646809037477,0.005484109137368772,0.0027968148398006347,0.007041224286020196,0.021434008096316057,0.006612093696917211,0.0025136493612903403
428.1250042812501,0.003964839286303775,0.044078013628943036,0.0006667218986423981,0.0004548149734717058,0.01496557182225204,0.03370426042402895,0.0002409499776429627,0.000129161136949197,0.028108220508105138,0.0126197023191263,0.001955247880894055,0.0010972105940527214,0.007150240545548586,0.017333754635785865,0.005562495923729928,0.0030536253538653024,0.007178749383914609,0.021434870416302074,0.006620695276563298,0.002525371469870518
427.94181001326496,0.0035145276682433074,0.043504955884666525,0.0006666078458719516,0.0004563828780380506,0.012877280188251882,0.029746579765207525,0.00030407809301079964,0.00015032678949222696,0.025169251001441878,0.04975528353221178,0.0024399651252349766,0.0010788674303693834,0.006637598382363044,0.016859770703420155,0.005446368544881597,0.002977140970304039,0.0070292708140246565,0.021973462410450808,0.0066108287384872896,0.0025267512968268515
427.7587724555176,0.004287555774446195,0.04375008133741039,0.0006665825643489352,0.0004567263043897111,0.013669112365027691,0.03454816305988079,0.0002764057972198501,0.00010355221994012238,0.03555298966862793,0.008635223118590449,0.0022715802993312274,0.0007408806454234231,0.0066915035209363675,0.016487793808713434,0.005531467203461867,0.0030669080674364008,0.007206182372138359,0.02132843033354194,0.006607038749184347,0.0025317410543579705
427.57589140701157,0.003268145583030333,0.04373274047572412,0.0006692056171040691,0.00045435981083956096,0.01599293552939764,0.030162968311255017,0.0003053099737190314,0.00014327399126703668,0.02592182451115184,0.04976196499067025,0.0023570990670526587,0.0010340743420100657,0.006493875999639407,0.0166188267693409,0.0053151693759282154,0.0030062535398197327,0.007538677312674806,0.02139591980300878,0.006600697427100029,0.002520375059018498
427.393166667094,0.004125016331876642,0.04286586745407772,0.0006663545759881034,0.00045320425812257276,0.012081604608109787,0.03167282810135745,0.0002829823956534196,0.00013348748485501893,0.02399757031002099,0.03432580121745185,0.0021762656435899566,0.0009559022288897408,0.005291615022298205,0.017048354826886776,0.00536633066052405,0.0029741686602864316,0.007131146913582271,0.020781817005357608,0.0066027981276735835,0.002526338126880698
427.210598035455,0.004079888653246071,0.04355991488213776,0.0006703390907217727,0.0004523128417815756,0.01486804064270318,0.03155114648107528,0.000296114046983651,0.00011857320265341718,0.00940122650831253,0.03192594592066283,0.002304166680348457,0.0007927066664277463,0.007220000803813632,0.013730373060948771,0.005362215693606466,0.002951406207475547,0.0066920711664605545,0.02159546753096428,0.006593874842332276,0.002516444689219289
427.0281853121265,0.004441978612050361,0.042871478004121534,0.0006675240791807345,0.00045421047748506654,0.011244862235787457,0.031396587052361535,0.00029114535972671085,0.0001238598024150287,0.03071328194853855,0.040769191430771734,0.0023587971356989652,0.0008379790694947467,0.008795483047834422,0.01566849457661352,0.005466376475642563,0.0029349162688941475,0.006730820291579323,0.021520910036914673,0.00659675686135238,0.00252195623289819
426.8459282974819,0.0052260004479319595,0.04461778805425701,0.0006689673659669715,0.00045564576350495063,0.01477026365810116,0.03364747264613897,0.0002761450541641619,0.00013818017625506193,0.02691606957745896,0.010740569876601665,0.0021750952027626623,0.0009512535332396857,0.007287762390915161,0.017039838016851466,0.0054101738215433315,0.0029292364068824904,0.00690171177681215,0.021952362271427245,0.0065864211423256646,0.0025172808887520388
426.6638267922355,0.0034848844765522423,0.042679573769092094,0.000665340321352336,0.00045634354164767046,0.013876167208990804,0.03093437132366493,0.00031049709533760626,0.00014300255568276064,0.008422396574842506,0.03389901037611058,0.0025211304390106346,0.0009744249794342868,0.005516012668797368,0.017360630695220047,0.005439736877245749,0.0029470354415785435,0.00742708948717188,0.021653836233735645,0.006593052619199911,0.0025184381383627297
426.4818805974415,0.0020232930763242375,0.04359018247993542,0.0006662959446717454,0.000453634235490347,0.01569763516027578,0.033418115029787615,0.00029796594634094286,0.00011861832876813596,0.025369425505087365,0.01831697962232944,0.0023401991108643657,0.0007952636323445722,0.004074436187213773,0.01610272626354974,0.005354920042027732,0.0029828629286504506,0.007143920747926881,0.021361408983102775,0.006578902200912667,0.0025170955918400245
426.3000895144928,0.0043877162723715436,0.04420757148055596,0.0006658485649723365,0.0004536272171837189,0.01578012150410444,0.029018022061383052,0.0003155503038780462,0.00011642321183809574,0.03417449126364012,0.06119140305213786,0.0025288249520231958,0.0007408791985982962,0.00611647227176588,0.013257584754322229,0.005375628837087774,0.002972203730523853,0.007114196300845145,0.0215355510093651,0.006589483522379634,0.0025187928758328517
426.1184533451215,0.0035827508287212544,0.044315337688219734,0.0006664296326392639,0.00045441241677547986,0.012622530807502225,0.031541057887216555,0.00030056692129074334,0.00013000424896155512,0.016375783668660698,0.028786976069056336,0.0023892564597540926,0.0008534677227793973,0.007396470271895312,0.015622360304643063,0.0053925992682692615,0.0029291030775954164,0.007178750997924884,0.02154132337654134,0.006578314452476061,0.002511963940601703
425.936971891397,0.003704172051129526,0.04394548019526477,0.0006662670056722681,0.00045294383646851146,0.015851571029535536,0.029653001712249945,0.00032270300235113066,0.0001084001836902249,0.029456036957500376,0.05477275990544029,0.002593197008569794,0.0006694982972681879,0.007125387943008022,0.014715914589184028,0.0053858863849498215,0.0029667343947884107,0.007048541779305261,0.021445871572631326,0.006576356855685544,0.0025097193990721123
425.75564495572587,0.0037290553002994635,0.04351293196532228,0.0006672536809675783,0.0004563081736598975,0.010783068429109949,0.029823010739217788,0.0003088236905720625,0.00013727749403390495,0.042628423422455874,0.057698175323016535,0.002478666836316001,0.0009132160533301606,0.00862478934411329,0.016206436868529947,0.005399520764856299,0.0029197487765772116,0.007098633929746091,0.021480635001304406,0.006571312595260904,0.002522196064257163
425.5744723408512,0.0037766370632099336,0.04369807266133939,0.0006633303397329842,0.00045355776947030144,0.013806479018201505,0.03201255426100043,0.000324513893889622,0.0001223414155881574,0.007537626059953899,0.019730144194257802,0.002626670202837986,0.000800270011894819,0.0066262857256017185,0.017016987319830458,0.005417511650780435,0.002946932486319819,0.0069981709159072465,0.021389363224350953,0.006583369078379492,0.002503524209184663
425.3934538498512,0.003676330416017304,0.04357058585665962,0.0006692577531537673,0.00045477845182325055,0.01128928862291771,0.030629158487308804,0.00028341899837423275,0.00014013508318632198,0.03313463101127409,0.04514780955330632,0.0022304185497247246,0.0009720979988992584,0.0065433729895329066,0.016754694893035632,0.005362418542556157,0.00294081414735654,0.007219382233679189,0.02159781956517533,0.006556382583726063,0.002515094246963805
425.2125892861395,0.0041676651379295975,0.04350792144313159,0.000661765374964636,0.00045725599469696553,0.014988218569531872,0.03411496964232001,0.0003029392175020153,0.00010853401501620596,0.03342148299294544,0.012079130794814864,0.0024256115101428466,0.0006585193619877562,0.005228146462282586,0.016700608271285982,0.005384363864737161,0.0029541833951744383,0.007264770517080792,0.021345253853099596,0.006557885023188657,0.002517050630728592
425.0318784534637,0.004018878399831356,0.04386408503125264,0.0006646671325876689,0.00045063519226554453,0.01464846129431937,0.028864982137544463,0.00030260420931953815,0.00013503866155187326,0.03003039970301579,0.058335527553962756,0.0024031976836896654,0.0009636326893645657,0.007551167519467358,0.014266733555740475,0.00537989073808958,0.0030176505036409243,0.0071689328679121755,0.021201382395224403,0.006568696437070678,0.0025382752149229635
424.85132115590494,0.0038128464233643474,0.043629849248645755,0.0006664616189824902,0.0004526448183901731,0.011949871258638606,0.03261784491816407,0.00031054583615384545,0.00011367083757277077,0.027434237784241606,0.025130383301118803,0.0024978961867517975,0.0008291538032800654,0.00753270564389665,0.015884676172361334,0.005416266586441813,0.003052903861981837,0.006790644262554567,0.02134912101853995,0.0065984185604011005,0.0024945821395685845
424.6709171978769,0.0038760970339663577,0.043691951086787736,0.0006675611688187821,0.00045523550632300616,0.015136875971086771,0.031135803260446456,0.0003233642721240758,0.0001359667831293509,0.01434273203006622,0.03685715469111593,0.002589273603684481,0.000926752201544602,0.0072654599579484785,0.012970499564625489,0.005347004448659397,0.00294196538029831,0.007065010040261586,0.021489631376315255,0.006554318956020525,0.0024905272040883553
424.4906663841257,0.004252896813933211,0.043491941417780955,0.0006681093810193839,0.00045423699734018153,0.012378994901129758,0.03145536348307077,0.0002970695838723503,0.0001223275248413379,0.01688767219587573,0.028517956757365192,0.00239725161726578,0.0008526301699958033,0.008546463086599905,0.01654399132294881,0.005394379789185431,0.0029844078312032795,0.007000490918716391,0.021292901956016956,0.006551119186800708,0.002502113904536585
424.3105685197285,0.003734605940980771,0.04330589899346247,0.0006650104557838622,0.00045241908525811656,0.015345798657140074,0.03064224799864373,0.0003164366326033772,0.00014849676547796725,0.01629504639041644,0.04167276067211877,0.0025986309313408475,0.0010383267372876975,0.005906587698184337,0.014375109188574915,0.005407118303719073,0.002958923898640721,0.006916908711799201,0.0213655436992525,0.006542804654438596,0.002510233011623291
424.1306234100934,0.00361555692945516,0.043467790270038054,0.0006653120604537422,0.000453754965006486,0.011471542913873525,0.029815685420844586,0.00028044914929079544,0.00013261211419217175,0.033998305200756175,0.05252729628224424,0.002176180164916034,0.0009584085086612183,0.009078115858010646,0.01598140868478838,0.005350073642388779,0.0029813931094857175,0.006959057756240807,0.021225161239347718,0.006560914430987011,0.002513300200959868
423.9508308609581,0.003768854331806807,0.043662221305222584,0.0006621095646473418,0.0004518603747092208,0.013811205187722416,0.032091596800283215,0.00032696038412310854,0.00012900624809761,0.010746290584387674,0.017186284823519738,0.00268831509003013,0.0008277578623840839,0.004901858901447995,0.01751218169107599,0.005429578535732856,0.0029184107133629167,0.006877431884468647,0.021282749196846435,0.006556693563151875,0.0025028937040472606
423.77119067838987,0.0037681801996087855,0.04336118194627933,0.0006670230035155687,0.00045207827688107614,0.012087964630481205,0.030410395976444883,0.0002949977592968454,0.00012437851886902646,0.024973998086252152,0.04366459117932002,0.0023886367478475343,0.0008762147885953307,0.006596668925475101,0.014873368213814183,0.0054267955381907046,0.0029682474155539457,0.007125270589654295,0.021151947317680827,0.0065563754631419915,0.0025030060856602834
423.5917026687845,0.0032359741761049197,0.043692420648456624,0.0006700777502453955,0.00045128119958006335,0.014073739278322178,0.03370680910881481,0.00031083220270106517,0.00013692080141707467,0.02807541577223634,0.0022837578588138312,0.002597844936627525,0.0009569166366524029,0.006436380504549637,0.01598036031685452,0.005456728700851991,0.002957215850351163,0.006756596774915762,0.021238545994991653,0.006552779266343848,0.002502006655852205
423.4123666388654,0.004157881905177315,0.043785431239498865,0.0006631857683897279,0.0004495025911498602,0.015428466436514675,0.028961809381634,0.00028300925093524435,0.00013635795704871733,0.0294933485797907,0.05781039992754066,0.0022329280427972804,0.0009249084975456887,0.007657388919471849,0.015246346530097417,0.005367252642978271,0.002927711469280171,0.006809663926803555,0.02110565195163436,0.006547434795891095,0.0025056500927541875
423.23318239568357,0.003459844372075349,0.0427873398836916,0.0006667157175283086,0.00044735057286320463,0.011161228859691473,0.030463923174548702,0.0003077812019347937,0.00012272498983416968,0.03425997559397849,0.04798383451997611,0.002456637890679393,0.0008346603200064192,0.008493614938582215,0.016875057589449426,0.005364077532971411,0.00295941091825944,0.00691418545678542,0.021380930911699066,0.00654988348927382,0.0024957628281081423
423.05414974661596,0.0026642925046724735,0.044248251945364456,0.0007057140123757259,0.0004281891924499588,0.012282401673309797,0.030991292033089753,0.00030197312995423236,0.00014762899282043436,0.020851740442625083,0.034759054271580984,0.0024549111241490285,0.001050853182826127,0.0070865140917221806,0.015018281301211304,0.005352324305212759,0.0029222875913800087,0.006744778021752828,0.02136280028671051,0.0065459662837960494,0.0025033985486617684
422.8752684993658,0.00443681418756885,0.044960058402169774,0.0006642182958428405,0.0004510022453148374,0.010691699652690935,0.03311462406860372,0.00028567952615326234,0.00010739555325856298,0.04461513716950789,0.03579517681378591,0.002290785105650098,0.0007761412297483398,0.007883078480042214,0.01791952540220761,0.005405103732356557,0.0029848288826990793,0.006851592453811416,0.02052412648735629,0.006540974815758775,0.002491644640637524
422.69653846196115,0.02689292312192392,0.03822146229888037,0.000662114695017572,0.00045271035902017296,0.013247473581842709,0.03511184768444094,0.00031020093663140975,0.0001282205260253485,0.03373536571015552,0.014749689987764084,0.0025161636629615716,0.000860014651535639,0.005546011265912206,0.016373045842570107,0.0053930604326517095,0.002935783668583293,0.00711055053787585,0.021473600746046595,0.006546566297891866,0.0025005814308857307
422.51795944275466,0.0051014507679730545,0.04504319950272274,0.0006598169961102193,0.00045503602265830896,0.013205715558150529,0.031440055667286075,0.00028628686650676675,0.00010407590705931412,0.007701294953141785,0.02439975842577956,0.0022792534301430706,0.0006842234626669877,0.007502380611077005,0.015129682249227085,0.005373084377750607,0.0029901196607843806,0.006867286143334961,0.02084537646416876,0.006529120890768086,0.0024988181853887272
422.3395312504224,0.005175345663657596,0.04294096479475676,0.0006589918361899973,0.0004431927472652035,0.01544194817768279,0.033910861037029776,0.00031009894974199406,0.0001467905870255769,0.032863078195804744,0.018352496161122476,0.0025254499768027315,0.0010847193219644684,0.005533147515176412,0.01574949764512837,0.0054015609462670965,0.0029527489090881566,0.007086549619160132,0.021350270509983633,0.00654616924126274,0.0024855367425334466
422.1612536939638,0.0037014823586917264,0.04279126020733103,0.0006678582049441404,0.00044616857004917246,0.015548046811266831,0.02968071736877582,0.000269319708151266,0.000104602458944979,0.026551332596108777,0.051178420901310515,0.002095465441103853,0.0007440974005994042,0.007717484658803244,0.014775647844696193,0.00533627494818606,0.0029786748352240615,0.006497255032552084,0.0207367488252359,0.006539822456315521,0.0024988649535324873
421.9831265827005,0.004205138827501866,0.0438900601178559,0.000661683831146391,0.0004494870305687271,0.01276486655512373,0.03225740444305127,0.0002974446508117867,0.00012208874830379373,0.01794732768782963,0.016371638050485034,0.0023967946111437474,0.000822550872894627,0.008277062064836138,0.01599564901952179,0.005394956064440543,0.0029411945641645916,0.007012375779627302,0.021463838733918928,0.0065403303790195905,0.0024899495717446624
421.8051497262759,0.004326898293069932,0.04297314987336735,0.0006647080331675717,0.00045043189802618667,0.016240693381711035,0.03065362649280093,0.0003034368095537898,0.00011799874330907429,0.028951215922775504,0.04629309489533077,0.0024275440324294933,0.0007257441930381801,0.008949055348135304,0.016763371082860908,0.005353689480475237,0.0029189522198166296,0.0063244768965159265,0.020848653390214557,0.006536753908105976,0.0025019233715517144
421.6273229346544,0.003975644456047595,0.04338273403049061,0.0006594587163451484,0.0004512671098957467,0.012258701416279001,0.029723987050240475,0.000311845084824676,0.00012415076938684192,0.02509655234033578,0.04574197893628867,0.002523430681778645,0.0008141497846936959,0.00895528648458966,0.016218105577269746,0.005382140603675169,0.002934034572630456,0.006736955033603832,0.021459492005121587,0.006533779303678543,0.00249495589970574
421.4496460181206,0.004157675072223855,0.043171081981764226,0.0006598433268855695,0.000448385687697256,0.014587761752505009,0.03201218523571979,0.0002789706862613266,0.00013748024586851334,0.012666460594008336,0.02146175067116704,0.0021690446131624364,0.000976544706494776,0.007704652532766422,0.01600434685763605,0.005322805128108587,0.002934038682315854,0.0069451985304788385,0.0211036728627251,0.006523759803178885,0.0024966579273711566
421.2721187872789,0.004057473835154884,0.04304538164496455,0.0006598446523850712,0.0004506729058925086,0.013992665403684513,0.029320587152987545,0.0003092340523551684,0.00011479043888835782,0.022490294917698595,0.04817155970222674,0.002508493366576199,0.0007133777451741888,0.0073983895984887985,0.016266480227825297,0.005378285599576887,0.0029205650718843556,0.0065639876745567155,0.021498222474163487,0.006523714431868433,0.0024864813415696766
421.09474105305264,0.0036998640874930933,0.04303360052874463,0.00065849693792312,0.0004474837551220192,0.013991319663258088,0.03052249738117429,0.00028081141499424893,0.00015838394754788337,0.007462450150311658,0.034079910913299774,0.0022298315690517157,0.0011847278346527178,0.005961907575741762,0.017146724961888328,0.00537456175276331,0.0029516482377387196,0.0071192370408895,0.020851426434094524,0.006518778463072193,0.00249852777291797
420.9175126266836,0.003610572182382825,0.043392465413272296,0.0006599651885572992,0.00044864722083181463,0.012686160478605943,0.02809571042713595,0.0003011468941800073,9.365089817779866e-05,0.041309058992880746,0.06462134989049304,0.0023862481283939874,0.0005428254693468344,0.006945304951711648,0.015031865387112195,0.005330077267895841,0.0029100298261760635,0.00632548474433033,0.021091584123753917,0.006515906561992589,0.002490120795017373
420.7404333197308,0.0038678012439136984,0.04332454495409547,0.0006612068792176377,0.0004489631619977107,0.010389179891220417,0.03259423715551122,0.00032002210711523687,0.00012045700006014002,0.045107566370473084,0.03979420702917073,0.002559486261699541,0.00081570765571296,0.006092065839960975,0.017420430013499404,0.0053181372532325,0.0029600532940722924,0.007123828088517026,0.021038659232161416,0.006512614962958439,0.00249809039673422
420.5635029440707,0.0036506909317119097,0.04318043907274038,0.0006598191623914462,0.0004519175260087021,0.01449013084536704,0.03216445198242181,0.00031845516711235237,0.00010150241479845144,0.011526583052479573,0.019280078940223325,0.002585455949679807,0.0006180127169795845,0.006200090811592073,0.014580756178949366,0.005352568074910846,0.0029398583069220764,0.006301452012064641,0.02121175337701322,0.0065110944819700926,0.002487069952686484
420.38672131189577,0.003841888276730475,0.04330484906423893,0.0006568126408563968,0.0004484008055626896,0.012313565403395725,0.030728881672970464,0.00030769997361548634,0.00014235404473688265,0.017985479317067177,0.03544826286929365,0.002478146115030704,0.001036680117604482,0.007949837780056227,0.01429365307845701,0.005362334529851051,0.002968634782624549,0.007196168767295421,0.02079035088004352,0.006518529995903441,0.002481968256483088
420.2100882357144,0.0039461856176718135,0.04333103379003983,0.0006588277406979412,0.0004472460540286302,0.013021051448867074,0.03204297322635506,0.0002819240099105598,0.00011069851421625332,0.014446973860473493,0.017551885756500168,0.002241452258002724,0.0007640625296473608,0.007768900896295069,0.016038015648790236,0.0053499850908562485,0.002942407504656115,0.006304623687862751,0.020932402291682688,0.006504405490770128,0.002493418522974664
420.0336035283495,0.00396081902619792,0.04325662959855402,0.0006591025463985837,0.0004472187456025177,0.013216013608351562,0.03173884809961001,0.0003187480703352554,0.00012097669060267258,0.010389492431898158,0.02098587558335233,0.0025971513331062086,0.0008024790120505684,0.0074937058579679725,0.014893435035713805,0.005369059049842889,0.0029468724473193488,0.006971703723609649,0.020855731209447167,0.006507865585328946,0.0024908567040382557
419.8572670029388,0.003771231990355221,0.043161629314625256,0.0006587693562676495,0.00045049001566458097,0.01436727095881808,0.031609527790088236,0.00029105186075825066,0.00012233930102448375,0.007961855566401525,0.022714037556521568,0.002319748782615118,0.0008150189010712359,0.007167700041725081,0.0157114020109871,0.005343462473549738,0.0029152608654627542,0.006703481638921395,0.021116575846660938,0.0065051813066247625,0.0024778998830457502
419.68107847293334,0.0037941049610163103,0.043230939820909156,0.0006570967588845305,0.00044585292966281255,0.013181249968590304,0.030447345580408115,0.0003101028173596992,0.00012478621147651799,0.010503761677866858,0.03514119491427372,0.0025212264371024425,0.0008084777027520069,0.008118692667738766,0.014803747736111764,0.005354206978916842,0.00291794055732808,0.00680010491728559,0.02092059183334645,0.006483206668412505,0.0025030912164095307
419.50503775209734,0.0037518126857547605,0.04327037651598771,0.0006618629007500727,0.0004489610028849386,0.013139662213329057,0.03095863658603892,0.0003023449072206858,0.00011534508776898848,0.007399037323676312,0.027620591329608743,0.0023994302207063917,0.0007655760553074672,0.00836437790482939,0.016461865094973858,0.00530057687867548,0.0029446420010368016,0.006367387006604866,0.02101406101109137,0.006489305821048585,0.0024840709461388813
419.32914465450745,0.003920164105541478,0.043224291031880344,0.0006606833277892412,0.0004538074304010318,0.012267787514770803,0.030951461961058076,0.0003269790918525123,0.00013005837723684236,0.018169225021170007,0.03149716870005898,0.002705102099209138,0.0008934526111872003,0.007386120846831306,0.016039555565155038,0.005397510087686889,0.002953090387206275,0.006684759706575642,0.02097462267853898,0.006515686126490133,0.0024864306007025333
419.1533989945516,0.003900559677708953,0.043206884137546725,0.0006541013632545595,0.00044594473565389217,0.013658359270704617,0.03261291216918237,0.00029466631891399917,0.00014326990736438736,0.018502684854250297,0.009322411908371386,0.002373988076317096,0.001037760026540901,0.008894712144136497,0.015780095946869077,0.005384013074802377,0.0029285950292548407,0.006197129032910451,0.02021133665921155,0.006525404967068985,0.002476726942743781
418.9778005869293,0.003862489140909557,0.04316620068748416,0.0006614295316734393,0.0004500399483631536,0.013622878165753045,0.030166055143060425,0.0003058192120885949,0.00011544217727511406,0.009531383525680554,0.03586203865188613,0.0024481782045932305,0.0007677397528999344,0.007087278086972313,0.01703392077662022,0.005300422563216482,0.002916577466623824,0.006663628217367309,0.02078807634040812,0.006473551281555224,0.0024568358470380344
418.80234924664995,0.003851456995678341,0.043101068486314224,0.0006506101008901877,0.0004478625028710088,0.012535433391181136,0.03236761542121831,0.00030837513619010797,0.0001334362691138378,0.022037660100658454,0.017532493404237497,0.0024458351277569287,0.0009307855018211451,0.007391580640985551,0.016546323956173708,0.005304588684269542,0.0029252331478689937,0.0063530647268972605,0.020189687786768627,0.006491187792222275,0.0024666987273228615
418.62704478903316,0.0038603929612975305,0.04312075333618877,0.0006631727896790958,0.0004511930808359244,0.014830548577801687,0.031406378810055154,0.0003118102291524313,0.00012409537248969722,0.011309558228092828,0.026571406434567294,0.0025323566033867966,0.0007815134864238843,0.006021832170660218,0.016608090412533517,0.005324377334445387,0.002869794028729395,0.007188661851286078,0.020501913917356403,0.006478523189686239,0.0024670728856899947
418.45188702970717,0.003853366045399498,0.043126268283118885,0.0006632880703859113,0.0004236168738852002,0.012844326451941387,0.030888576442916576,0.00028455877884799485,0.00016137930127973872,0.01107245182013141,0.02799549829544009,0.0022590809049434046,0.0012330026529857204,0.00774413329081135,0.017606942365970966,0.005326567913795676,0.002928782796565945,0.0064861427789032955,0.020439329066895984,0.006509380402338829,0.002481034205477247
418.276875784609,0.003829594466903722,0.04313720827803305,0.0006414552440561563,0.00045292011639089973,0.014389013779134442,0.03120005804326436,0.0002956246781951119,0.00011218565727793868,0.007109518758078572,0.02659560494986526,0.002332113495204956,0.0007473900585889736,0.008037974198259908,0.015697840880724727,0.005312839106514579,0.002937789169802111,0.005946646205339251,0.021155734673495203,0.006484969984374863,0.0024857618827973686
418.1020108699833,0.0038921954687241808,0.043029401727622985,0.0006541473787906285,0.00044592825512463464,0.012058919366185836,0.030288666857837952,0.0003108917531643928,0.00013118248819296663,0.021473051553218804,0.03845947945877987,0.002533193185082034,0.0009183534367255127,0.008813806887031279,0.016882270005835108,0.005368598180861727,0.002937240574776054,0.005927511934760214,0.019908453419546064,0.006491610259012737,0.0024824886537339473
417.92729210238207,0.0038425001842931554,0.04309060530699761,0.0006546206866020077,0.0004407160457798069,0.013508118098227738,0.03368121544640232,0.0002830534170607478,0.00011987375450499819,0.03116335318440426,0.005043676978120551,0.002263143648490486,0.0008630514209118932,0.007414980777848297,0.01617844356806215,0.005334758064915516,0.002953505727881397,0.0056704651562447545,0.02072762402709768,0.006470176534243099,0.002481973243670732
417.7527192986634,0.0038966583893074156,0.04307858942267477,0.0006683794330610631,0.000447566707499994,0.015695352508960238,0.03152176853989181,0.00029487005630685455,0.00011272605765529625,0.023389459769971897,0.033682403663169214,0.0023965337393256846,0.0007274132566737497,0.010011054839458956,0.017607225340223777,0.005333624737795945,0.0029147821849463368,0.0067140966962474895,0.017926740343091174,0.006481159760823775,0.00247009776124116
417.5782922759917,0.0038638759820876453,0.04314923409521835,0.0006553525650235464,0.0004570461054885202,0.014748191140876948,0.03027807061289943,0.0002952127121432312,0.0001224406758914538,0.014551771848323212,0.03762350590951479,0.0023051795154673486,0.0007703628473998212,0.008123163992159984,0.015316454532305002,0.00525370559033997,0.0028925541831221783,0.007264131058270416,0.021539689377524474,0.006472502958405836,0.0024742940151477933
417.40401085183646,0.003779058649331105,0.043049297731019676,0.0006612322294894565,0.00045058841389221356,0.014517598574176878,0.02874046567333209,0.00032198547551247206,0.00013966845173224497,0.026918881195484034,0.05251260113992367,0.002532999583844946,0.0009821747906377685,0.012027317488656979,0.01639277584279687,0.005219576170364204,0.0029390278293087565,0.0023955095344998325,0.021612724967353576,0.006468270470338532,0.002475334384189203
417.2298748439717,0.003849710476471925,0.04302963597507039,0.0006452603832675033,0.00045364640411564333,0.011118633275738622,0.029630247465465998,0.0002977636853880693,0.00013649977530636107,0.035512863331010405,0.050700466226429805,0.0023848089435633494,0.0009805523407263547,0.011129360585674621,0.02279193558606476,0.005340033353587679,0.00293490597489942,0.008541885899011024,0.014026189846778397,0.006470881739354145,0.002461431668407363
417.0558840704755,0.0038494582085978825,0.042948518536779993,0.000652991650242689,0.0004484791277471891,0.012457556827583531,0.03272790901536561,0.00030720152009548437,0.00011679139735943389,0.026647954964458802,0.01457597039472319,0.0024453789513932287,0.00077842969058818,0.0015639497807554094,0.015404305698902635,0.005306550376320259,0.002931403966432817,0.013972491143328821,0.023633230500857007,0.006476400983656601,0.0024755270603651165
416.8820383497291,0.003771046093784896,0.042922534409689794,0.0006673878284182967,0.0004506383010517571,0.014210518303088221,0.031543539426327406,0.0002856090032463723,0.00012493760304731078,0.007885077867195502,0.02159055048320517,0.002323776973203913,0.0009068694061467147,0.0193596236474982,0.01890203858307781,0.005344288586192643,0.002974598787126377,0.0074077230049083296,0.026846822282471452,0.006456643594804849,0.0024776304723224717
416.70833750041675,0.003813551007788581,0.042972413063496986,0.0006486683027088767,0.0004476716656640521,0.01358624090465462,0.030761649910094915,0.00028993974546962225,0.00012090663079696449,0.0032117418293943017,0.02817297927885881,0.0023448632764424345,0.0007594093512221919,0.01602965168468117,0.032359306758146154,0.005351953350106773,0.0028486899317231784,0.02308774059605087,0.005019860401239107,0.006466686614736904,0.0024497680613109894
416.5347813415244,0.00393238173565697,0.04275370681416801,0.0006568604788541663,0.0004476070209283239,0.01356229326180662,0.031076449390656617,0.00029288486992715465,0.00012278811800120064,0.0021880952237291374,0.025904556334619806,0.0022699476090623375,0.0008051386801241461,0.0031169879643631517,0.01675300739820315,0.005251365660667943,0.002874948685114394,0.018871188430294474,0.025355766718520665,0.006474629974961831,0.00246172666964855
416.3613696923398,0.0038339362604936232,0.04287796474415232,0.0006524923418455537,0.00045400378462492473,0.013749341378138743,0.030436445683254994,0.0003149987863132591,0.00010504433387775188,0.00503715136638325,0.03197634978915187,0.0025396061338821764,0.0006694452966403729,0.000597871791023796,0.017326078346802547,0.005297732068130824,0.002976466794185128,0.01512434801094503,0.022355989463293365,0.0064669289838796724,0.002483366401830085
416.18810237245117,0.0038058731324945223,0.042948946104781664,0.0006513716034642366,0.00044678328603586987,0.012504904612913604,0.03036687776740121,0.00032136524212551007,0.00014582816129446235,0.015560016110070582,0.033078959810271175,0.002661630079644165,0.0009749217821825933,0.011162794625410144,0.006962697172522332,0.005353241039421976,0.0028779443754358472,0.015906379709253717,0.0334741241381032,0.006454295408565871,0.002470893000377933
416.01497920174717,0.0038257874088370816,0.04287850748993355,0.0006490611851078453,0.0004453693241929903,0.012931845414901928,0.03185846273917703,0.00029052836254312017,0.0001486623914597049,0.014985210710862824,0.017145877552948843,0.002294533094913102,0.0010016597601074418,0.009418428082503705,0.013871640368296967,0.005286504035393325,0.002826598347230691,0.004438225868529073,0.0223497132931401,0.0064514501259074165,0.0024549641683535408
415.84200000041585,0.0038934026703209106,0.04285199021374425,0.0006520533884783843,0.0004424424521511925,0.013759483920821707,0.030787997887292303,0.00027561367392648587,0.0001246838040607502,0.0008266701108217015,0.028021688892103852,0.002135222496768147,0.0008309798769296413,0.007572155414487027,0.01080808969511201,0.005265735771120357,0.002841010717773177,0.009276281622220908,0.02629622436708049,0.006454600363491414,0.0024561733110386565
415.66916458894434,0.0038105021934748285,0.042873094194964996,0.0006532424322528692,0.00044514622925321726,0.012851376904339195,0.03163296861970983,0.00029672860265188863,0.00010130759067140202,0.013826378127594503,0.01979218748031266,0.002283422651390394,0.0006495965104836834,0.007102470684106698,0.014746601506535902,0.005202609242216841,0.002921044999604654,0.006716327558045759,0.020416595710628944,0.006453058023628582,0.0024596664787459206
415.49647278811807,0.0038485339275582523,0.0428650960359349,0.000653475098249121,0.0004462182639855403,0.015082386829164872,0.03123363189955925,0.00030904791076056886,0.00012766336733707162,0.01602805762797958,0.029871377079802492,0.0024587266323578953,0.0009292867387818642,0.006302475948703507,0.011903274377228563,0.0052591068677376625,0.002997958206176811,0.009778250872102238,0.02506556168956129,0.006451494164485694,0.002473565092453494
415.32392441902,0.0038183182961400042,0.04281994337860904,0.0006502036054973427,0.0004461062303870054,0.01346290286222769,0.028932057149643767,0.00029588666536175303,0.00013289883293163648,0.023434037131931866,0.047407952300682045,0.0023847451933635094,0.0009345321658726766,0.007812174909842038,0.016126946730133873,0.005324671667781531,0.002925811585003901,0.006577238226108053,0.021777930759336688,0.0064450017168768805,0.0024635780900986383
415.15151930303034,0.0038295246956422035,0.042976374368964336,0.000654484645695312,0.00044543547781759966,0.012269147658830522,0.0302450922442536,0.0002989631188709102,0.00011996016258125716,0.018270568280226766,0.03603592690972997,0.0023932157127938545,0.000859590684457935,0.006724159781708791,0.01213119845049708,0.00529737763301336,0.0029677828798637096,0.008113553822930338,0.02434864000269488,0.00645438722958195,0.002462300437100445
414.97925726182575,0.0038501788209286954,0.04274636966389329,0.0006498920172967205,0.0004459007930723547,0.01126280039493656,0.030760076630977008,0.00031240007760561747,0.00011618309063494051,0.027676932817413513,0.0370350995071522,0.002539967677688101,0.0007452086189019687,0.007299281785883556,0.015418918945422227,0.005332504541432092,0.0028823486018607707,0.007254758142326025,0.02139902529351516,0.0064524795857326634,0.002457433824569252
414.80713811737877,0.0037014980005893776,0.04273890877636289,0.0006536643447518078,0.00044450438157116244,0.012959952955592526,0.03338615675896511,0.0003004893141891046,0.00012702889299222948,0.03258621467184546,0.008818554487225275,0.002402776776215852,0.000918403345261854,0.006689368506632979,0.01364001571507068,0.005282551831317066,0.0029513971545514356,0.009119504541445706,0.024527785731347233,0.006447396207301562,0.002463949262573987
414.63516169195697,0.0038306800844152508,0.04288586460183021,0.0006502136935687738,0.00044344866228172673,0.014284036994467755,0.030789411086297628,0.0002930674995614345,9.940050442506928e-05,0.0063555634219251,0.02883589853982921,0.0024357304369713225,0.0006071567448791694,0.006320237199196423,0.014980225937133697,0.005387606114044211,0.0028988978827293784,0.007899266763055617,0.022020640449704903,0.006443235126789485,0.0024649525003047727
414.46332780812276,0.003802586118180907,0.042766925128350224,0.0006531441003763176,0.00044111215810285146,0.012144371314005155,0.03213843058537334,0.00032885327603597207,0.00012222458687020406,0.02416093440021415,0.01822302596813616,0.002719584073318133,0.0008561264519033377,0.007306769855468506,0.01207580235243543,0.005324051244088387,0.0029393494056825444,0.008640040749135406,0.02470042887306314,0.0064389208070268315,0.0024510953454105404
414.29163628873243,0.0038690613519686634,0.04269940995924165,0.0006488894642927461,0.00044250394639136004,0.015396973483986219,0.032583883335433994,0.00030719948692742305,0.0001350505176641001,0.026419811587433374,0.022625629981269338,0.0024868222484212394,0.0009486602171095822,0.005954984795376729,0.014886880113421307,0.00529244180459408,0.0029123475061020696,0.008397466935274042,0.02170524834112196,0.006431328133223143,0.0024579939890197
414.1200869569359,0.0037489917376094515,0.042736789829620585,0.0006529020492024929,0.0004393682156185431,0.014218045765208465,0.030285419824099918,0.0002977544901372424,0.00013761638661102552,0.008790226878071744,0.033813098744731734,0.0024533768736924285,0.0009532718477908295,0.0076462296017161015,0.013913949607956864,0.005345069679940477,0.0028816860145256533,0.008227084244623043,0.023159447431141914,0.006434698520416712,0.002450299646555777
413.9486796361756,0.0038215850257947897,0.04271464210742244,0.0006563921305004449,0.0004456679792399164,0.014372012001938347,0.030943618242498562,0.00028349026169128454,0.00013836186220248344,0.007159100035139586,0.028621589759284038,0.0022549630586444548,0.0009168291241541468,0.004474289396952654,0.014100402513571163,0.00529025448706321,0.0028335715574846943,0.009061604665924683,0.0211469730338726,0.006438424285714684,0.0024548390116847377
413.77741415018625,0.003880948099874926,0.04265327463626711,0.0006493290758310759,0.00044825645768278833,0.013411453282253797,0.029768071755540183,0.0002996062093040589,0.00012804325436423927,0.011078703152326716,0.03796997281999149,0.002374778657710221,0.0008650558537765416,0.005545907382812529,0.013869595607551301,0.005266564586361493,0.0028881295428751378,0.008367756906610145,0.022950371484895295,0.006436850035615463,0.0024477845712215537
413.60629032299425,0.003834597017850976,0.042730678335673684,0.0006497403178897984,0.00043883186468690643,0.013486727437148476,0.031251206922033335,0.0002976261121702351,0.00013321668236392287,0.007369658177785555,0.020251104286266423,0.0023979963300333742,0.0009033005631499694,0.0038325081946596453,0.015907516739790142,0.005296030072281613,0.0028652020603755607,0.010227857557070012,0.02103786264846185,0.006428200699704333,0.0024615725122548162
413.43530797891697,0.0038523729296048833,0.04261759453996567,0.0006598496172277599,0.00044948194966842913,0.013922590914930727,0.030458033740884835,0.000291044411863289,0.00012747577586771816,0.0049602995351557206,0.030593121299754972,0.0023260502922365315,0.0008336228491678538,0.007300545949148373,0.014486885628650054,0.0052605628243870516,0.0028590513465012934,0.007500841641158179,0.02212933703150298,0.006419135250424191,0.0024473533380039696
413.2644669425621,0.00386853785131494,0.042714691699724715,0.0006508690827106715,0.0004567558646963398,0.013864497800191321,0.030917810326601382,0.0002988569563225135,0.00012675368250155504,0.0028586345865304753,0.023736925582849785,0.0023623954417519716,0.0008217877701776871,0.003727585180278866,0.016662211418579896,0.005263078971357485,0.002870429258027864,0.010199522755649348,0.021106844152975555,0.006440684174417966,0.002445222448308651
413.093767038827,0.003836956264609168,0.042607630339636854,0.0006360667172583242,0.00044693316931351123,0.014338379541634722,0.02974823911081076,0.0003097294933171303,0.00014438768063589858,0.013311439055748128,0.03933912884399992,0.0024211247326040406,0.0010379750413095315,0.007155144678303574,0.01549739134486141,0.005216907263886625,0.0029285386925887104,0.006796827124489748,0.021129636014936014,0.006426026095351166,0.002464079595815158
412.9232080928985,0.003912599560493556,0.04265774440691501,0.0006542083423007837,0.0004465191876081286,0.01321018658647048,0.03002175893414211,0.0002776908164959362,0.00015896736195437368,0.009979735610927246,0.0342666429099542,0.0021972060761370313,0.0011563392671972426,0.004377846741805253,0.015335481679881434,0.005266383766677847,0.002878004247845772,0.009887585636967254,0.02129725931521146,0.006410941299817757,0.002457862970204306
412.75278993025177,0.0038307519965189744,0.04268882017694275,0.0006300514777047403,0.0004446313994630772,0.013563618140532896,0.029553149782875952,0.0002735004185097531,0.0001085600365124334,0.011214766331257052,0.0377963859712603,0.0021068606896632986,0.0007837575971664006,0.0075651223048657,0.01818459253391175,0.005227895180689184,0.0028533030011621574,0.006839206933982954,0.01979561095619532,0.006407202799934221,0.0024427904056322073
412.58251237665024,0.00381054444076369,0.04262521734907909,0.0006712189165328514,0.00047189069223566585,0.011947244931746582,0.02997292538423843,0.0003175471277422609,0.00011730112362856852,0.019785491394035144,0.037778517378059116,0.002602361952418301,0.0007581086170925487,0.006735410383006392,0.015674874520961064,0.005263840494581843,0.0029264923615133762,0.009383914756561654,0.021487055271917375,0.006412330450209484,0.0024373599702830866
412.41237525814444,0.003757472215218344,0.04261089735001069,0.0007146015151062507,0.00038876755625796676,0.012888079695047034,0.03078537228161127,0.00030059367488253076,0.00012771376837927633,0.00955865632623825,0.02449315438692515,0.002531493424824514,0.0008759656764015457,0.0060227662661147385,0.017960689295292608,0.005306193459284315,0.0027977195286975885,0.007560635509793308,0.018787534481987625,0.0064195355323676895,0.0024325001822037015
412.2423784010718,0.0038454404684234475,0.04260339885201191,0.0006269082625496872,0.00043441539718589204,0.011629028661252143,0.030705549801497797,0.00027965865190425693,0.00012100404438339341,0.022567023329919098,0.03252490372592548,0.002162926163632003,0.0009038891361558948,0.007295751961668823,0.013851631311230815,0.005258139862023074,0.0029348144814376072,0.007437890715368853,0.021641499877126998,0.006421820381402242,0.002450864291161477
412.07252163205607,0.0037951617260351543,0.04264275760008222,0.000643700771797372,0.0004349904356740307,0.013555895976822246,0.033119898336404545,0.0003174086882836348,0.00011030733589397436,0.02945995042031832,0.0022303822803791205,0.002564230468320204,0.0007218011695482022,0.0056214085584584605,0.017081196401383003,0.005251790497087554,0.0028969837128828262,0.00816902215857111,0.01901084732736127,0.0064059969661819155,0.0024490236194797347
411.9028047780066,0.0037501543941589463,0.042555166924624264,0.0006559715834973111,0.0004072772377787989,0.015388060118082574,0.03023386592144103,0.0003011869864910628,0.00014853169409593592,0.020653465759469927,0.04006252115498967,0.0024180362009513802,0.0011427287202987108,0.007406857094480375,0.014519601892894073,0.00524177572224033,0.0029119278306433795,0.007171655923183561,0.02178553852044517,0.006412389328768976,0.0024431192287099226
411.73322766611784,0.003798830682402116,0.042500874408965245,0.0006852767184949708,0.0004496317968581779,0.01262225752637857,0.029601038765706657,0.0002615532512061052,0.00014093036760451445,0.017134036143459513,0.03867173044483934,0.002050204173515221,0.0010294487337280007,0.006221344264000302,0.017100874736108655,0.005213834828918387,0.0028909290200916063,0.008075064125510697,0.019440158891598856,0.006404779788022644,0.0024462968846712184
411.5637901238684,0.0038111963729768514,0.0425829542318095,0.0006306413645017992,0.00047062430007055824,0.012970420809099254,0.03088498126106067,0.00030342188812333356,0.00012399410078126172,0.009472095619130295,0.0231870565341586,0.0024191192083488303,0.0008033557655181957,0.006015434972187469,0.015223604313725643,0.00524416592029233,0.0028925577006657325,0.0066252529078178616,0.021597294987928554,0.006395296858189531,0.0024496053519114814
411.39449197902104,0.003776881342313375,0.04248263839944547,0.000645561270257319,0.00044837897641884604,0.012496035504628127,0.03095481701232667,0.00027946567988371856,0.00011739953616886154,0.013458624367151808,0.02398701481555624,0.0022337870368696485,0.0007821393949141244,0.005287605073893096,0.017289076974393698,0.005283568167038382,0.0028146177276336206,0.009352270160842056,0.019073692649570356,0.00639926319784017,0.0024222833872320757
411.22533305962173,0.0038158005377334483,0.042450173269600044,0.0006123819992724411,0.0004534185621141202,0.013903243848842478,0.032071344715434595,0.00031203171904713867,9.86323539148066e-05,0.016699815964771766,0.011341995717385478,0.002476573875938876,0.0005760875078065829,0.008350634163897483,0.015537707623921084,0.005274572029756186,0.002882618236057943,0.005764999052207159,0.02036837975803877,0.0064100070676337065,0.0024385863599181495
411.05631319399924,0.0038041011457032848,0.04250413682761568,0.0006366424335922837,0.00041403173110627213,0.014224066340309352,0.03027216380253182,0.000305922790847781,0.00013067658466607126,0.006752145292586311,0.03246251047963859,0.002498909944600726,0.0009377799629834694,0.004747959888933838,0.016306132129306716,0.005322776202667961,0.0028996763912443714,0.007643236493252,0.019239620701463712,0.006414823554626346,0.002450621624251663
410.88743221076425,0.003776881206479971,0.04246484698563241,0.0006428622363776401,0.00044848913950296587,0.013486999004366904,0.03094278093199605,0.0003016335040498473,0.00012512700015939138,0.0068537808930615625,0.02203835714604815,0.002420371371371629,0.000752884385555621,0.006533381494646782,0.015982176875978107,0.00524754198323517,0.0028337688860795686,0.004981299176417896,0.02039913825032889,0.006396266425825572,0.002470992753132726
410.7186899388091,0.0038268297056997754,0.042364198018871146,0.0006334388093905248,0.0004282615627667906,0.014378227489519991,0.030296402781864608,0.00030607663032342184,0.0001274254809190124,0.009042910597081455,0.032130684930923775,0.002474214432771499,0.0008822306018789817,0.006115535247554743,0.015459671288885764,0.005239755693628209,0.0028797260196754687,0.00743616387157501,0.021320713400634655,0.006366244037357293,0.0024395271833642417
410.5500862073071,0.0038810630579126275,0.04251232224606208,0.000649552782430216,0.00043256025777651776,0.012991685259068686,0.02992976746722884,0.00029400624429426323,0.0001234010464640955,0.009864040639417879,0.03318625535369739,0.0023997483242391097,0.0008201576379746657,0.007622268363755864,0.016823198006547357,0.005292192065623048,0.002851800079313358,0.00483254330933067,0.0197406621563479,0.0063859509989753465,0.002435441003108695
410.38162084571206,0.003705259575961271,0.042480790911044924,0.0006338558115428318,0.0004444962382769318,0.013540759969596772,0.03072408628151565,0.00030942157849659827,0.00011903760514421472,0.0033767301548523585,0.02446688210798474,0.0025150141947859667,0.0007964919171560198,0.0067387019389104795,0.013778043009253439,0.005272237136323539,0.0028906922979766,0.006836975175964163,0.02245391245322868,0.006384285503640956,0.0024296096944130064
410.2132936837573,0.003753443085685346,0.042370475615108455,0.0006350578762488433,0.0004371250172948137,0.013142936785787707,0.03024790624777505,0.0003054934223767936,0.00013715368960056653,0.005308202034717901,0.028812720542589036,0.002454212961833653,0.0009374679547445739,0.007561696079752599,0.01710813925061954,0.005285014779808832,0.0028526383187889876,0.006531218054526878,0.020005177824190173,0.006401234798049032,0.002440450446657291
410.04510455145555,0.003876300692429029,0.042424047783105545,0.0006281360952548023,0.00043355838047834627,0.013566286707465907,0.030969086953779184,0.000282884943071787,0.00014308277092914566,0.0057256738099386115,0.022108780110612195,0.0022068002792192663,0.00110448516830499,0.008395003454389701,0.013924783986088632,0.0052253763524233755,0.002909742580061637,0.00694245965346372,0.021948517057638995,0.006382656688902729,0.0024304523881373344
409.8770532790984,0.003720528350697625,0.04242372918959635,0.0006376068559678989,0.000424520612492688,0.01368774154187809,0.03026317690957028,0.00028027991145840596,0.00010532918955351172,0.0023159726775606824,0.030630552876565256,0.0022337085463383336,0.0007376062647225378,0.007963145134970958,0.014227853375438646,0.00527275192933913,0.0028784311681100887,0.005988322568873908,0.020319225454938982,0.006387888999227444,0.002435258878309732
409.70913969725524,0.0038489437684641366,0.04240216165876561,0.0006445117167258847,0.0004289844932828519,0.01376487030524962,0.030544666396301958,0.00031756478543628746,0.00011141874653017964,0.00290579054587149,0.02605079884406387,0.0025740340733700277,0.0006801140934204571,0.007983554654231067,0.013589522351637367,0.005236375426610132,0.0028260003179780137,0.00779781162513027,0.02331081509512825,0.00637675285453083,0.0024267578292061173
409.5413636367732,0.0038280375259279373,0.04225928094666961,0.0006478913422357471,0.00043128052234393815,0.013471424938843365,0.02974741185019035,0.00030760424174480435,0.00013038161674153596,0.010663806604005404,0.03637337915420426,0.002498864599580272,0.0008632337265223253,0.005787568883081112,0.015833037789374026,0.005257832455814312,0.0028353225840581794,0.008109839587608348,0.018754507833387307,0.006386290933816304,0.0024379190531706027
409.37372492877614,0.003908398713755023,0.04229414054646653,0.0006442742383766858,0.0004340847340389513,0.012943742030259412,0.030636068222250637,0.0003045938204202873,0.00014030297318146206,0.007628380739125666,0.025169262830374062,0.002406032991902719,0.0009688502140058015,0.00810990227489613,0.014078275523059234,0.0051784282671938,0.002852657863112494,0.005005911449057268,0.02244223348040914,0.006367663077036875,0.002439197936540359
409.2062234046645,0.0038775713255183295,0.0418516211599511,0.0006441659942903195,0.0004306016082152841,0.013684413544936816,0.030245975926103497,0.00028564060845947094,0.00014053876185225484,0.004333571833670833,0.030665218048137932,0.002263727272409233,0.0010457874050583892,0.006394720436210812,0.015448289106460247,0.005228360347268867,0.0028930536098820962,0.008060916145281514,0.020873738136830206,0.006375505036738807,0.0024355955422221214
409.03885889611456,0.003543555746318569,0.04232865962589154,0.0006449321605377483,0.0004386782540927282,0.013072855355569242,0.03028184799973784,0.00029281996340823577,0.00012704322166279795,0.007699475687379024,0.027830305699666904,0.002389189792905436,0.0008748260440938602,0.007137592265846766,0.015307288344655279,0.0052688347190471795,0.0028613948088698922,0.0055299255323967254,0.02186621765891373,0.0063632035874860715,0.0024219149624880995
408.87163123507776,0.003867339235569023,0.04251899974773063,0.0006440439142052668,0.0004320018309948612,0.013550660229644719,0.030152389418730677,0.0002921971983048595,0.00014803973801456717,0.0026448681613656447,0.028945559722871193,0.0022994060475748997,0.0010960815769635996,0.005055851708508792,0.015376801568662786,0.005200876151422648,0.002874417736021533,0.0090949988144552,0.020987529329446006,0.006368219339732129,0.002431860339442679
408.70454025378024,0.003621630639880016,0.04233477838631362,0.0006434392757768174,0.00043040620428275807,0.01292709905342106,0.030400504036623564,0.000246968233705801,0.00012804779944413218,0.008314344657129982,0.027670249304453488,0.0019272976529110723,0.0009901148270637134,0.008133200896239973,0.015396084601991818,0.005246732110545681,0.002835483798014844,0.004942370363035835,0.01990826812786131,0.006365808342775474,0.00241755239251248
408.5375857847223,0.0037179343175575284,0.04219631203248015,0.0006433002549915271,0.00043464636083275865,0.013948474771144775,0.03068050799166722,0.00029597306066003466,8.272923246962765e-05,0.004878528671571075,0.024701413366128758,0.002361491274068143,0.0004410305006164573,0.006332532057123255,0.013391751805712851,0.005211866871376184,0.002835736373288842,0.008456111921057502,0.023526177392846737,0.006370596774212947,0.002434022096437936
408.37076766067787,0.0036633376969949258,0.04234122689606524,0.0006501705071173778,0.00043084239077465105,0.013387362900272225,0.02938857993680074,0.00031362659758255886,0.00013274828839348875,0.012269217454326737,0.03811297809451485,0.0025400502671957983,0.0008793423119558292,0.004253003722536823,0.01682735343588008,0.005216399297236151,0.00283485972293843,0.008489405302856962,0.018378683702686926,0.00636513772423076,0.0024392999631204807
408.2040857146939,0.0037972903007721863,0.04229146148656759,0.0006453140353078579,0.0004376899436544633,0.012718340112636877,0.03045220737795211,0.0002669404291504148,0.00012446995686057598,0.011326400798995927,0.025650875600643448,0.0020952017821703963,0.0008501289409734819,0.007347504108378527,0.016051529636491948,0.005215024866837586,0.0028402238506230006,0.004169286351123659,0.021063918343817725,0.006354105121610805,0.002439734722579557
408.03753978008984,0.003542486477231013,0.04229030989749125,0.0006419710745627003,0.0004368390343888727,0.01347159698412435,0.030458942175883172,0.00032245343465752454,8.560945655544064e-05,0.0015397892162354403,0.02538711637945615,0.00265894406419789,0.0004975734113990969,0.008096204710337567,0.013464974797056209,0.005261251131453749,0.002874351025513867,0.006991096396102071,0.02331735341453089,0.006364516774785986,0.0024224774340786785
407.8711296904568,0.003661120261511466,0.04225961397064357,0.0006484725679426852,0.00043728729723436675,0.0134912221183652,0.030139574880749802,0.0003345808039688953,0.0001509130790386214,0.0021656751122669125,0.02876325649082013,0.002745348761909641,0.001045051349178708,0.004962722697023273,0.014965187944257533,0.005226622083784435,0.002821104991996774,0.009161534512602975,0.02215768766938703,0.006365923272305372,0.0024219535952605927
407.70485527965764,0.0037520517861076934,0.0421128831331228,0.0006381650589899647,0.00043636079129175294,0.013315686920122059,0.029977747969130802,0.00028765808369616636,0.00016146843609707697,0.004341228715315233,0.030125544026546627,0.002261779126702629,0.0011606485145321571,0.008053741934131256,0.017958972971786474,0.00521023646281049,0.002831584144528775,0.007650857300933327,0.01930279387393344,0.006368580350609745,0.0024351679846127774
407.5387163818256,0.0039470542908161335,0.04231595571159176,0.0006517791062320371,0.0004288208343585551,0.01286421504813679,0.02959176374617204,0.0002730743132409411,0.00013261148463554178,0.012713234703376245,0.03555056032868403,0.002166324170289341,0.0009598737206524867,0.005686152510997578,0.013971926738643819,0.005205363960857121,0.002882515107012769,0.006982310105144999,0.021769133450663485,0.006338307749227529,0.0024436542398483642
407.37271283136465,0.0037714160621855506,0.04211260828755651,0.0006453881054857574,0.0004320288183606219,0.012161416118386578,0.03039388798556814,0.00029044073300546393,0.0001135773961848387,0.016074667664354583,0.027634989043152564,0.002352243705547532,0.0007677546686412131,0.00478956612511856,0.016454512025372327,0.005245339614996252,0.0028568726103168555,0.008816931868765093,0.019866795672841674,0.006344937273252057,0.002420085698368837
407.20684446294797,0.0038250072756406826,0.0421769812858096,0.0006333309625004771,0.00043953209023919255,0.012872579570906503,0.03143336468540857,0.00031099745600627926,0.0001315792387889836,0.013359186273379987,0.014934244502872184,0.0025087300453714764,0.0008526351165945985,0.006371067750784398,0.015595258521596737,0.005213007846832221,0.00279995370056705,0.006539963280769105,0.01991993958402949,0.006335608030446492,0.002418593474323106
407.04111111151815,0.003719432585663302,0.04225003751045616,0.0006408906454661554,0.0004356068220298672,0.013786904389363955,0.03078945407612888,0.00026293362278609003,0.00014987414527391384,0.007222961505329431,0.02030047024001291,0.0020235700037998516,0.0011134739382527813,0.005233728231080844,0.01835204981146985,0.005191385584910231,0.0028264501334381996,0.00789162999701257,0.019406416202988136,0.006354794646339668,0.0024124673627665327
406.87551261228646,0.003918733547734241,0.04214845624177419,0.0006440555241983252,0.00044046526311392444,0.013773598412340708,0.030465159619718563,0.0002741966088380131,9.486337088695501e-05,0.004160937417813391,0.026951543478985148,0.002216328427823739,0.0006044735667956579,0.010146556141395906,0.01596409816972494,0.005249472036337178,0.002861492069152636,0.0043513312218399856,0.019115709032378057,0.006351973403350839,0.002423829889688576
406.7100488007321,0.003685453793668983,0.042263048847474484,0.0006410318136363736,0.00044142131410710225,0.013545734704327215,0.029788905693527958,0.0003270551962489697,0.0001228349836498356,0.00609313164600919,0.030930681296732494,0.002737418237499277,0.0007611946905610541,0.004646997217240158,0.013295419709034792,0.005289673382929642,0.0028056778726095514,0.006879709300936672,0.024604804088950306,0.0063471318679579215,0.002425024935631855
406.5447195126017,0.0036515985170060086,0.0420583064450616,0.0006484991541217798,0.0004307440393101467,0.012771698443808165,0.03046094980834635,0.0002671781272836739,0.0001585213296060629,0.00879923660276963,0.024380345921738225,0.0021259741591123965,0.0012224525644104099,0.005654604242113082,0.016643482218519256,0.0052267127323957305,0.0028648262253502883,0.01095890299046051,0.020273262977451165,0.006346345447213037,0.002413845258305954
406.379524583909,0.003913874787367841,0.04219611914115257,0.0006408306019233024,0.0004296230181434145,0.013841463472060838,0.030951040911640457,0.00028433899478777486,7.725182439729932e-05,0.009383645711841911,0.0199839673958148,0.0022739760048540855,0.0004318711643067426,0.00870730435576706,0.018108376224589356,0.0052040352629938716,0.002823883027143422,0.006173265558153503,0.017361728592119516,0.006335714820313103,0.002426496671564691
406.21446385093424,0.0037004275320156673,0.04219476402065949,0.0006328857457617395,0.00043751572848364177,0.014272770606811775,0.02994460270475892,0.0003263820477800054,0.00013022059490137036,0.01034412765546679,0.03271701373118589,0.00266191003303523,0.0008830065650367107,0.00913168870547216,0.013858369196583792,0.005212704334872146,0.0028529627519206045,0.006402869603429322,0.023519341367664332,0.006335808074547521,0.002418919063066991
406.04953715022333,0.0036980227749662422,0.04223787077668128,0.000645835484756732,0.00042097408099191745,0.013343111035578894,0.029664648037346458,0.00027986632497348587,0.00014947532269402817,0.008237028653766156,0.03417813058755065,0.0022589532670872184,0.0011003263968045432,0.004335388028422166,0.01753841851274992,0.005231752115690394,0.0028416186400102975,0.011424968094637373,0.016573117946155985,0.006333032745263185,0.002424300902669833
405.88474431858776,0.003689274270229602,0.042200840881065516,0.0006481991880847679,0.0004370118726022108,0.013537897080465384,0.030050755247744126,0.0002756061237321335,0.00012188921737880738,0.0008183253282983065,0.027925776337650112,0.0022263027315812156,0.0007642041341182487,0.013974269783984394,0.02164794739797679,0.005228600268995489,0.0027752665530181454,0.00523254050417937,0.01819873462853839,0.006328913117237785,0.0024108700691922126
405.7200851931035,0.0037075302118949383,0.04211541288994093,0.0006361916181214077,0.00043821704154016917,0.013641603627549188,0.029555659057786714,0.0002761750812981417,0.00011464080319709334,0.0098738903374786,0.03569200106119388,0.0022093296823255913,0.0007400576294490523,0.014127633182599705,0.008336251166274938,0.0052427280769153485,0.002840242770954422,0.009073345812141352,0.029578213703041534,0.006340971276799152,0.0024324992502083305
405.55555961111116,0.0036715735233911074,0.04208212173742065,0.0006475251319569388,0.0004340434470430441,0.013241281202101522,0.029608375444695894,0.00031375918320741494,9.17169996303501e-05,0.007868553777006536,0.03301773446461131,0.0025549776252572027,0.0005249608962937061,0.0017082871661403378,0.016740336369859783,0.005203751270747394,0.0028397841213901017,0.012246240278731287,0.021100006610995932,0.006332298039925328,0.0024137106910064746
405.39116741021485,0.0037575479372878666,0.04201939087034803,0.0006353298023551267,0.00043275120227635565,0.013100323842779127,0.029607837728460793,0.00033765641605531843,0.00014431968408059595,0.009083663032965835,0.03312501404909273,0.0027618128482099005,0.0010176478280347087,0.011751746835077292,0.019223715170373974,0.005184484948433036,0.0028442550297641572,0.00425913981028791,0.017696990764187286,0.0063174536169045324,0.002418923400397392
405.2269084282821,0.003788475230251028,0.04205402603061378,0.0006410893053617939,0.00042255442922567405,0.012669361888392997,0.030132793091970523,0.00029650467614795474,0.00014848246900198926,0.00968344176589879,0.028855180659667565,0.002386712928338324,0.0010479306078358165,0.011242324008906231,0.011060969334340663,0.005202434094739209,0.0028166628239053204,0.004489623769822159,0.025466366657859382,0.006327046233658084,0.0024247245068173807
405.06278250344275,0.003703969175028963,0.04199856598581,0.0006416522421768341,0.00043269638469665603,0.013382364275920352,0.03021012040251735,0.0002815879883084403,0.00014257561071620394,0.000296679573253896,0.02659960763742366,0.0022201112214174016,0.0010451179330695556,0.011713736133832812,0.009889234897956142,0.005183308828346712,0.002851233557191556,0.008126217733084026,0.027820072858736448,0.006328140284316744,0.002411615908558743
404.89878947408914,0.0036740343382589196,0.042049877361620545,0.0006427636639640825,0.0004306735573680121,0.0129567951145374,0.029477131599332733,0.0002730670669192451,0.00014210407889573914,0.011894805114060034,0.035921579774354,0.0021802923302626422,0.0010302376527311845,0.009388629970583007,0.007664859089141532,0.005218263170209951,0.002834428959934023,0.015445973911695419,0.03032681107226196,0.006324213728908679,0.0024141179516110668
404.734929178875,0.0036572276238814234,0.04201210179876575,0.0006476258374825498,0.0004353748856958375,0.012864168177228399,0.030057600187248637,0.0002561264527726103,0.00012149182323223765,0.008282348441842034,0.027486044942852558,0.002027687984251044,0.00089443456019312,0.002182116408212493,0.01895146879164034,0.005209191649357794,0.002854801939240121,0.016572546243561154,0.021751146907924873,0.006314491297606684,0.002407201456238357
404.57120145671524,0.0037300864369834955,0.04193586948364418,0.0006457493387424331,0.0004353331077915555,0.012839924020975595,0.030067892660980717,0.0002785157643129274,8.666610056559603e-05,0.008615452127467671,0.028355369086225688,0.0022495665062604777,0.0005069443453410173,0.0034892662801424093,0.018258841177748914,0.005220733694874218,0.0028236877700682362,0.010710550841965519,0.01707128971329785,0.00631776987101518,0.002416042668665265
404.4076061467854,0.003702089093696364,0.041951188665357034,0.0006463882509872679,0.0004281704898288828,0.01306403927665441,0.030403781503376796,0.00032257245463311623,0.00010006516430256661,0.007261533996313768,0.021900836587758727,0.0026702782575192775,0.0005481549066718254,0.006746821120024948,0.02174439347979685,0.005212726903452718,0.0027924516167307516,0.010253530809046403,0.01564077572894011,0.006314211549896268,0.0024106376882049377
404.2441430885207,0.0037744148052650016,0.04185118134831573,0.0006410685369167224,0.0004347292613292629,0.013233459475701963,0.02998408863475791,0.00032412201090278284,0.00014753953429281748,0.00042929363027427,0.027005170942248403,0.0026454595244129143,0.0010038071729769535,0.013490965574260423,0.020042789041373448,0.005187355669433809,0.002803586390307384,0.003542301620074202,0.018492722183206838,0.0063154137793387495,0.002415488409925712
404.0808121216162,0.003660902359515342,0.04180250342913619,0.0006520266557254647,0.00042798407400097555,0.013123379342790025,0.029968866315372395,0.00027777622495335887,0.00015072672716864773,0.004254470413272911,0.02814457905269732,0.0021924009423029594,0.0010480225704476592,0.00801814193682911,0.01367866637459573,0.005150964706751514,0.0027754486601540914,0.008148063660848422,0.02299406997357475,0.006306904330716129,0.0024085188976322855
403.9176130860259,0.00366055996140955,0.04187464083873154,0.0006328567665835824,0.0004225718993813916,0.012999305773407589,0.029789326790534847,0.0002888370039756364,0.00012056459940691934,0.006186968288490178,0.03034390588884785,0.0022799458676674013,0.0007976085156454478,0.008494361332158187,0.019155598319582523,0.005162120678663414,0.002806940696754315,0.007594338900130012,0.016106225334624004,0.006308977549093788,0.002403753192448317
403.75454582196215,0.003661379685437933,0.041841175364588916,0.0006658589016974144,0.0004584301451195352,0.012937125991076742,0.030284734970125418,0.00028205113526156027,0.00015827655787875456,0.006722466076530144,0.026933072074880958,0.0022496626395483526,0.001106735624169719,0.010490320142043406,0.010322210433461406,0.005141122103859036,0.0028201404740898998,0.003998044108025081,0.023969400315433105,0.006296513683440103,0.0024081460534795033
403.59161016989515,0.0036918574490799293,0.04189983873533909,0.0006401774425774789,0.0004269497180102704,0.013071001664805274,0.029967782595205866,0.00025720041611881374,0.00011631318423478175,0.0063608474314378475,0.0275795952210909,0.002038128563280528,0.0008646237992236693,0.002901025208978204,0.015212957222510388,0.005208707929906851,0.0028820294207584367,0.010142672274915141,0.021698613221051544,0.0063060397654545195,0.0024110351171973306
403.4288059705527,0.0037263727211133938,0.0417988050347212,0.0006185090303017851,0.0004442135642831721,0.01285608250460834,0.030529424649363802,0.00032003106809985955,9.192161456485368e-05,0.008192692944409323,0.022807244484711216,0.0026128629672673757,0.0005170202421981192,0.0061455480667962775,0.015780529093163582,0.0052043094149898305,0.0028204559122214585,0.006156413190876204,0.01855978985225854,0.006303480750950866,0.002398010181879096
403.2661330649194,0.003657580307031487,0.041856603826119186,0.0006470062768342366,0.0004043497856737686,0.013387172981687326,0.030225146925320436,0.0003097929478390314,0.00012025717741073953,0.004456338244075084,0.02375203382099424,0.002538818206430875,0.0008368580874556808,0.004568617945453105,0.017149873004942463,0.005171883846255651,0.0028519344379062993,0.006349406524590111,0.01993484296477096,0.006284620173043145,0.002414938716594806
403.1035912942363,0.003717365067854732,0.04186637625896972,0.0006174089143886926,0.0003865814232825544,0.01310218553829604,0.030113787471923857,0.00029472663443548335,0.0001055854742143789,0.00412099766951834,0.023932641005336666,0.002346237839896101,0.0007066613981921033,0.010737137751820735,0.01820874856426837,0.0051874610776748795,0.002815067713169295,0.003562646589561673,0.02032003742991606,0.006304271673247286,0.002415749334171421
402.9411805000001,0.003738846881138038,0.04173662769190849,0.0006660043148322256,0.00043006096029755606,0.01368604324099111,0.03009330101690563,0.0002823331385513484,0.00012762253766764034,0.0036072430391247664,0.02746282714383796,0.0022581376796552447,0.0008779295714865566,0.0077581284703808415,0.01250995005247477,0.005156652707825517,0.0028488639975480005,0.007139694292469654,0.023901383796227343,0.006295496170029265,0.0024084798018294703
402.778900523963,0.003621049469671897,0.04173907933911011,0.000635808458442831,0.00043892750661029547,0.013152284137897059,0.029601777935952495,0.00027701172946332223,0.00013796620907584678,0.007061085898503448,0.032627077242189335,0.0022228467794803185,0.000991749249248717,0.006915193875692095,0.014651373237706017,0.00520958509241655,0.0028332947814209623,0.007520496954163716,0.0198166132542641,0.006306273774826462,0.0024000084793453016
402.6167512081321,0.003582810284131516,0.04188546744071803,0.0006407879274511485,0.00042231031912994584,0.01308847464721936,0.03018718594235819,0.0002923935293335569,0.00010194577842085183,0.004759919105469253,0.02625058797326429,0.002411690620681535,0.000653998936693994,0.008129066686073083,0.012000355163916806,0.005219304328720143,0.0028442526614886584,0.0053263349288577575,0.021994559573784694,0.006287117776336621,0.0023962873189550082
402.45473239476866,0.0037956770276734134,0.04182152449659367,0.0006408750050893102,0.0004452225803828925,0.013641734540941515,0.0297146812700742,0.0002995906791382824,0.0001504814039851718,0.0026754206236280042,0.029062993338834768,0.002440653200102362,0.0010828067171783442,0.004553690690493972,0.015999018404644638,0.00520808215399717,0.0028327922692214427,0.007849231199361519,0.021612415777779004,0.0062956886366525,0.0024043507578194456
402.29284392638783,0.0035670406431372267,0.04176716320940924,0.0006271815590901963,0.0004301626443134019,0.013265057006478299,0.029341753215301372,0.0002548606920342184,0.0001536116822896719,0.006733080370326243,0.03223713574465699,0.0020029566088480086,0.0011462368561531374,0.006119579014617548,0.017069802733108798,0.005173419604054696,0.0028071097119567517,0.0067474216228632965,0.020702696616462388,0.006286895917997611,0.0024039305784241925
402.131085645758,0.0038177862942373646,0.041899259105907714,0.0006249486186760776,0.0004419721335424755,0.012894296273171842,0.029604631829546993,0.00026498371956276684,9.44831327709404e-05,0.006039407004898763,0.02987950276632846,0.002085849007635844,0.0006569900656962506,0.007606668436038848,0.016395755909782657,0.005188756599516989,0.0028724540189665284,0.007016580866084403,0.020367902280466723,0.006291401577360435,0.002406948752102897
401.96945739590035,0.0037115295911742934,0.04169268781786634,0.0006198904029021316,0.00042078029674962183,0.012917325255856465,0.0296543513129411,0.00031839358010241075,0.00011305707094186191,0.007495255112151085,0.03181361047033936,0.0025520766490208318,0.0007451964800056929,0.008835354326327103,0.01352775542930999,0.0051375097982511815,0.002826191912376633,0.005350342070397968,0.020847920439946,0.006283852031489417,0.002402672767725978
401.80795902008845,0.0038820119537738584,0.041830425710760163,0.0006389889105681377,0.00041312705378525593,0.012732165469601589,0.02997956046256808,0.00027029909521129305,0.00014023492015898534,0.006293792418714909,0.027351366531416944,0.00214033159718605,0.001041568046437611,0.008122854496041113,0.012795950780531057,0.005171449283738832,0.0028361802870145525,0.006602594928268277,0.021992564010123127,0.00628329300838242,0.002407193499502575
401.6465903618475,0.003872189226994435,0.04136247228853341,0.0006272103861066833,0.0004126054727530248,0.01333028999384299,0.030015686548179585,0.0002732037518251588,7.827972057727354e-05,0.0015547661823337184,0.027679267372871318,0.0021550835938656965,0.0005205503088205508,0.008813943300412842,0.013299087313596962,0.005163848502588287,0.0028187289885280393,0.00636673786324223,0.021714617075275347,0.006284083208226564,0.0024010685115014967
401.4853512649539,0.0035032637273872684,0.04173250200033591,0.0006168569908143381,0.0004555051491843719,0.01317097573216223,0.029406583236355064,0.00032349039429797926,0.00011174860375868248,0.0064371542328953936,0.03311225523088426,0.00261948911262695,0.0006962951125850098,0.00490240348078341,0.012925241021022094,0.005153945998348113,0.002826694515939665,0.008280982911897106,0.02273516643030958,0.0062794467214744385,0.0023930003414567385
401.3242415734351,0.003407927569022451,0.041358989823872386,0.0006485184182462737,0.00042151833026025514,0.01279894402067798,0.029246048111122924,0.00029715579703245686,0.0001244660208977909,0.012856633670365658,0.036615999364823563,0.0024814675514318596,0.0008694924752018344,0.006418783021110254,0.014157199950383283,0.00523163641321568,0.0028275167365340802,0.008302921285212579,0.020053726776460588,0.006273401774270144,0.0023957489536851136
401.16326113156845,0.004222273126254785,0.041377360769812375,0.0006382845731792604,0.0004206516001711774,0.011968405697415285,0.029742501314549023,0.0003362036815459872,0.00011205213921371443,0.017494717260104823,0.031722630512832486,0.0028020254017740304,0.0006924887229078712,0.0038111047141362537,0.015674227284444463,0.00518432747512413,0.002777959602263298,0.006801212825800753,0.02094516505735501,0.006271765895247448,0.002401930795034053
401.0024097838813,0.003706310706744129,0.04163978260374364,0.000640254779816022,0.00043161838408302996,0.012738186376315137,0.030563995323952046,0.00030810795253213635,0.0001867401074209377,0.012227722540727718,0.01839070911432066,0.0025211309382490673,0.0014578353331741638,0.008045219425419137,0.016690507296423095,0.005154502257523634,0.00283449750516196,0.008064714832212765,0.019970996332392663,0.00627271371505596,0.0023971154683225778
400.8416873751504,0.0037656431226751937,0.041691473303849334,0.0006339958988593801,0.00042791301620679744,0.013180736921951023,0.030188938848120916,0.00022614667673100046,0.00011948857021761303,0.001111166190064282,0.02618609148358187,0.0017249691772864618,0.000929494496924187,0.009912754804956918,0.012150930193968961,0.0051492716053054026,0.0028121736598262087,0.005908067848712261,0.020261226437299783,0.006270302900812695,0.0024046934922038743
400.6810937504007,0.0037505851109610687,0.04180312627697277,0.0006377489805564477,0.0004288342104392197,0.013687350316570984,0.030078994689945647,0.0003116674638844518,6.697093681391807e-05,0.002790200667045356,0.025930059605090445,0.0025670908455360394,0.0002897553260154496,0.005429717157554788,0.013774367213952043,0.005178571931318364,0.00281977972451576,0.007085595977810962,0.020993028972020236,0.0062767776649895754,0.0023998609841246106
400.52062875490594,0.003727679358896583,0.04157080765445535,0.0006332796831472226,0.00043040138593354116,0.013476609183174027,0.028822958337913675,0.0003367387267836015,0.00013077567537072746,0.01092415311657441,0.038443067568585704,0.0027772314276385676,0.0008588996593368734,0.006975524680189367,0.016022530342081575,0.005163734041687661,0.0027714306729300846,0.006293668589385219,0.02029662632362627,0.0062712388629642775,0.0023867121583168046
400.3602922341874,0.003699196804661994,0.04174802534671435,0.0006311232389388233,0.0004213580440659671,0.01228462027501707,0.029561243690177534,0.00032716653979532177,0.0001367579125978111,0.013128586618271605,0.031161117981207354,0.002656106567398481,0.000995397364693228,0.00667089871013635,0.013225174331944166,0.005128006353713651,0.002838044030286392,0.007921242962529763,0.022290014609059067,0.006259825266511588,0.002387870964478944
400.2000840340137,0.0038012828684643274,0.041666840299780836,0.0006365669567765498,0.0004179435975048878,0.012982468997753958,0.02959158953429262,0.0003277194251153883,0.0001679582179425636,0.005603810077500614,0.029965944560976846,0.0026810196199274446,0.0012094528640616844,0.005606185670059761,0.0159526306924431,0.005138105873096076,0.002760691423915392,0.008317660125497952,0.018860204409010414,0.006258772553058839,0.0023889908217279688
400.0400040004001,0.0037318408342100853,0.04141582708348667,0.0006327008019978031,0.0004201955056290224,0.012245693894332232,0.029745352014588756,0.00027570450458748924,0.00018654213011847602,0.015333356394937563,0.03184512220706877,0.002217450975347864,0.0014731554123021296,0.005553612689794191,0.014380443867625738,0.005165315399981212,0.002829290244708334,0.005465872134436414,0.020227705104674427,0.006262236098095218,0.0024004858851359077
399.8800519796082,0.0038907775448108048,0.041586000288937296,0.0006309265088612206,0.0004198524193254828,0.01297858088107654,0.030257031907742257,0.00022880150872957737,0.00014610809067170812,0.009259290526964723,0.01937915770119175,0.0017457431142439963,0.0011158153294336184,0.005497990891888353,0.018411817684759992,0.005163289061233751,0.00275457786826054,0.0068576529765758615,0.019984533998055803,0.006270871056082064,0.002377889967457701
399.72022781814553,0.0036165228633943166,0.041287020084089826,0.0006325968222292317,0.00041498291670908374,0.012791814551586256,0.029858089514000416,0.00027097854071224864,8.408046492859727e-05,0.004506491954940606,0.026625321503490725,0.002133236503941815,0.0005311464663941524,0.01050240211198227,0.015747893250860318,0.005097588442752952,0.002786177200882934,0.005004531515282042,0.020677396675102044,0.006243186732739365,0.0023763665679284486
399.5605313627648,0.0035392040488415257,0.041356061409723956,0.000634879975546026,0.0004185181917249344,0.012973084170930849,0.03025003691484977,0.00030793580860921806,0.0001247568202721859,0.007028851183718655,0.02313708112216634,0.0025209796062031537,0.000878975981138199,0.005294535521523387,0.013064173145296091,0.0051425142299243885,0.002835320703781569,0.0069324767784085025,0.021557134994455992,0.006237869414424719,0.0023912003908018744
399.40096246046335,0.0037698801446382217,0.04135407467588293,0.0006358730861610064,0.0004143249065593394,0.012984806538420731,0.029657842338800387,0.0002559026547312247,0.00014345228580442396,0.005785512643011693,0.028666942753013448,0.0020359939767141772,0.00103410507022319,0.005211511691287015,0.015035521401785013,0.005146641440087911,0.0027840992063680897,0.006070004166929421,0.020638791596119158,0.006238738301445572,0.002398631144071452
399.2415209584831,0.003772713667024817,0.041632263734658885,0.0006326802965332284,0.00041227507221599206,0.013005532166849557,0.03000042943353407,0.00026467050111725934,8.474722429497069e-05,0.005117643029457726,0.025294667465555823,0.0021142683222660683,0.0005674618093417347,0.005381089111372056,0.012679937043799307,0.005148534820465374,0.002831819697998834,0.007273638603645648,0.022066363860030823,0.006251645297787557,0.0024048927545872443
399.0822067043097,0.0037186596912003166,0.04140504131973576,0.0006339861415766914,0.00040772801106418364,0.012978325589390936,0.029454605541120643,0.0003089067320958003,8.92263480353825e-05,0.00758332770554655,0.028115218665770162,0.0025400590896018354,0.0005016807474224716,0.00472392197257203,0.018672217418406665,0.005185235220477018,0.0027777756788985243,0.007448025792946117,0.020099480846356068,0.006263194124291888,0.0023864533213708954
398.92301954567216,0.0037465213462089812,0.04157591517724954,0.0006319975094991332,0.0004108556824575109,0.012610179235841243,0.030006218836060517,0.0003152265532958506,0.00011589629312361154,0.008159995279205422,0.02114819646488905,0.00257728397311617,0.0007631756866124217,0.01022579763865188,0.018099644480559406,0.005144285094314689,0.002784336753368897,0.006728020336303996,0.020897244428493868,0.006246684333620157,0.0023819770686429884
398.7639593305423,0.003642601248462601,0.0413736056276473,0.0006473556779242431,0.0003971079716352767,0.013599728013646402,0.029973359219171058,0.00030160402940534586,0.00014718880564038676,0.004292153142166898,0.026103815984786945,0.0024770245595569246,0.0011045283693229613,0.006782750367031087,0.015163895492599035,0.005159889629917964,0.0028021610353230622,0.007239350693084321,0.019888182971003393,0.006249779566814434,0.0023822065203947178
398.6050259071344,0.00378415881049127,0.04144797722175,0.0006362483656815659,0.000386694251743717,0.013076361263648684,0.028787788074643154,0.00025496046956884907,0.00013041097878372938,0.008701420763025642,0.03456821246825033,0.001971848834821064,0.0009494814056420789,0.010083389327536368,0.01891075456332483,0.0050992970566301095,0.002772310961643728,0.005899973315225944,0.02052619306353376,0.006238581535837653,0.0023796352235678007
398.4462191239044,0.0036486267740875604,0.041375756528210905,0.0006355861183374081,0.0003257488194058666,0.012710026388769247,0.029994697843634475,0.00029347003612371675,9.073250243724452e-05,0.0036604887102809906,0.024062247507071564,0.0023707462994841397,0.0007731711168869302,0.011126827508310413,0.01587237037428679,0.005134668334600477,0.0029093320151391193,0.0068780083476557945,0.020758692034112975,0.006239999450521749,0.0023829820060710643
398.28753882955004,0.003648560376787789,0.041419118120814384,0.0004707183708368146,0.0003951232225792371,0.013108452875198573,0.029539117346169572,0.0002929695216938539,0.00013840559695001218,0.005770398164762259,0.03198175637859407,0.0020035273111619835,0.001058363589942653,0.011672709908782653,0.012586624852124835,0.00502206133945777,0.0028274728320966808,0.005853188495428342,0.020540200494722365,0.006234503433480068,0.00237831353542144
398.12898487300964,0.0037199900291166525,0.04138909311488959,0.0008144567243807691,0.0006523997093605139,0.012573306307930347,0.02939080111041698,0.0002552951782004292,0.00010254046063471674,0.012845738856627128,0.03573851043209831,0.002309432091124972,0.0005117906661206696,0.009684174060188035,0.008457784886704825,0.005267631438382684,0.0028427228194219775,0.006709198742496035,0.02166265457059534,0.006234092555919844,0.0023885497080116053
397.97055710346206,0.0036689195480567437,0.04139600975964761,0.0005791698811544705,0.0005827925759013016,0.012734686985578175,0.02998958767174348,0.00032995395474411966,0.00012458855659784555,0.010664923993929704,0.024632296013540216,0.0026132198037246363,0.0006154333827313197,0.0023115525019596077,0.01466123098424304,0.005172869155799601,0.002783659246888837,0.0068840686166871876,0.02051073864920919,0.0062426638570898495,0.002381416609802598
397.8122553703262,0.003678125439491674,0.041353644566964984,0.000621281201311866,0.0004189173170632745,0.012619628973153673,0.02948402772122986,0.00027665104454187105,0.00010400064514117245,0.006172743473030441,0.02737040162161297,0.0022084235448135542,0.0006994739225916839,0.008879243286788708,0.016873952181507546,0.005147971659570344,0.0028075634976634976,0.006639066906748783,0.021288092902384426,0.006231490069003054,0.0023740716843168577
397.65407952326046,0.0036098228043604263,0.04130588880961233,0.0006423174128772651,0.0004772350256429802,0.012599678255681092,0.03007074005068839,0.0003467193885324347,9.749398076878045e-05,0.00687623485066469,0.029450358234115827,0.0029014196331146043,0.0005114479744897507,0.010675779250204735,0.007015432362367902,0.005125964324130594,0.002737474806401397,0.007388176627854935,0.02078915662795999,0.006232896538449568,0.002374749194679943
397.4960294121622,0.0036313351232506457,0.04133277278738459,0.000637613828558161,0.00045607480678201435,0.013270348913463197,0.029715842514826323,0.0003345319181479142,0.0001861614628174128,0.007546099898742773,0.028239335383768615,0.002786392108735115,0.0014056703276483346,0.0037316325958942527,0.014334448555395257,0.005134619633679981,0.002837803196891231,0.006731604131892303,0.020714454425925344,0.006228676795417962,0.0023749632889384143
397.33810488716733,0.0036285978125145217,0.04125162006963884,0.0006312332959799234,0.00045086281733889243,0.012658934830629036,0.029465636091093768,0.00025804221599190583,0.0001580546236582655,0.009112150839304051,0.02792818331756221,0.0020614618357357997,0.001121534455390161,0.005000373119968654,0.017700621984659434,0.0051332586057158515,0.0027411885417881546,0.007178869604044226,0.02069344742368609,0.006230280454103615,0.0023828988958394526
397.1803057986498,0.0036343960419858916,0.041390660513561335,0.0006341734127065136,0.00044070226116982395,0.01268641265267091,0.029892134441753215,0.0002588079417822975,0.00010689102141648922,0.008060457526324772,0.021990914683127645,0.0020464759419848762,0.0007065863342650081,0.0055705343834766725,0.018088776472018495,0.005132923178280169,0.0028177163252374755,0.006703106951625102,0.02052030171850616,0.0062237256746001685,0.0023798370159048097
397.0226319972212,0.0036344947490720516,0.04129038890158465,0.0006256660434539686,0.00043579249661739587,0.012816765062619528,0.029766070229607696,0.00031264657115756366,8.204435687747998e-05,0.0065940119484522285,0.021487210902736465,0.002546594895146113,0.00036500187911286307,0.00868573743857217,0.019419589909860552,0.005127697065219634,0.002714110708857635,0.007099653925244393,0.02092293211607736,0.006221577489572882,0.002383928902463775
396.8650833337302,0.003713398419515779,0.04125428849573465,0.0006337784651660143,0.00044249856335172474,0.012744136596135774,0.029535415824080802,0.0003539751781420858,0.00016418859249205402,0.0032218752327204656,0.02873181763223005,0.002877090126382122,0.001220681509074383,0.009412754011237255,0.014216704315736326,0.005027760084127426,0.0028329392581760626,0.007133126231171645,0.020498459033115708,0.006222274811549625,0.0023743238324609394
396.7076596592623,0.0036567007302741976,0.041261700266983954,0.0006383010864842133,0.00042938127315334174,0.01277716269312101,0.029463643414687657,0.0002608400465078209,0.00017162570911450755,0.0061101120144399215,0.03253261369835807,0.0021264148058389863,0.0013749119729831785,0.007732302093380465,0.010658807176590415,0.005160611263669146,0.0028758379310416774,0.0071603326917724286,0.020490978012899296,0.006221833361664981,0.00237386649579877
396.55036082513885,0.0036063134549992964,0.04119513768144229,0.0006098526197861257,0.0004386419850075826,0.012620900264893636,0.029425277177608695,0.00029737473762475884,0.00010292631481836177,0.011758757133663297,0.03137335504612869,0.002331773212835062,0.0005603272249881262,0.004748710229258333,0.014241545739005861,0.00507156312975427,0.0027081000316602905,0.007076869363624946,0.02000337240299464,0.0062168837590205325,0.0023688997703129144
396.3931866829172,0.0036249280684259896,0.041188985323453935,0.0006242561746796137,0.00043830336815214464,0.012463614243930141,0.029665833566148634,0.0003022076502097961,0.00017464543150544256,0.011566208610266198,0.02392286846091154,0.0024262094060811534,0.0013167193385704846,0.00571926884861844,0.019142437375639084,0.005083282637802629,0.002801487326596801,0.006515872374472679,0.020118476892407606,0.006211181133750399,0.002369118083672264
396.2361370843899,0.0036580761453963357,0.04118414633201905,0.0006269474193955659,0.000439187634451171,0.012855104604389465,0.02980112746056869,0.00025255288621458817,0.00014314188524227407,0.003658775500528424,0.02373715438369525,0.0020026580029450587,0.0010362167480650521,0.007930332327481672,0.016320840232457844,0.005133861601089128,0.0027822098334047804,0.006780655282311486,0.020266421124855865,0.006211068986727835,0.002374483180517898
396.07921188158423,0.0037108759141543848,0.041284901228541684,0.0006193278964054146,0.0004437045173700481,0.012503462037344665,0.029365274348584162,0.0002822979392518164,0.00016394486254139965,0.009464095883633505,0.030642470163815078,0.0022773574260001026,0.0012056840898647197,0.006410405742081779,0.013910156418917397,0.005127999327212758,0.002782428446200584,0.006255331352055244,0.020270667086088805,0.006208447602954148,0.0023697736559636284
395.92241092676176,0.0036377930227537883,0.04125336847269022,0.0006181287443451191,0.0004285212947123121,0.012738487456487833,0.029987113248704334,0.00018043684355349316,0.00018070849099949154,0.0069225846108841756,0.021106844131331626,0.001263160642837953,0.0014885061758947696,0.008688144949079345,0.015873722757687496,0.005083273780534488,0.0027893712509805147,0.006493237541379947,0.020786516194538973,0.006209500703502688,0.0023792705849715536
395.76573407241796,0.003422776596734683,0.04105222561156919,0.0006278883927733175,0.00042919234449198285,0.012719295954514272,0.029620515771402546,0.0002615860574624933,6.919681098722683e-05,0.006341310570649667,0.02777960560638656,0.0020934307992426238,0.0008194334079729622,0.008296327010603273,0.01350263083284809,0.005063837222126218,0.0027982003005001224,0.006527580593042812,0.020730225715829304,0.006208639743083375,0.002367447897191477
395.6091811712817,0.0036953603355401542,0.041185318646500206,0.0006233493151649412,0.0004268764440623705,0.012522410803327355,0.02979586769573671,0.00037628702228990863,8.505821285604442e-05,0.008164438944013282,0.025513277143431816,0.003130911956453137,0.0006089128843709756,0.0072535430163435995,0.01378990465843642,0.00508512923427039,0.002817543236966036,0.00696426622391707,0.020918862532139575,0.00621092027262462,0.0023700894963504552
395.45275207631477,0.0033080565814192233,0.04127716273507283,0.0006350256176346116,0.0004315450672146891,0.013169246940051095,0.029608014753335545,0.0003519981115778338,0.0001406384154438347,0.0023041212855682384,0.025437755872457737,0.0028932111477455555,0.001034426768423422,0.010374902436230328,0.01585809524515212,0.005069728202846865,0.00281650407256369,0.007027541317429776,0.020427235416190414,0.006204401691023664,0.0023646930660232096
395.29644664071157,0.0034546852264804315,0.040738748426855986,0.0006271800378666052,0.00043499117410409624,0.012408299174931168,0.029382151545118692,0.00031221957593469964,0.00016015390250687277,0.010464371093284847,0.031008192843477122,0.0025265131455747005,0.0012044277225549305,0.010284153411046987,0.013993998271538141,0.005086248400241512,0.0028270922777120884,0.006771009326407377,0.020230063133982373,0.006198170336327255,0.0023650793731189355
395.1402647178981,0.0038913511562917143,0.04079475305622794,0.0006272409661067622,0.00043002103713239606,0.012709430650168335,0.02989082266362567,0.00028141820937196217,0.00013070167627433205,0.00837179106342166,0.025864941614747474,0.0022542726033296765,0.0008922254711461995,0.004817733868221932,0.012897064278339766,0.005104926312816823,0.002764242952768432,0.006741839527682587,0.020363581316135873,0.006199558498009971,0.00237071976728199
394.9842061615324,0.0036647904066497857,0.04102304291862831,0.0006306276909321848,0.00043483430999964313,0.012749173751298557,0.02968718973678026,0.00029737558376537166,0.00012020738646551411,0.007002031249338807,0.023206585579866133,0.0024107749979164466,0.0008025832360462631,0.005605939425666836,0.017322254348972176,0.005100997159157666,0.002798460699867042,0.006577156120653114,0.020690666605472727,0.006198417948283591,0.002366580801103948
394.8282708255034,0.004033821050299636,0.04084271266157736,0.0006270134807988299,0.0004321469812571865,0.012791657010440823,0.029504121030112015,0.00029815723819214186,0.0001297675600008397,0.0034380079806725383,0.02808243639021183,0.0024087213209405688,0.0008614946676873396,0.006597334173651783,0.01472800389169536,0.0050974422461945645,0.002768943815393624,0.0070574106431308715,0.020331880430355786,0.006198246709924928,0.0023688372126119033
394.67245856393066,0.0038152376829924005,0.040886076361728065,0.0006290156898942106,0.00043287446439873033,0.012502204514053825,0.02969056135148417,0.00030306626655149583,0.00013819252199861275,0.008848590552850309,0.02723883939491742,0.002489992858287689,0.0009768640568500971,0.005727894270234427,0.012901014401001097,0.005124238095452151,0.002792216633092002,0.006721043313051198,0.02037560759441391,0.006195482041070997,0.0023619042435529584
394.5167692311638,0.004118977023892119,0.04101438766100101,0.0006302033727201634,0.0004309691123607445,0.012574607399449168,0.029443134990310055,0.00028542991347335194,0.00017141084485598613,0.006880718817205379,0.026233745837066978,0.0023079417135069887,0.0012477851980573784,0.00583793959145706,0.016559347013995897,0.005093577063322805,0.002738962623954411,0.006923165573626317,0.020268780219565283,0.006191377906099257,0.0023638657549046134
394.3612026817824,0.0021791015357789244,0.03956011762498244,0.0006316623782359782,0.0004335861354894555,0.013249557628046102,0.02981546517158361,0.00021104295209694476,0.00016543040042214915,0.004064138749994136,0.0269517086636098,0.0015942415637420517,0.0013064444383927645,0.007331236263947689,0.014826743709768204,0.005091596091245368,0.0028078387748407285,0.006560778912153577,0.02031474203075494,0.0061904001587396555,0.0023594245046467247
394.20575877059525,0.003140530312178459,0.042198371238517225,0.0006277175489201448,0.0004308327064341265,0.013327263555576192,0.02933000078803159,0.0002450788923966809,7.194482184719073e-05,0.001811851583732347,0.025806402667455264,0.0019740453855261273,0.0006475898686159038,0.005481410930923143,0.01555196485013254,0.0051197210273304415,0.0028059008996774814,0.006530690040552886,0.020330386031967945,0.006187320779316703,0.0023624674564928882
394.0504373526399,0.004551422157335552,0.042278192895670155,0.0006298574408080652,0.0004423913999203881,0.012016421937446425,0.02905261746931609,0.00039493423809983596,9.552203728749487e-05,0.00973037071517091,0.02994531969067116,0.0033888209643794433,0.0008542753622185675,0.00994966664735926,0.014152137950206195,0.005114944397215011,0.0028024078440490865,0.006460704573136793,0.02066928142354215,0.00618590363284761,0.002360806881751407
393.89523828318244,0.002267198085210511,0.0418298320959327,0.0006170059381216715,0.00043262513889715963,0.01323853511907649,0.029674421047642025,0.0004146963315769435,0.00021952777910408145,0.0034389306068014027,0.02517509435336653,0.003528418498451267,0.0017922296685176603,0.00730481204812065,0.011837008646923015,0.005106326692263048,0.002868644376192553,0.006942543341651051,0.020639153015064308,0.0061860169152810765,0.0023618678703953575
393.7401614177166,0.003320762646992751,0.040079626865632004,0.0006219970912851636,0.00043055721824423733,0.01278081199979365,0.029972701459722265,0.00030829305702381336,0.000249317557548966,0.008969639920747162,0.022884051287832656,0.00260742526181556,0.002006227385609794,0.0060253535680240165,0.015684971697295973,0.005122551252477917,0.002755216636389791,0.006752719345040556,0.02036819317345957,0.00618146852141149,0.002363809142549152
393.5852066119638,0.003487897876017943,0.04097680575731764,0.000617607092146787,0.00043304003868230756,0.012633154206856238,0.030059478313916508,0.00021099584453385036,0.00021853819795900807,0.005880207059603494,0.020529886180877973,0.001583955169917551,0.0018190066360036594,0.010578805017324928,0.014066087975977257,0.005029047414049245,0.0027987595809933,0.006947373978055311,0.020639754577409773,0.006178833566033477,0.0023562385950253485
393.43037372187257,0.003994004186122813,0.04000181599423887,0.0006285158761998603,0.00043346599955434995,0.01315017865280587,0.02950825907411585,0.00016069496773146768,0.0001636038894993722,0.0063523987349559975,0.031433693293934376,0.0011446117866857073,0.0014065076800287909,0.006607388909906087,0.011528270812744953,0.005114812588823902,0.002785024657193921,0.00686698644791807,0.020228094215911565,0.0061803400880786116,0.002357602282429458
393.27566260361783,0.004317716822713258,0.041451582572408587,0.0006237987567505787,0.00043366155386050044,0.01230736455974941,0.029653842668296466,0.0002651430100211273,5.2281200851094176e-05,0.009111912803551352,0.022020237801419602,0.002117024464503255,0.0004420858722945958,0.006171296343291913,0.017866413950620393,0.005065428947382784,0.002774128838946071,0.006822698102041393,0.020481569546456434,0.0061755715623388096,0.0023579161920064757
393.1210731136007,0.003369225628043946,0.040791021240650066,0.0006266662325193596,0.00043039374412997427,0.013695569975360247,0.029015598027400665,0.00028836336683570534,8.829741751636963e-05,0.010682094907849469,0.033986284439388885,0.0023418509659240572,0.00048501589880773857,0.01005265940007127,0.01605013309072651,0.0050883031853685475,0.0027527284758460022,0.006841493775178738,0.020056470201544732,0.006176781429751154,0.002350317878930244
392.966605108448,0.004239274972313373,0.04083832816230222,0.0006227103773611638,0.0004342830193563459,0.012478082873331586,0.029804285426953014,0.0002768926926848106,6.688529197312783e-05,0.0068760803621387345,0.02487918966193159,0.0021839470169736845,0.00043096939559218457,0.006620632711930839,0.012406096281625359,0.005024229000973509,0.0027982419650413076,0.006564932046132033,0.020485587949384917,0.006179950366542569,0.002355950398686504
392.8122584450118,0.0035019021674753477,0.041071708138400886,0.0006202830161867504,0.00042891070002048815,0.01158664617005109,0.029670372921650097,0.00034536089272855814,5.088316328540317e-05,0.019691624202037517,0.02715852533221188,0.002857800966458216,0.0002617641327064426,0.00472497040609568,0.017219439247305273,0.005088398149136876,0.0027852832201618505,0.0071356711175343795,0.02039939897786618,0.006170464500192949,0.0023583690318866313
392.65803298036917,0.00377316643663578,0.04051562989991957,0.0006179351756874445,0.00042621872567510477,0.012952343301071704,0.029485321170031543,0.00037529743170559035,0.0001279861233097204,0.0033636228406223093,0.02619616705816531,0.0031146090158700166,0.0009513639125942195,0.005148689596145509,0.015600895906167665,0.00504519168847025,0.002786249843901439,0.006738853005321372,0.019983350143594793,0.0061691897692865314,0.002352350608434056
392.5039285718211,0.003936761232077525,0.0407062269065655,0.0006180543774101573,0.0004220701250697036,0.011944631346369843,0.029975738397908486,0.00035199986705622204,0.00015607164319495886,0.014321074000567379,0.02182860547141822,0.0028913206588482565,0.0011543217332205225,0.0063017171464593005,0.015678352558400704,0.005050323200847378,0.0027880593903845175,0.006605955107039164,0.02023810705353442,0.006171176312531675,0.0023500101760275762
392.34994507689294,0.004185536324943223,0.040640442813652186,0.0006319267988188135,0.0004230746408961571,0.012538301373973607,0.030236260793848856,0.00030958673220163167,0.0001566098925129009,0.009571513881715735,0.018313533997865145,0.0025331739334782974,0.0011467517043117403,0.007730712192089003,0.01402405781925716,0.005057808128925616,0.00277074434100375,0.006680670903857495,0.020241603394614113,0.0061676643517138904,0.0023546688574025264
392.1960823533334,0.004131713315717312,0.040995429230743285,0.0006165213106734893,0.0004312556310888452,0.012522864872334212,0.029530727107812706,0.0003050182302017723,0.00013033640426237902,0.005717621319548834,0.02390405651343895,0.00243284248198582,0.0008893020480996175,0.006869585536115345,0.01617274646725269,0.005035205232311266,0.0027796085219940754,0.006662475811663578,0.020327194507243983,0.006165646993981082,0.0023585285197635203
392.0423402591141,0.003882136904196765,0.04089589181876948,0.0006208446063485272,0.0004388753849689619,0.013101198457553543,0.028961891803257207,0.0003419147143844345,0.00017031330733430862,0.005581911295276428,0.03163999502383392,0.002811978408319855,0.0012200159692383856,0.008657486661416254,0.01496773998129925,0.005039341594222802,0.0027478662865110274,0.006573592880637467,0.02018889894482023,0.006155933706792003,0.002357797646035247
391.88871865242953,0.0038814338189244236,0.040893844258982924,0.0006246415056612257,0.00042392703530186944,0.012383061473732587,0.02999767019015936,0.00028346294148940364,0.00021407052792754122,0.007672497688536567,0.019965319304122032,0.0022857281902075835,0.0017272897505591627,0.008132590511045494,0.014151909431502869,0.005049902272066541,0.0027838198391965684,0.006609537849639046,0.020319421326707488,0.006157486171701987,0.002351182864993276
391.7352173916961,0.003844970063733909,0.04081940147967129,0.0006267825284764546,0.00043061838223105596,0.011705870662283457,0.029393361453614972,0.000220660149931362,0.0001615133257856563,0.016301736225891778,0.03120163062994777,0.0016320924870898519,0.0012842297057186615,0.006331256422362672,0.013340721844891485,0.005008706616784919,0.0027620780842852258,0.0066529507879954245,0.020197279483068122,0.006155098356835286,0.002347407867945485
391.5818363355521,0.0038280963073453354,0.040943373010189354,0.0006232752267249947,0.0004297590882942931,0.012109191420040624,0.02952496633907078,0.0002575184607650258,0.00011465116336827924,0.01262351175187179,0.025329355397708756,0.00203628125337883,0.0008559607959820327,0.005934200449987679,0.01552399241301003,0.005068794631345067,0.0028125426235451278,0.006793964752770991,0.020212157015599735,0.006156408461119499,0.0023471668768700305
391.4285753428572,0.003866570403200023,0.040627857375791755,0.0006226351687252396,0.00042934899066017886,0.011858261124420247,0.02951927535486938,0.00026489131112384306,0.00011938491500642167,0.01014959174428882,0.02778010276516649,0.00207900128327593,0.0008391750514277388,0.010952965490180159,0.013419074752306484,0.005056127108382727,0.0027582773699833603,0.006916809147203415,0.020074667137563826,0.006159604947490814,0.0023486574295415443
391.27543427269177,0.003913508543680673,0.040805220135083566,0.0006267930250553609,0.00042520464225983683,0.012827569993388755,0.029138543357748452,0.00027093117974998424,0.00011898922119109107,0.006512362943759826,0.029599639646087725,0.002131691488252622,0.0007595986383136118,0.0059207025185345095,0.013810002310287115,0.005029654914955889,0.0026966845911123097,0.0066254182296288724,0.020122822955807286,0.006151592265379659,0.0023448323475470747
391.12241298435674,0.003852044476978915,0.0407845901054003,0.00062097926836177,0.0004255769038423434,0.01273354925231777,0.029076963450723258,0.00025380635676210584,0.00012274390557600896,0.006645570076593147,0.02689150190708731,0.0019614312787100763,0.0008641444799435478,0.004293964280041226,0.017590383210775808,0.005027558177667374,0.002764739614512523,0.006753237409268266,0.0203835715070387,0.006153518054997592,0.002344157855486883
390.969511337373,0.003823455719752131,0.04081444150219461,0.0006211689478333418,0.00042271702704101285,0.013319937318746563,0.02973494198646643,0.00027239408427579486,7.459777016714487e-05,0.006468927107906533,0.02283907095942385,0.002185583704328528,0.00041112072254989807,0.006797285610155481,0.014311467282236078,0.005080322581014623,0.0027377847473423903,0.006570898374254696,0.020194659855825442,0.006150760398701168,0.002348213253025929
390.8167291914811,0.0038936957449953033,0.040603720513197814,0.0006258243495010946,0.0004242570379113637,0.012059142680642763,0.02923607050377127,0.0003117864218243861,9.771101691803909e-05,0.010125441043366686,0.02804507646314238,0.002508129959520801,0.0006234664490649987,0.007865172099134883,0.015495748889478253,0.005012249062279124,0.0027968444158396003,0.006458468809317711,0.020116630609517697,0.00614649532987699,0.0023418539993516566
390.66406640664064,0.003777913150313053,0.04112633362409042,0.0006214956026859466,0.0004285571253347534,0.01267087268611582,0.029736388635470276,0.0003016398799618793,0.00012289524765223407,0.007089080181267442,0.02021736868881861,0.0024044939921101915,0.0008257837709912507,0.0068319162931171264,0.015202637488809189,0.005014983578646779,0.002768839648515017,0.006704234883616005,0.020183860814022007,0.006147956757577391,0.0023415651226961413
390.51152284303015,0.003514575906760848,0.040731788248034397,0.0006221747513133061,0.0004236684653196819,0.01287811596971972,0.029298801259189874,0.00028875299372532975,0.0001281453205290339,0.003086571933428025,0.02548952811040311,0.0022978011477337045,0.0009042935539223126,0.006208328481458355,0.015884130817688105,0.005022745969447305,0.0027652301146948253,0.0067271837560669975,0.020044499999191275,0.006139839865884556,0.0023375597261726627
390.3590983610461,0.0036788863653313274,0.04022789959238407,0.000623165163993555,0.0004273514277097179,0.012702300482029357,0.030003872648598585,0.0002795113844752289,0.00012803639400731906,0.006899198668332221,0.01909173275489697,0.0022403579236831904,0.0008726048703425521,0.008161024225762358,0.015225851154335949,0.005042487169421027,0.0027463829893780776,0.006697792971509188,0.02027734739041013,0.0061380298079614206,0.002346309706262049
390.2067928213032,0.004217631406059417,0.04078605268952647,0.0006211630857916778,0.0004254592565738803,0.01270571914701352,0.029073310244416336,0.000272910826285987,0.00012219427903678576,0.005128750810768708,0.02981474033739218,0.002161862513590033,0.000848606309106734,0.007641605384815556,0.013430709064162999,0.005035920806804356,0.0027741286875797118,0.0065495341310873026,0.020083190618205456,0.006138173182841002,0.0023470730408642446
390.0546060846334,0.003128961305844389,0.04096482081908124,0.0006237249396083629,0.00042674124140291574,0.012301218036852067,0.02944792916452113,0.0002658780304465788,0.0001107960618598127,0.012017972028485235,0.02442528702458075,0.002127784594671145,0.0007430680314946209,0.004541819403558636,0.015201619787478611,0.0050703784918908834,0.0027529113328581267,0.006553759115359437,0.020353244162900644,0.006141108452872004,0.0023432508830827613
389.90253801208587,0.0037414189026978317,0.039620935955646586,0.0006204168704786429,0.0004259888057575829,0.012108916244382168,0.029286559381013936,0.0002913388492015861,7.806616739871396e-05,0.010790428269317918,0.02898373062965667,0.0023766750124646135,0.0004049933487308567,0.007211401481082814,0.015022607581728164,0.0050729974336726335,0.0027256104560837574,0.006444161809220691,0.020254625938881263,0.0061382438160677046,0.0023433702692873394
389.750588464926,0.005182035972613884,0.04019171245347622,0.0006203859382324702,0.00042518935191567837,0.012180589450832268,0.029427144410506114,0.0003243753137211302,9.631005249038037e-05,0.005616601202065713,0.026801242637039535,0.0026282573774249643,0.0005943213135198197,0.0075448218961215435,0.013159955262178216,0.005007913496773033,0.002762540935086462,0.0065954093474112725,0.02035720890296054,0.006134199570431174,0.0023402860831673736
389.5987573046358,0.004185569816234399,0.04119292653148212,0.0006207528092449383,0.00042551467187169553,0.012490569946741501,0.029389857722363407,0.00033949381575001843,0.0001496274242841675,0.00714679351110118,0.023605780341077433,0.002776281306517548,0.00105734065903037,0.005387972655799541,0.014718671686898006,0.005006714921915801,0.0027331796630630668,0.006890827741733487,0.019970040123393998,0.006131748729925459,0.0023393301205682985
389.4470443929128,0.005378552489905618,0.04086018891493878,0.0006224569110604921,0.00042682902502609935,0.012613496227406828,0.02958119501203394,0.00028166178026522423,0.0001843672860736174,0.0036991323832998124,0.020645054765428536,0.0022274515774230886,0.0014439027163779604,0.008861385556214352,0.0163456995168993,0.0049939652165943635,0.0027723821718295327,0.006708856027249916,0.02006462544127668,0.006129648766212972,0.0023383263373706513
389.29544959167,0.005153781618304295,0.04112860581610596,0.000620089154983945,0.00042211158769440765,0.012390935959818893,0.029165433640867287,0.0002209209683672738,0.00012717852283971446,0.003984124548891975,0.02752148175518782,0.0016369889731192614,0.0009596077693443806,0.007597270081037023,0.013199662289423071,0.0049934124027250365,0.002747127242864198,0.006822646485517716,0.02008160878668006,0.006130019651854169,0.00234071983733759
389.1439727630351,0.007508995664756,0.04184249152482751,0.0006133689805651286,0.0004250243716824504,0.011433427612033463,0.028898322233265175,0.00029900631188989725,6.241846586593854e-05,0.011531999655701375,0.02985376901348418,0.0024232849030192344,0.0002975407032400728,0.005096327879001443,0.01352470043259234,0.005025933665652561,0.0027874454387351384,0.00649174762700164,0.02006569882653864,0.006128308140902043,0.0023374763290859774
388.9926137693505,0.008055979589723988,0.03245666746659831,0.0006179224121475604,0.0004255699671762605,0.01330932779621066,0.03072911765330355,0.000350110659311225,0.00010288060995974991,0.004320971748425114,0.029031151842898697,0.0029196245663156836,0.0006695030029543276,0.005225756098752963,0.014058703726123648,0.0050430781736767695,0.0027981920361319487,0.00664249842008185,0.02029006820731474,0.006125064211396143,0.0023386600895315838
388.84137247317267,0.0003058289029762113,0.04062219221559893,0.0006521274555996736,0.0004556448689522089,0.01326523118130631,0.030110447092279127,0.00035843283730761414,0.00019701266800301303,0.012339198586255384,0.016881563073121112,0.0030395665903733006,0.0014510032083179143,0.006873505221992968,0.014394974701367646,0.005028135866560885,0.0027358001229927206,0.006603687692215988,0.019945434570331468,0.0061221323836482015,0.0023366497923487713
388.6902487372717,0.004923855119947674,0.04291748194269682,0.0006232438846156614,0.0004302497956415679,0.012317255622942279,0.028866528403499403,0.0002767212895196954,0.0002152972374948667,0.006447747309339802,0.02399391877843459,0.002238819377089912,0.0017236572307593222,0.0073904944375952865,0.015621330182221728,0.005003854541899359,0.0027482679854205017,0.006430882010930739,0.020022422959201154,0.006120245656884062,0.0023365149119508846
388.539242424631,0.002181715153961141,0.04081605009861311,0.0006247290142144729,0.0004232591604467435,0.013747059498774373,0.029052158296535572,0.00022662426354362838,0.00014435654761848918,0.005336290577157199,0.02923350451789676,0.0016405788953658127,0.0010731477772505582,0.006747239054426917,0.013947940861826538,0.004945293714745421,0.002661012421572362,0.006561232964239894,0.020042596533430938,0.006120376751131787,0.0023390727053026607
388.38835339844667,0.005620902181684398,0.03582874919301083,0.000613130825138098,0.00040814338987840866,0.012468690294636037,0.031113857642456652,0.00025131081894582677,0.00012947874262739828,0.010991305790686318,0.014891703724597756,0.001958222328856866,0.0008967762276659261,0.008279228466978717,0.016060947825608456,0.005030113060487189,0.0026678695313496407,0.006718889269954513,0.0199708246195791,0.006119012862359985,0.0023324065839584037
388.23758152212736,0.003702551399795152,0.04025135435724664,0.0006151737776602882,0.00044323214412285157,0.012083034607687664,0.029404633846353303,0.0002762046896197114,6.755561625042039e-05,0.009701667693976927,0.024300862111572428,0.002170079732232935,0.00041417477903093406,0.00793912890696067,0.01571115825289507,0.00495602564558158,0.002849682011473112,0.006504338294018336,0.020006548098061936,0.006115476712925614,0.0023309706010717227
388.0869266592938,0.006014804251983895,0.03783910478044308,0.0006205259869698012,0.0004326665660510302,0.012346937708257835,0.03000645125316893,0.0003016771651490894,0.00010866285859203525,0.0041410022995518716,0.0233051965977367,0.0024656391857160007,0.0007058181387201143,0.006938341534878839,0.01444945905468795,0.00504429329247174,0.002803308482257813,0.006448035682936933,0.02020600283064359,0.006113080903886617,0.0023350022162054985
387.9363886737782,0.0058802708897804,0.04283842561671251,0.0006168026048005864,0.0004250345677165969,0.011728494455125223,0.02883403563970607,0.0002875829373908969,0.00012851296207791983,0.013556179211598353,0.025620842785378715,0.002383566760415104,0.0008363060324765253,0.003946354566619788,0.01531662866414153,0.005076707509536615,0.002698612409977551,0.006497474520220446,0.02015036614642058,0.006114002117856754,0.0023340553268392907
387.78596742962395,0.0025363180098166107,0.04020244433808816,0.0006245990626492457,0.00042538864160814694,0.01297877480428376,0.0287937727493784,0.00028234949019454516,0.00011914817134635052,0.006013250864059699,0.030140589915711478,0.0022608744290885307,0.0008051501481690229,0.006816499632963366,0.01553559676542176,0.005003404123333829,0.0027771761741598082,0.006572904208469774,0.020100501992600977,0.006108105942347116,0.0023320896172908797
387.63566279108534,0.005067150446586029,0.04090752527692789,0.0006153584178798876,0.0004212930114354458,0.01241147984616936,0.03129826943576067,0.00025139854048355814,0.00012392281798804603,0.026028393877557766,0.0015773519817970988,0.0019628896567408676,0.0008436187375732904,0.0061928361119407745,0.014224112152655372,0.0050100919221991915,0.0027194761428193056,0.00660950875435489,0.019896230287761312,0.006108817663188887,0.0023277818112172003
387.48547462262695,0.0032674535444401774,0.041247101761318114,0.000617104191987547,0.00042361283579431307,0.01114145828662749,0.029062754990116974,0.0002592953989694522,7.983100199956473e-05,0.02199615710556264,0.032107239170329656,0.0020655536967717964,0.0006041695159300961,0.007537021041466725,0.013478441026985567,0.0050368866445505,0.002795805234667384,0.006439762930733024,0.020100242919891362,0.006106099821325622,0.002330845351118673
387.33540278892343,0.003801749944188237,0.039972462587626975,0.000618946371740768,0.00041949793462485,0.012664105488320839,0.029466291866652672,0.00030685142886820936,8.156185035225923e-05,0.0037357463162465284,0.022967374323509905,0.002495523174956452,0.00045809840223772744,0.006600823144900924,0.015311323517027655,0.005000652823481705,0.0027792178086499444,0.006692471234933143,0.020108227662252964,0.006108400987449502,0.00232823839760507
387.18544715485876,0.004214334418427324,0.04077728346236887,0.0006152165251190831,0.00042006531627905683,0.012224184722876393,0.029734825855483767,0.0003278609047195069,0.00010810482358915046,0.01053516602926013,0.019723721952569013,0.0026846289303988553,0.0006298739281535166,0.006188371391946415,0.013987260370234265,0.005020690119658554,0.002676784091053042,0.006521279482449379,0.0199787482265941,0.0061053108773526585,0.002328293550428275
387.03560758552635,0.0048566208517427404,0.040854301576396794,0.0006215271409731207,0.0004195996957254232,0.011871670226151388,0.029336214611230312,0.00034560116550029756,0.00017739987448281015,0.010148926890203998,0.0218534352934596,0.002979676085116405,0.0013407310071730928,0.006854596764822498,0.01714017213849838,0.0051313422787451985,0.0027756082620832424,0.006556195647369734,0.020053375197937977,0.0061016230277735,0.002327464922641511
386.88588394622826,0.00442355837858579,0.041769658373759094,0.0006144032546923315,0.0004207533666077775,0.011915223478974404,0.028439592797686094,0.0002720462040911794,0.00019285940839173783,0.013886999085038411,0.031006023227684584,0.002062721247921886,0.0015271415330351172,0.007768637557735335,0.014678152483911817,0.00491209940895107,0.0027652920934493645,0.006472717774269832,0.020052640136632608,0.006099401655541979,0.002327138576352015
386.7362761024749,0.003793464523490441,0.041342623839895586,0.0006147649464485202,0.0004229661865943699,0.012917220758037013,0.028471007573903393,0.00023205960013490643,0.00016177162558823018,0.005213768086202489,0.029051109832760415,0.001864957088267064,0.0012039035241459852,0.005170204084364858,0.01643355653764082,0.005076561105057599,0.002644878999402615,0.006424828706598928,0.020124607745298475,0.006096453931903006,0.002327139431003287
386.5867839199846,0.003626873999037828,0.0413630878494721,0.0006159063699503764,0.0004190218337399877,0.01237839547817558,0.029840066693901785,0.00020847726541926452,0.00013389990710805768,0.012879357761395474,0.016849128708211553,0.0016241942497954476,0.0012082292580973654,0.006589386258239499,0.012917683845869493,0.0050808978397472535,0.0028386978634625864,0.006602211770951101,0.02007615247301664,0.006096902915912235,0.0023278826586115363
386.4374072646832,0.0035724212101331905,0.04064790784024051,0.0006163651319364166,0.000422164603267899,0.0116422622633166,0.02871888870034351,0.00026226317437278834,7.205652608410585e-05,0.018344627709108732,0.03195389621303696,0.0020273822300922264,0.00044506590045825665,0.004201714604697404,0.0152509712690534,0.00494184389624621,0.0027269212186963486,0.0065243231205441765,0.019960079412533426,0.006093748971251082,0.002325439975282822
386.2881460027038,0.00374331436685829,0.041162194287698066,0.000615167628904384,0.00042144097802566846,0.011755945659643748,0.02863192994469317,0.00028090729171987406,8.42007188075671e-05,0.011512663161685656,0.02876887983451291,0.002275011178915605,0.0004948279744395477,0.009625792287667067,0.01673072409474671,0.005031164261229453,0.0027435381951074014,0.006461395060742768,0.020045894208008095,0.006094913781846773,0.0023241710349774527
386.13900000038615,0.0033493326200752763,0.040706141658642496,0.0006169754517978696,0.00042358454458185814,0.01225977470575212,0.027492802774557828,0.00030099524333956267,6.39531953602517e-05,0.022888811864371042,0.0430334255969823,0.002482986314606757,0.0002763001724758844,0.0063479755596619275,0.01569351235656098,0.005008930450417611,0.0027625934294382066,0.006485356497136621,0.019981348168448983,0.006090108981875826,0.002323450418394002
385.98996912427646,0.003882771020112442,0.04080026632126028,0.0006173434161817898,0.0004194556083436051,0.012744948006939934,0.027926886505349753,0.0003405304560422071,0.00011906110318601533,0.012547350309863833,0.03721530606056015,0.0029013988923373775,0.0007921804665447462,0.005626994910201409,0.015256977068411157,0.005081695550533969,0.0027449933699738287,0.006488019562676922,0.019997254512176953,0.006090971191593725,0.002324365998947546
385.84105324112664,0.003646926432354827,0.04119415596116207,0.0006128541678007755,0.00042191475504456795,0.013656097375978022,0.028189771892869763,0.0003079528537497731,0.00013992502560957948,0.01137815202990592,0.037456371364979195,0.002562440219746768,0.001095412025437366,0.00637242215119236,0.0122246309134573,0.0050683005700298935,0.0028508209768503003,0.006544913351292362,0.02017873004998823,0.006090458323794845,0.00232048307788565
385.6922522178944,0.0034383654925814423,0.04095109950564843,0.0006155460017673071,0.00041915269284753607,0.012625845603087781,0.02964509846997478,0.0002974251586174624,0.00014724398638421256,0.008888567152598725,0.01637709279739934,0.002419602965857204,0.0011576043978007457,0.008240473067440387,0.015217135068907855,0.005023866718095843,0.0028201410101804728,0.006368045330710197,0.02000269592401544,0.0060821109128726,0.002322056156843139
385.5435659217425,0.0035065958179102655,0.04073444117196715,0.0006158370388475147,0.000420491498081652,0.012684344540704346,0.02928349774243009,0.00025277348058554356,0.00014355339005576716,0.0040177237669567125,0.024099034017128974,0.0019635332577730602,0.0012006493193730846,0.006370119876125372,0.012290570277106467,0.004982493629214225,0.00288799014042531,0.006615505374553303,0.020116032413234914,0.006082102064906906,0.0023233287150372893
385.39499422003854,0.0033952179263478676,0.04062350185238335,0.000614271374362716,0.0004202029852864441,0.012547952842401002,0.029132664699568368,0.00027125592912956607,8.702606549251068e-05,0.005467044353025826,0.0230399477917762,0.0020250512905941377,0.0005239372213522751,0.007402718176063606,0.015882774168033558,0.0048652629896726,0.002768560904688512,0.006453699737928458,0.01981217403997462,0.006080181422805221,0.002321553764526681
385.24653698035445,0.003448417148064569,0.04052434494018275,0.0006131183397116263,0.0004200054430476664,0.012246789169011486,0.02889647603765924,0.00031164438366732835,0.00010493220928164521,0.007448041558727828,0.026820982430298183,0.0024754924784348483,0.000644725059142696,0.007463121118941197,0.014587349134504695,0.004933373560721746,0.0027234268330461153,0.006494249400506517,0.019975781586346265,0.006081194747774172,0.0023210290436923853
385.098194070466,0.003545345677616666,0.04055433015599556,0.0006141841786747939,0.00041933814327313197,0.012569109403460309,0.029898384151688127,0.0003145932779273405,0.00012455395813626942,0.008905858774711214,0.015342447134620796,0.002500380703117258,0.0008205599267456344,0.0064967552857398015,0.014959068464545327,0.004930901512428203,0.002702808748020429,0.006357798633656787,0.02010004726584223,0.006078850425600923,0.002321832744553605
384.94996535835264,0.0035453848889877414,0.0404084735281202,0.000614928759627457,0.00041916696177644213,0.011703003307095429,0.029565925540717554,0.00031339299334672645,0.00016035406451840242,0.015635663981931655,0.02394448204603059,0.0025715440589712184,0.0011562771959109164,0.006846448090448222,0.013311153983088353,0.004998643283138092,0.0027085258406167535,0.006367276874664456,0.01998508367797703,0.006074088530788279,0.002319518069937355
384.80185071219705,0.0036296213632835573,0.04052509367723004,0.0006154898256524221,0.00041944355103222384,0.01231353588449951,0.029100293178752637,0.0002717874579808438,0.00015916989267903615,0.00958691396865331,0.02453451475529802,0.002095141927978839,0.001176246407132251,0.0045079259321999954,0.014871429057153204,0.004912801877615281,0.0027108688867079466,0.006407784202320046,0.02014879941147933,0.006070435631403524,0.002317763330790203
384.6538500003847,0.003520684884360397,0.04043722675215312,0.0006139649730565081,0.00042011675877041916,0.0120635224667195,0.02844075748758508,0.00026241586353451153,0.0001595530375508626,0.011820128872066746,0.03086469850129444,0.00205913960997814,0.0011654501538073657,0.007072063764018553,0.01600028034917103,0.004966903842184284,0.0027001715668133726,0.006433402358054143,0.02007215253175552,0.0060719540956573025,0.0023147798975244626
384.50596309150336,0.0035270508525456884,0.040404655068121215,0.0006151487333262005,0.00041994320016977565,0.012882610708333016,0.028935499724802225,0.0002214238109321527,0.0001515425512225666,0.0023124407655872995,0.02449127211346031,0.0017126631177720418,0.001188055789292374,0.005868880069848137,0.015639822823558153,0.005013961953817519,0.002677288396114192,0.006437273926280861,0.019943566723670737,0.006070965445236248,0.0023157572594540723
384.35818985434287,0.0035648136810680336,0.040478199810329095,0.000615025916852237,0.0004213589756320347,0.012770785054521715,0.028555272118304855,0.00023521702660196019,0.00010034750554500822,0.004395693523514527,0.02876811887296111,0.0017624881760087807,0.000738200468390592,0.007045327010224659,0.015766642785613617,0.004906445403196065,0.002762551895519222,0.006404810816212231,0.01999089115274365,0.006067948845113583,0.0023150959336031116
384.21053015789477,0.0035082798835300247,0.04040434196024494,0.0006104019141588772,0.0004169936584821565,0.012860751725910101,0.029076032674755652,0.00026844802923031713,7.55695978180695e-05,0.0036207877356950373,0.024000571094453135,0.002118951184377422,0.0003678257149332054,0.004004388434935284,0.014780141038318864,0.004970868836434216,0.002630412660015622,0.006550999195358263,0.01979575860218426,0.006066874928876079,0.002317906498233887
384.06298387135183,0.003653180338733941,0.04052745938669198,0.00061176573918344,0.0004185433321659195,0.012206946705819907,0.028603899687040787,0.0003163955065149948,7.821552843783368e-05,0.008457277356500493,0.02840842306092499,0.0026401308769677793,0.00047097718160805935,0.0070226467163498904,0.015279836366610025,0.005013975026958503,0.0028032777224911713,0.006369716937647389,0.020126189827448872,0.00606445603585432,0.002315087367908521
383.91555086410756,0.0037405258263770477,0.040553969013131914,0.0006116106443081242,0.00041409001059788134,0.012703995341931505,0.02969301686269982,0.0003171619057959854,0.00013701107986628476,0.01172288753389978,0.015543847465463846,0.002631009701929088,0.0009286207709751225,0.004284742175056946,0.014531085811631168,0.005020469699112908,0.0026891207006152335,0.00652549046985969,0.01995363568798377,0.006062566299506759,0.0023155321490084917
383.76823100575604,0.0036957085397300435,0.040001505808152454,0.0006122373781788878,0.00041660434467718864,0.012239674208035983,0.02868684393401086,0.0002760746205569801,0.0001442959992649123,0.006510297106072715,0.02777580999981546,0.0021983331907416415,0.0010386698664677997,0.007513526088896901,0.015608301776080807,0.004961904132852574,0.0026941627129033674,0.006330904259563789,0.01999374438964675,0.006056755313827454,0.002310077397655652
383.62102416609133,0.003541701494198385,0.0402762232194537,0.0006308255569717985,0.00042675119076091754,0.012212577060320058,0.02903663337202083,0.0002664087660097672,0.00012366105527165193,0.007372764808200743,0.02556757636705463,0.002107149925996457,0.0008385968616395282,0.007881376083307606,0.013974306157982994,0.0049416494748143434,0.002713876648612562,0.006395530131943248,0.02007736593038108,0.006064559257354174,0.0023020324872295213
383.4739302151074,0.0036220604877196753,0.04049307692340742,0.0006121440882645718,0.0004159463237611403,0.012773122795604863,0.02876693844623883,0.0002553342343542641,0.00011109614715407795,0.0030039031716062262,0.025048397343719275,0.0019495485691563947,0.0007270574587056639,0.005644024716353657,0.01589088572349593,0.004932729141662734,0.002673358387938617,0.00647322087762281,0.020103701955606675,0.006052818799898583,0.0023222793930206044
383.3269490229974,0.003352456919001433,0.040250512595496814,0.0006149715036995936,0.0004178206509067976,0.012563742159243187,0.029261158872986956,0.00028660983091674416,0.00010098252808635125,0.003990613237491178,0.02204034248962462,0.0023390459675162326,0.0006017850126489809,0.008250487339903051,0.013562914905083568,0.00499814819982105,0.00268493653873809,0.006421865173992699,0.020169219689627677,0.00605982076911954,0.0023167947710064606
383.1800804601533,0.0036750031617245947,0.04005724649717512,0.0006120587816604057,0.0004169057339811431,0.01264064260903025,0.028342924654911127,0.00028814934923227127,0.00010792051769513012,0.008501492246611755,0.03134697747551563,0.00230350959571173,0.0006700229797365828,0.005129623834891928,0.015918939424237805,0.004949699681185851,0.0027053594222164997,0.0062417899379247025,0.019956869782117675,0.006058330986501321,0.002313450783910051
383.03332439716587,0.003683940569984112,0.040336536794657284,0.0006105456488078951,0.0004194875075463881,0.012948738135663926,0.029158651298376727,0.00030062957135021265,0.00010574189398484923,0.0029307756881893367,0.02077572316817492,0.0024408969005745985,0.0006171773208308012,0.007260853943726817,0.015782649928639328,0.004962158752932582,0.0026733356513835745,0.006434339910551205,0.020025116808725225,0.0060534849750649485,0.0023118640639842114
382.8866807048239,0.0037569337048449455,0.04020403496202492,0.0006139099947960425,0.0004178234562542082,0.012173594797594847,0.028965711706147073,0.0002984303052477997,0.00013269082981029646,0.008685256653026656,0.02415971012493872,0.002382785215168019,0.0008883699790585451,0.005399855445348469,0.015075278402342615,0.00493455209364899,0.002693979434269452,0.006502918676478124,0.01979671418405659,0.006051926551786293,0.0023102953668050954
382.74014925411416,0.0037152647718738927,0.04045749305639857,0.0006111366013410829,0.0004192818045785108,0.013235717036300113,0.029295406864906417,0.00026577787347848515,0.00013117355908618764,0.00699149469705706,0.02173426802696533,0.0020822017397694893,0.0009660655357729432,0.008142196426940492,0.014884952367482688,0.004945738863317264,0.002778135855114199,0.006458681507592865,0.019981849666409975,0.006050250468839249,0.0023097872928278885
382.5937299162204,0.0034921418932009713,0.0402569063713997,0.0006127605848308789,0.00041820770738629784,0.01202898813079615,0.02932647936755557,0.00026747723187267586,0.00011971133426135341,0.012140457653634917,0.021011914903935523,0.0021371381169510884,0.0008458401728560534,0.005850790668475265,0.014650240694378645,0.004985657723263261,0.0027406789527872235,0.006469417990146291,0.020050514407201406,0.00605041339042826,0.002307758266535231
382.44742256252397,0.003621873265346629,0.04032746168111112,0.0006104013208467773,0.0004175863014124329,0.012611157167185985,0.027504741846405212,0.00026526913508625425,0.00011804231676971483,0.014084376195693554,0.03970081272846498,0.00213193792753112,0.0008548314068982057,0.009945023841847398,0.015290988141350331,0.005003451552625036,0.002764236024629646,0.006265413741140395,0.020133782710362577,0.006047526646056713,0.002307740722264367
382.3012270646025,0.003542234282415373,0.040326607997639985,0.0006106157888330763,0.00041880250797091443,0.013643347316454297,0.02918706116718561,0.0002776820938421469,0.00010004327377151726,0.00673888302473391,0.024154626553403943,0.0021887276237120036,0.0005763411162949635,0.004974365221962467,0.015223129668468493,0.004923852319358578,0.00267715191588595,0.006321542696732135,0.01998416361875575,0.006045910254295185,0.0023087982656838104
382.1551432942301,0.003589437398303004,0.040233996697287305,0.0006106940409060349,0.0004174129975146661,0.011925902090940368,0.02939295979204217,0.00028291801075862517,0.0001062105805411885,0.013131192631227575,0.021287161751654272,0.0023406736069098736,0.00064539673283581,0.007079080809401347,0.014667846143239878,0.005039977630793135,0.0026780487588416676,0.006250594143913185,0.019951547386501452,0.00604222315965264,0.0023086723168950505
382.0091711233767,0.0035902110801175283,0.04026093331392051,0.0006099564663622407,0.0004180183866232039,0.012775245616602189,0.029009565676325084,0.0002977604260431122,0.00010628575339058485,0.0010510848499629866,0.024189257229427306,0.0025080246767981693,0.0007259240004033764,0.007136350280637542,0.013058236141880744,0.00506037166986057,0.0027780242135536618,0.006474709501674005,0.019995124874764635,0.006042818614339535,0.002307307225686199
381.8633104242078,0.0035491561794146523,0.04023322177413028,0.0006099604862611036,0.00041746415278942655,0.013020341982065866,0.02867824317259463,0.0003001789652449201,0.00013104086938657593,0.002148718097476959,0.026373369906591542,0.0023350531539768865,0.000862011174370847,0.007267177413050212,0.014982819993608605,0.004853894624621508,0.0026541326088559353,0.00637410339930429,0.019998848040987973,0.00603834653310165,0.0023058901116495773
381.717561069084,0.0035977894757547556,0.04047058295735268,0.0006113780190127601,0.00041791801935834715,0.012433999693795482,0.02950365799294514,0.00028298895232160685,0.00013916064508214302,0.006651083910391576,0.01741035176766718,0.0023515380139319465,0.0009773428579773213,0.007609982358918803,0.013862198939447795,0.005031582350601859,0.0026990590042033843,0.006263724094580627,0.020036573657238668,0.00603715430977353,0.002304622024530052
381.5719229305609,0.003969994994267839,0.040180157121560256,0.0006107356072028075,0.00041650439025215497,0.01180589443185536,0.029699687491974325,0.00027210047846647743,0.00013313591542547836,0.014819862466656333,0.01871403474687147,0.0021930307119821333,0.0009843719081858672,0.006919775534570111,0.015454586509050591,0.004984823227513253,0.0027522385980811607,0.006371497861663611,0.019959660133542053,0.006037289679817826,0.0023051893618037567
381.4263958813883,0.0034679563956807355,0.04044580652152077,0.0006102324714341108,0.00041663269393833654,0.012659028415365432,0.028259719500911003,0.0002639174109851361,0.00012614100698383124,0.007845244877899936,0.030605489707455764,0.002108504980938396,0.0008626844715764616,0.00749438094626375,0.014866649141790134,0.004973405951823114,0.0026902036771637035,0.006378764253064237,0.02003079957266193,0.0060338856577213,0.0023016251061406838
381.2809797945102,0.0034865662143217465,0.04017253603102411,0.00061018828598389,0.0004169546142361339,0.012475971313893075,0.029578469504076686,0.00025969671400787633,0.00011341620250285188,0.009964058404913507,0.01542265629801251,0.002110659831638468,0.0007514601878573381,0.005469419550305262,0.015079171875886614,0.005012385697899938,0.002678301262128191,0.006327358709952291,0.020215944535147107,0.006031177179539025,0.002309245829413868
381.13567454306406,0.0036911153823401457,0.040146394323477996,0.0006090120336110657,0.0004164407940897145,0.013028310156890406,0.029481634961002697,0.0002716822229756385,0.00010195903667536937,0.007567119090092289,0.01778303797172741,0.0021778833989755707,0.0005727414105594421,0.006335730350756346,0.01476433509763859,0.004968710793697821,0.0026242668760339755,0.006287632589786672,0.020135329283068815,0.006029157271002363,0.0023064857083747014
380.990480000381,0.0034560821615023784,0.040126556753801126,0.0006098950355470156,0.00041721182381269294,0.012375803776215609,0.029957720595173598,0.000284439942422771,0.00011030019263717884,0.016219602973462317,0.01183672791065476,0.002433108887079752,0.0007759393347711074,0.004819198833099193,0.0138444831615153,0.005101130758427112,0.002763162300346869,0.006202063169882776,0.02009405902331693,0.006031793197586398,0.0023025740510012106
380.84539603998485,0.0035557504072172303,0.04010039837077966,0.0006097331227793497,0.0004162917572322919,0.01177699011847346,0.029371820623345146,0.00027664674973062266,0.00011479577543959868,0.013646787941958543,0.020604024140129504,0.0022300774538054997,0.0008408524048884394,0.007955073349225543,0.013736231450573545,0.0049655298552047705,0.002788967240053078,0.006365501726350763,0.020111769118123606,0.006028029886230504,0.002298273130404717
380.700422535592,0.0035218743655079016,0.04009562230632794,0.0006087174095701887,0.0004166918776647607,0.011355790670125567,0.02874169945941521,0.00028589853937619316,0.00011476016475190327,0.01780470406699448,0.027755438596912232,0.002310118321706664,0.0008328847146655042,0.005550611531286561,0.01624835578402888,0.004957544216937409,0.0027842189678594347,0.0063304861569529304,0.020178115546251697,0.006026296479442272,0.002300876325254972
380.5555593611112,0.003564682333215628,0.04006193691556845,0.000610153193538419,0.0004165978216471373,0.012072010422372718,0.02822205231521135,0.0002785219166934939,0.00011921273473816909,0.010049847481760419,0.03133717270236396,0.002130529257498306,0.0008232658375649558,0.00733406342359336,0.014575550800977326,0.004843571663583613,0.0027302744402822325,0.006214556875671872,0.020250225380360597,0.006023871911837798,0.0023004148017378386
380.4108063906429,0.0035241803513490757,0.04009372896654194,0.0006087972345260881,0.00041476768092499924,0.01238078773689467,0.02908129347279565,0.0002819801873544712,0.00011421932125142818,0.008134420344364903,0.021051345363165115,0.002266318787429143,0.0007506289846230455,0.007053620908932697,0.014856076898660942,0.004951022807908136,0.002699173488019991,0.0063691331117114915,0.02014925824857695,0.0060239518008419046,0.0023016162084173314
380.2661634984791,0.0035564314272412707,0.03996935883839878,0.0006084370219323578,0.0004155976477329979,0.0127741793855069,0.028730157551546055,0.00027949402239903936,0.00012598813351501667,0.0013851319608822958,0.023547620583525036,0.0022315845584517458,0.0008237675905912534,0.005889345405583318,0.016285003774092924,0.0049375003188442245,0.002660614651631589,0.006356146134380509,0.02019598824576568,0.006018711921898036,0.0023006232533201347
380.1216305591031,0.0035699594427656064,0.04001151235329269,0.0006084971434944436,0.0004159325474128223,0.01278968846773223,0.02932792305618208,0.0002664859251895595,0.00012044857148272991,0.006466491193067243,0.019083013108441238,0.0021536543099570002,0.0008661953597616826,0.007071653162512822,0.01386280876750298,0.004979374480876264,0.0027396186632597597,0.006193300406466985,0.020312107656431676,0.006018038690968287,0.002297421858630346
379.9772074471885,0.003602174353969906,0.04010873181535453,0.000607071244617165,0.0004160122562239253,0.012597141085441665,0.02812684216011323,0.00026941666539199077,0.00011568229707092418,0.007326041647609735,0.030500114237450648,0.002144752986022232,0.0007914601209726939,0.006592801118306538,0.014833171914927043,0.0049470660476849,0.0027165917622989115,0.006291854826525492,0.020311831345261187,0.006016587614144427,0.002298227940936714
379.8328940375998,0.003539626820054465,0.03984846679815621,0.0006086089875379677,0.0004155313655056698,0.013211466770495076,0.029490969702450312,0.0002743347456014593,0.00010016926116201905,0.009872772269146757,0.016980081214262435,0.002187560263879247,0.000637114960957643,0.007390279282689627,0.015006967081893162,0.0049314744642169825,0.0027009053302295503,0.006155591297850353,0.02035152428365588,0.006014481558575795,0.002294398600410217
379.6886902053911,0.0035043486298295366,0.040003956787957595,0.0006074496352312139,0.0004153746378087821,0.011816730810917627,0.029551365575886206,0.0002971797389464743,0.00011183503983084839,0.01582302384806336,0.015960377298511318,0.0023941437743167445,0.0006963129844783118,0.0054394114093946,0.015581799692631852,0.004933022933679912,0.002669867928130529,0.0063368540897255484,0.020489197419688406,0.0060131914402477005,0.002298029592063687
379.54459582580654,0.0035441351073908912,0.0401331215926234,0.0006059347394551643,0.0004143000301861239,0.01306704534200238,0.028846182037339706,0.0002832716971619436,0.00013546951691164428,0.003900590644692469,0.023372765926327803,0.0022849936846331066,0.000914539515867693,0.006987436439481093,0.014557373496528917,0.004960370498033705,0.0026534966932181252,0.005998228418959208,0.020478184817418022,0.006011455920907066,0.0022968448743224163
379.4006107742793,0.0034016914288618636,0.039961405461201464,0.0006085552385004688,0.00041482357012760835,0.011956144222205835,0.029623289147300277,0.0002606788581509176,0.00013330155062886358,0.016469260296187616,0.013886102352229947,0.0020324547342938032,0.0009902559765477383,0.006142434053887291,0.01641067949363101,0.004904488454464269,0.0027478831953464734,0.0057090050134719315,0.020851491140588332,0.006010693370829676,0.002293753329382175
379.2567349264316,0.0035390085470739683,0.039883339849504755,0.0006095991610295221,0.0004163078558259463,0.011892280340832938,0.028902643486277784,0.00024877909126032755,0.0001160314893251125,0.012564510547644677,0.021926317717787677,0.0019982849897782805,0.0008095234196345436,0.004455546176911298,0.015660774257763358,0.004980181671841713,0.002694082069501565,0.005967274728088215,0.020683149187220844,0.006008249394771796,0.0022955267658904804
379.11296815807435,0.0034726360246647883,0.03992951918907957,0.0006062577247912598,0.0004134430563061906,0.012285673992841127,0.028453316933789465,0.0002640958041278087,8.920059424156519e-05,0.006906899428383261,0.027113786431973933,0.0020919802992905253,0.0005918273893329414,0.006607877811394178,0.013630086075217497,0.004927842940113115,0.0027348750283993964,0.005433252073646163,0.02173940471616225,0.006006528906550402,0.002292595322965061
378.96931034520657,0.003600478470288867,0.03987715068572008,0.0006072313138990327,0.0004155904204315132,0.012919508181793812,0.028991494832906757,0.0002900010424219703,9.027797173690165e-05,0.0024367425901680464,0.022183856824757337,0.002353858493984683,0.00047045946453976825,0.006494118038872581,0.014590259151847824,0.0049540771153596536,0.0026390065936629063,0.0018426898134372414,0.019341628189518796,0.006004569216588218,0.00229281232538829
378.82576136401525,0.003565827520691601,0.03993313886672518,0.0006058067136565648,0.00041258615676486167,0.011780928178950965,0.029475792820883313,0.0002982853687551854,0.00010677534892330548,0.01118967142234004,0.017369478835469496,0.0024145272787298344,0.0006504213243534696,0.008198384418698036,0.014452584374360701,0.004923707588988837,0.0026643864427959114,0.014967264304758107,0.019734422629626408,0.006000308044657777,0.002294463604357326
378.6823210908747,0.003551928419872123,0.03987714842693888,0.0006053713147237277,0.00041316055348596895,0.011442442055073053,0.03023544508315246,0.00029433557492041174,0.00011979895950322174,0.019655164026432966,0.013446864966056857,0.002377642930314151,0.0008015574664372498,0.008089587430216361,0.015238694369072346,0.0049358963676643984,0.0026910615106104058,0.009911282030835055,0.016286849960521817,0.006000634036234663,0.0022930181816230525
378.5389894023468,0.003563275853354624,0.039883955092968826,0.0006073022682186305,0.0004150538148959793,0.012724110312533536,0.02826118053741409,0.00028381897318586227,0.0001240722898800903,0.005092157175320673,0.030030643172239968,0.0022633519754278473,0.0008461461722913941,0.006881806040715491,0.013915788842104159,0.004912383697697948,0.002701353886296011,0.00648667480319197,0.018257312724115883,0.005997887926027361,0.002292054243561726
378.39576617517974,0.003592680018105951,0.039907068142680434,0.000605650231737324,0.00041422779774513143,0.011657915431661284,0.029312503317742624,0.00028268021542925353,0.00012671925091807445,0.013652845323835596,0.020304901346761012,0.0022961315912550908,0.0008739855333208198,0.007253431524399767,0.015105411892634613,0.004952857330961376,0.0026946325319570485,0.006501064982396087,0.01925046565984315,0.005998009054184816,0.002291048444668592
378.2526512863087,0.003527204180356371,0.03986731765891264,0.0006060940067181811,0.00041406838916764507,0.012696949100638675,0.028098733938760456,0.0002709574558908376,0.00012014706237784846,0.00802725012788704,0.03010442836703498,0.0021154192646976305,0.0007963626449709213,0.008415022150245184,0.015666643453985836,0.004885506576228082,0.002676855599353756,0.005522896344033731,0.019313715871698056,0.0059948156019049206,0.0022894365925336018
378.10964461285454,0.0035654647596553893,0.03983261859280636,0.0006054081249973872,0.000413175101733877,0.012619470853349385,0.029089876158537923,0.000278555605733119,0.00011279192548564518,0.004145568005056329,0.019033657867834116,0.0022080286136106153,0.0007614844062055473,0.007373096518760136,0.015027727434238669,0.004905023494892217,0.0027084341609742825,0.0069431223604704,0.01964291441219172,0.005993777406563361,0.0022896404327758762
377.96674603212404,0.003564379565311147,0.03986411661247105,0.0006051748885373937,0.0004150436008603608,0.012695261484230112,0.02861684573746129,0.00028086187310122194,0.00011760417528486829,0.0019581791146021602,0.026217542124978427,0.002239386633628937,0.0007639163563062342,0.007402451546958403,0.01406261595076768,0.004913482975577813,0.002669842741774624,0.006807183781608062,0.019146042927606882,0.005991943673165605,0.0022872395963674853
377.8239554216094,0.0035463668370593455,0.039842084648524505,0.0006052667520584032,0.00041347713847700594,0.012343747326040072,0.02915727602003519,0.0002883531775046861,0.0001252249288882234,0.0055243559221801125,0.01885066758867685,0.002288287889118803,0.0008765468559946362,0.007499426512605491,0.013980678167695982,0.004876577214649276,0.0027138136121072475,0.007037973863939814,0.019500006748269925,0.005990248883687681,0.0022880403793785788
377.681272658988,0.0035883836172393452,0.039835781274171776,0.0006050403677550259,0.0004137011153912998,0.01236125902617782,0.02816794871343296,0.0002758679952872533,0.00014430577319076086,0.007498023999414354,0.030917011786074377,0.0022312173681185645,0.0010108699817778155,0.007145142194361371,0.013534762998290605,0.004950786347914013,0.002648670022610398,0.006486135621029958,0.019161042106329813,0.00599100226637919,0.00228880907009681
377.5386976221216,0.0035251601740278536,0.03983818422857903,0.0006058366716560676,0.00041308307859779463,0.01286127475402138,0.028510883162336745,0.0002462240098931171,0.00012950492521270155,0.003661012850149547,0.02707875980762333,0.0019511242396491808,0.0009230801234349481,0.008021079042469277,0.013306447204901884,0.004946701292427787,0.002701979879337555,0.006495545374210106,0.019526093737603358,0.005987618303475714,0.002287683724404599
377.39623018905667,0.0035639238424962395,0.03978852726716552,0.0006047718432442936,0.0004145627119311472,0.012698373223542237,0.02957896264323308,0.00025901986766397434,0.00010161404786885828,0.011016266994056561,0.013820826218118424,0.0020384746797325777,0.0006432602414408628,0.006251945568058432,0.014148848026014519,0.0049062117099494896,0.002687830107699478,0.006565811561079437,0.019493307225760592,0.0059859714826736,0.0022874680449016128
377.2538702380234,0.00355909553623924,0.0397966496577662,0.0006067764496914658,0.00041562173914516025,0.011796933185479119,0.02856708384969532,0.00027211264828824126,0.00010178634886377763,0.01042527931847986,0.027201570316975437,0.0021886725362356718,0.0006664895394745778,0.007475414424876102,0.012612280662289794,0.004927837185243018,0.002720071452321376,0.006426756176448402,0.01955539810549836,0.005982903993540821,0.002286247733102274
377.11161764743593,0.0035018655322061375,0.03977954268606082,0.0006064449119522873,0.00041463547350945506,0.012713446541281162,0.028595706830676283,0.0002829492094803719,0.00010577735354667738,0.0010309972820609218,0.02522261712905952,0.0022715829566067407,0.0007420371014460439,0.008155824422695405,0.014109475042095967,0.004903700091410615,0.002765793701500124,0.006649297263770276,0.019584372286106176,0.005983383033435692,0.0022851427883550947
376.96947229589153,0.003528790256780969,0.03975393487177594,0.0006065005254002597,0.0004125650755101777,0.011830161916806636,0.028527824561269313,0.0002758436994822974,0.0001156624959292175,0.009993853471204513,0.02668471887538428,0.0021882779080242267,0.0007518269802694818,0.007039780517197548,0.014246584487751913,0.00489311050136465,0.0026599331695606196,0.006528260343849225,0.01949739152644997,0.005980945124458072,0.0022835320359361555
376.82743406217037,0.003518823098862431,0.03974327723745464,0.0006045131918727433,0.00041559279283781835,0.012245050089242853,0.028443478653045636,0.0002818259624024789,0.00010485496841004497,0.006664169443510995,0.024904517999141017,0.002258622870947873,0.0006680821371279822,0.006297512150599103,0.015971304387458585,0.0049007870104777855,0.0026956264169386655,0.006530257899108626,0.019623392580323886,0.005981215956140844,0.0022836594078630324
376.68550282523546,0.0035179757672662458,0.03978458875828669,0.000604551717467127,0.0004138237313190104,0.012367899608211682,0.028820225192360417,0.0002899614731376291,0.00011795870986997314,0.006209328199949192,0.022814104829240896,0.0023400021653485945,0.0007720688556136233,0.00577572459909938,0.013104765436272287,0.004904219444615141,0.002660844797989478,0.0065118101749667414,0.019591682405746137,0.005974103087262468,0.0022748338086949647
376.54367846423196,0.003607016650260685,0.03979790707203042,0.0006041752037370619,0.00041406214540009597,0.013326121992357371,0.02852193607462336,0.00027360101944630627,0.0001259436303607555,0.005132335664642037,0.027676404604655255,0.0021786708182716507,0.0008630803303908585,0.004455612497805063,0.012533748296658985,0.0049030516883081295,0.002684022858727405,0.006579645943853328,0.0195232841148808,0.005978352168676405,0.002280762446594886
376.4019608584871,0.0035360339681720764,0.03968830744579371,0.0006039704639310561,0.0004136966572428993,0.011930332347695879,0.028876980718360194,0.00026706889802356423,0.00011747872823226243,0.010335790056157134,0.02452189938107907,0.0021449556903121118,0.0007730630472226405,0.005255557742092408,0.010943227189127365,0.004920802169753731,0.0026715629122185595,0.006671957787150743,0.01951125476198051,0.005969684596533242,0.002275410402174902
376.26034988750945,0.0036503275697491637,0.03968428703552309,0.00060535102551946,0.0004129836512363075,0.012276816306107538,0.02852685529484356,0.0002722433043396886,0.00010988786546061241,0.005080314194722784,0.025931598343880882,0.0021743798225792757,0.0007523583545165666,0.00751779845062651,0.012838008390018089,0.00490110202046917,0.0027333540350695353,0.006665160952855184,0.019490485410616838,0.005972616830402546,0.002300287397336411
376.11884543098915,0.0036020804864399093,0.039847481937715375,0.0006039658757857059,0.0004129873267683348,0.012505257819766922,0.02822584885333976,0.0002794666040207864,0.00011356256896767395,0.005331576568996858,0.028970859907812462,0.0022904917404356373,0.0007596618912069313,0.00613491099779151,0.012645560777004138,0.004946310596295798,0.0026988455800900373,0.006536747811766994,0.01942536648577965,0.005965067902631785,0.002283575936257702
375.977447368797,0.003406232750417648,0.03964222424991149,0.0006043530206684857,0.0004117623235566975,0.013018646772641442,0.028898138520890303,0.00027679564776786613,0.0001123011248056579,0.005359830363468768,0.022035722114419395,0.0021968439064440327,0.0007330125643629549,0.006540554669162722,0.013667015804698257,0.00487068281961138,0.0026774689459556434,0.006502672232768009,0.01945554840252881,0.005968872719705768,0.0022829557407001784
375.8361555809846,0.0038375877886076587,0.039655654307733726,0.0006028579483108555,0.00041246906286919986,0.012069031029658516,0.02841848096950451,0.00028241025586449455,0.00011295827599598251,0.008785063068522966,0.027346726470086125,0.0023160006114002897,0.0006957648751747994,0.004228373078704428,0.012587648852475694,0.004946718265213913,0.002614630930333157,0.00659990537247107,0.019608553630861125,0.005966640105271892,0.0022655254908671013
375.6949699477837,0.0036199881147656186,0.039905510413599285,0.0006029995682906423,0.00041358156928275326,0.012874930087505839,0.028844167458679126,0.0002781401071705647,0.00012283723919357558,0.005263632227061357,0.024039699941718964,0.002271444751984882,0.0008639834936645355,0.009043839682276388,0.011411223429352467,0.004944619977160149,0.0027056649185624175,0.00662041525060463,0.019552464523030545,0.005966950403950147,0.0022782664595499638
375.55389034960575,0.003322890685180188,0.039656969268904926,0.0006030662003469795,0.0004110818646461492,0.012482233581223348,0.02931079702798511,0.00027732107817177414,0.00011881003171251511,0.011055579041354253,0.014733612918470897,0.0022920833052098516,0.00082207449574062,0.004312774434482014,0.014880947351707056,0.004971090628520105,0.0026966370495790483,0.0064774214022923614,0.019496464209979344,0.005964829999112774,0.002277320737339984
375.4129166670421,0.0035664948859384514,0.03918528988159424,0.0006026093445221423,0.0004101211997881232,0.011322758837266717,0.028871154132843115,0.0002643513455796209,0.00012654153999128065,0.015038063816179838,0.024376575187313402,0.0021305838876447165,0.0009264296501753594,0.006509197163471767,0.012694707301484857,0.0049329535173212044,0.0027033932468608335,0.006448327559422218,0.019456849977136155,0.00596005554231561,0.002277225873357136
375.2720487808631,0.0030877609392402083,0.03959525776879342,0.000602675857260009,0.00041198525525827775,0.012020492587614893,0.028393141222127632,0.00026192607714213995,0.00010380016396491305,0.00818282424680514,0.027238842864967354,0.002094896763172625,0.0007149345792127153,0.006920289261635823,0.0137719955874922,0.004907049753120006,0.0027229944965486974,0.006450729142130615,0.019492287843693296,0.005958932514121122,0.0022747576117251853
375.1312865720181,0.0034131632027091514,0.03947281093235148,0.0006038507774982868,0.0004130144705277634,0.012186081079498607,0.029250070971878216,0.00028129405393441484,9.714463975782676e-05,0.01024219674893119,0.01629006991232494,0.0022535285270023444,0.0005420650970847466,0.004166650277514726,0.014627749552733316,0.004879995952883399,0.0026297369796560574,0.006521494613781637,0.019502828238126702,0.005957502103927167,0.0022763201460511665
374.9906299216349,0.003311868902468481,0.03796877640281345,0.000601243194763693,0.0004126667221194793,0.012402536481181456,0.02881643244883753,0.0002912981169944762,0.00010858777882434305,0.005569925497235131,0.024556390091646004,0.002399466831842308,0.000685612858429675,0.006289927584191207,0.015022640591686932,0.00494344807650808,0.002663719003856954,0.006526616516160697,0.01946709422705201,0.005957780591757209,0.0022760805502092703
374.85007871101953,0.0029737684536666484,0.04047196318743605,0.0006021123911449196,0.00041139592161815994,0.012817126314461991,0.03001139450115055,0.0002984853538138814,0.00012762856517913924,0.019894966461411652,0.0051275184283859415,0.0024107811120040804,0.0008707632365139841,0.0041624702872147396,0.014843818925675599,0.004869490311669109,0.0026603038201963723,0.00659347123330645,0.019508781098489424,0.005954602516975275,0.002272509333992425
374.7096328216561,0.0036793366848137865,0.04046697903551283,0.0006049049094881253,0.00041351161641378723,0.010426700766448018,0.02864945066107745,0.0002737842011185834,0.00014420176684582417,0.0264768552904507,0.03193575167037471,0.0022225759683928378,0.0010141501201392158,0.005958534925619177,0.013280741130824723,0.004921505321209689,0.002637474547433728,0.006578265165197239,0.01948094595102417,0.005953638146718626,0.0022757289090612315
374.56929213520607,0.003372252179400441,0.039107215540443406,0.0006001615013119759,0.0004124625619115073,0.012704959164181684,0.028230226543015737,0.0002500274744567228,0.00012387839314237665,0.004108747832914713,0.02683478692905447,0.001958959924694374,0.0009240583617244446,0.004935376851853484,0.016132180801922833,0.0048896306436231425,0.002756707659749762,0.006471182297349868,0.019445963316696322,0.005950574327873325,0.0022724598441149885
374.4290565335081,0.004538125609174718,0.04012022457857857,0.0005999431089731957,0.0004113076194186807,0.012530556413197617,0.029508963061780295,0.00027158276404218036,0.00010127774678532879,0.012232592413023527,0.01211963200417335,0.0022269021125025995,0.0006235253543139751,0.004467439912741065,0.013855198386580222,0.004936960760392689,0.0026610727858526603,0.006439917091559098,0.019495246154859824,0.005948782933331305,0.0022732981324753614
374.28892589857793,0.003441814431267429,0.04040732395020988,0.0006017279025313239,0.00041235280465116937,0.010632597259888979,0.02823432335115061,0.0002773005961915341,0.00010470981206087947,0.022331510859918694,0.03290045245067852,0.0022558521997553447,0.0006610121386459778,0.008830473480420757,0.013688087569653432,0.004928403959727919,0.0026550044319661598,0.006536572591929987,0.019504526636321837,0.005947132735043333,0.002269377471922405
374.1489001126076,0.0038190560996805463,0.04004304821786943,0.0006016641649740652,0.0004086883265585918,0.012026883099059936,0.028496850584712213,0.0002875158458781846,0.00011550698825185286,0.008329312113990055,0.021977457680067737,0.0023254435036554836,0.000766351496217319,0.005286951294097302,0.015225400303347295,0.00489203143526662,0.0026689031292596254,0.006627781876268202,0.019452690462955717,0.005946127699178621,0.0022708706962097495
374.00897905796563,0.0030024549011281455,0.04028579713588756,0.0005987472892234279,0.0004113153958198889,0.012095326438165285,0.028489874906573332,0.0002762256280576198,0.00012774928889910454,0.008427840067641643,0.022396738564860616,0.002221187487268325,0.0008629007304872529,0.007205605940477593,0.013999626326705867,0.004896823753929014,0.0026424948898652353,0.006503995537454948,0.019578878278948362,0.005944183031493939,0.0022693336243974063
373.86916261719637,0.0032489880209589763,0.039319073491349436,0.0005984497403769764,0.00040908117484246174,0.012533484203187435,0.030464813285432383,0.0002707902261735528,0.00011452319732748308,0.022062119142569878,0.0012503868766446406,0.002220760586317551,0.0007873632723559359,0.00563898230326074,0.014569924503360258,0.004940287682977766,0.002685741641377451,0.006378388222689444,0.01948731846711369,0.005942620730003963,0.002271337647742301
373.72945067301947,0.0036065469451497818,0.040020784724769845,0.0005996287168642605,0.0004101201915817873,0.010465356684780174,0.028136295495617362,0.00027531114521852897,0.0001197353210455045,0.023794990565736324,0.03280853154653913,0.0021316256913972973,0.0008174009481268364,0.008217887119307198,0.015884406346125642,0.0048135854381927135,0.002684355415287147,0.006419373290927319,0.019483501637484326,0.005942313309711293,0.002268216459032491
373.5898431083303,0.003165660236744753,0.03958267762490577,0.0005997534569607436,0.0004143739117300567,0.011796564544621,0.02827428494694673,0.00025928595371284697,0.0001095142497059532,0.012552329965315794,0.02610371532982697,0.002133634128662409,0.000673769268363833,0.005016173048633425,0.015170191679382574,0.004960042609058025,0.002647589954198389,0.0064963036082374285,0.019415377727685857,0.0059383866697557425,0.002268944972783897
373.4503398061987,0.0034677385323966937,0.03959107083186059,0.0005998226703739761,0.00041265070241909736,0.011703813373928071,0.027091825972275593,0.00027794408084150956,9.469082646884557e-05,0.017369315851119328,0.03961966621681669,0.0022240052964938514,0.0006975564372611589,0.007009863692114605,0.014572069980471636,0.004872067137720754,0.0028087530754484454,0.00646031286988717,0.0193956281315364,0.005938633565477323,0.0022674869335374665
373.31094064986945,0.0033807607767402477,0.03977841406563308,0.0006020449447485915,0.00041343710150969296,0.013333105943768724,0.02786852474740601,0.0002881840791982952,0.00010616422722131938,0.009944932438910604,0.03190796642864515,0.0022131759310508124,0.0007356182439523184,0.005690413773479744,0.014404479131133179,0.004751669588101572,0.002723030233973335,0.006592057738615368,0.019488043263947638,0.005936030575041191,0.0022679394499954516
373.17164552276125,0.003309843148925177,0.0396723048361445,0.0006029676652939569,0.0004106523898437044,0.01317633820168752,0.02791258124051794,0.0002929142430017505,0.00012040063491825869,0.006060887166724529,0.03133624717838659,0.0024444186516463205,0.0007296788638651098,0.006521788266031003,0.014702469769794392,0.004941110236932612,0.0025966719580418907,0.0065215319801481715,0.019451478263072648,0.005936608477392616,0.0022663793474888842
373.03245430846704,0.0031729011551304472,0.039552992617477925,0.0005948065694394487,0.00041396110035098904,0.013206803879186685,0.029478097682738336,0.00027843508685526164,0.00013677123358265468,0.01467394064153494,0.014521513842414534,0.0022423617276944438,0.0012331404617642045,0.007317138646354121,0.013702836281902329,0.004897497528220761,0.0029414675508469415,0.006441781572396764,0.019369962066408505,0.00593307375734629,0.002266167435861665
372.8933668907532,0.0032687596166278278,0.03938622453833583,0.0006098835908981305,0.00040744642901378397,0.011844264376477672,0.028388880489225596,0.0002598785606309194,0.0001255963849616872,0.009452971767138758,0.022399646388524125,0.001831181258839163,0.0007563550308055111,0.008112535019185711,0.01724127620071025,0.004616161339433153,0.0025838005685608124,0.0064837559224083605,0.019320979298755248,0.005931778712590199,0.0022651155288672333
372.7543831535595,0.003406063222573996,0.03942796189311598,0.0005999100236750295,0.0004034296320416877,0.012880306707814286,0.028800477521204196,0.00026060894259296983,0.00010935666524173837,0.0053368424057504615,0.02001389870661924,0.0022115625436596384,0.000763482834436301,0.007043966380057596,0.013539919021920997,0.00502196692132592,0.0026316426188975743,0.006559865198384127,0.01938086058929516,0.005929668512861592,0.0022648088480752737
372.6155029809986,0.0033329887186336286,0.039471888736627526,0.0005873133727646221,0.00041943984756474367,0.012386697067885435,0.029126387189060046,0.0002769557148573584,0.00010421232879228888,0.008724731972492999,0.013237628403316581,0.002153758642816384,0.0008857889877924842,0.005994105083947051,0.01678829091182748,0.00480673986219901,0.0029099646911441837,0.006484450051182043,0.019392637520771017,0.005928743977680513,0.002264711752293414
372.4767262573557,0.0032789793954660427,0.039421400369374714,0.0005933148626571861,0.0004062694607819988,0.012991463644025751,0.028681576562537215,0.0002816596505722501,0.00010976243723061109,0.0043937016067225835,0.0238253055260809,0.0020864568126271496,0.0007301369844698334,0.007143897033385778,0.011998661425411037,0.00469514058980352,0.002669405009729772,0.006460317731650835,0.01941644156231227,0.005926932383448357,0.0022636329210045307
372.33805286708866,0.0034221234690750223,0.03926870645592531,0.000602247894842142,0.0004119256508429008,0.011476298159700575,0.028841798120907175,0.0002784612400698249,0.0001147366039365617,0.015126639924083196,0.01803924817504475,0.0022465778230556102,0.0007215026292085754,0.008774166586799019,0.017861055067326975,0.004869063123482199,0.0026214033776774085,0.0065245675293133945,0.01935897869840031,0.005922106302718521,0.002262526283922463
372.199482694827,0.0034875104481156553,0.03930591180775185,0.0005982764257086965,0.0004083698447180353,0.01199322036815923,0.02821994135702138,0.0002789104206495824,0.0001131258588335155,0.007642581498258132,0.02750682971834223,0.0022391179384069876,0.0007232824727248226,0.006970848205270429,0.0119891061662357,0.004871007914280947,0.0026343205878128985,0.0065014639343924175,0.019378188496458476,0.005922451820009356,0.002267847371016177
372.0610156253721,0.0033580923015222065,0.03943678308895562,0.0006075826678974351,0.0004075563261888772,0.011770276852628513,0.028080629011624395,0.00028096590687321107,0.0001123802701487609,0.00901838594518881,0.02568292024533354,0.0022613688720395948,0.0009570531345504862,0.008195088465808721,0.016412558466486978,0.004851567265793117,0.0028818030359207963,0.0064290314171491295,0.019311122967760587,0.005929197320969063,0.002260497359963285
371.9226515436966,0.00335082047499353,0.039139160473371654,0.0005922265932152119,0.00041425523557683656,0.0128160227577962,0.02844598331916168,0.0002782662036910565,0.00012534036740804728,0.005993126420251202,0.027545931729241066,0.0019404907564428296,0.000930684675639792,0.011568797135575952,0.01245548836105795,0.004577152592674483,0.002703521330974386,0.006407186434103861,0.019283132424374773,0.005919907504396362,0.0022565131643352324
371.7843903349443,0.003523720220686074,0.039380720061666284,0.0006023702968297267,0.0004093778331069331,0.012712292582816578,0.028067342581759965,0.0002658995861132426,0.00011642414600376146,0.0053640973398365365,0.022845856357488138,0.0020050479386979634,0.000694617365167706,0.012357427872290865,0.02285987301297813,0.004744307617555162,0.0025857689426246368,0.0064859496847982315,0.019342436360670585,0.0059187088057706646,0.002258663178584609
371.6462318844296,0.0032137093318745894,0.039252553196479745,0.0005966250326669642,0.0004093210120334874,0.01260225102498836,0.02868326171346064,0.0002768609475430502,0.00010975539215871712,0.008073320836784897,0.01791593030485439,0.001979778358119777,0.0005757496350230698,0.009223470698074306,0.017632995814154735,0.004610853028085036,0.0025100347379253866,0.0064038657749819275,0.019407869813846283,0.005914183546866236,0.0022570078432546698
371.50817607763753,0.0034341605109192903,0.03915304150857521,0.0005992547551751975,0.0004121043610467782,0.012286233922367372,0.027920121041118337,0.00027694844046340425,0.00011616731431622256,0.011369479878954333,0.01743673704765063,0.002350177221920187,0.0005228995375021337,0.013938528750704256,0.02766020517984038,0.004989056652137019,0.0023941543035535715,0.006528459808835402,0.01939534470598603,0.005915930982299792,0.002258410798000219
371.37022280022285,0.003332379234965961,0.03914286323475753,0.0006075191629742244,0.0004004769961544201,0.012641735046527424,0.02851340846468425,0.0002772804567300244,0.00011585034698897692,0.010705095848873806,0.023597825834179693,0.002364357355860319,0.0007644275102776228,0.006120967912571071,0.0176770544187148,0.004968589765192512,0.002619904216777314,0.006431200039317965,0.019278907291354855,0.0059128816117978815,0.002256603568670744
371.23237193801043,0.0035972549631301154,0.03898463942388749,0.0005961226332371338,0.0004039079398950259,0.012100390832189516,0.027969740970186455,0.0002818700544507206,0.00011799886206886398,0.010105035687182152,0.030359007210535045,0.0023733137807244436,0.0008618897657827211,0.0021626364953488794,0.013660083429329515,0.004975844880563779,0.0026997912242074204,0.006449245997677898,0.019280084944795335,0.005909350861736061,0.0022558525529068536
371.0946233769945,0.003581319097311938,0.039410036255105606,0.0005970377149931884,0.00039907097886241963,0.01218221863166146,0.028370097587045152,0.00027124549456647966,0.000127439926549971,0.008108555225352266,0.03025626404210035,0.002160668310021632,0.000930266877549274,0.009173573762689721,0.006666095133849538,0.004846334136351269,0.002687369341482659,0.006435881668318631,0.019203203751589557,0.005906412974851278,0.002257646906002375
370.9569770033383,0.0035203025728833444,0.03910040065588217,0.0005851400828325097,0.00040631098778986564,0.012642946357875568,0.028161535118530024,0.00026741119704073914,0.0001198720698672028,0.00682994626839015,0.021492733233513205,0.0021037474507344276,0.0008297179604763835,0.012785594510500879,0.020641729743870466,0.004845803868244081,0.0026596779651866078,0.006471640000446063,0.01928237880109219,0.005905217626985007,0.002253412938253117
370.8194327033742,0.0029966459621972356,0.03890850045849694,0.0006015710781041954,0.0004158048055754393,0.01211370617953773,0.028272711270567154,0.00026330289929632467,0.00011620482311386312,0.016738159507347874,0.02715182650349525,0.0021288250050705377,0.0007469275969546392,0.005831089722783405,0.018394659802708276,0.00486936612466921,0.0026282818893098624,0.006525580345537182,0.019235683561539603,0.005906174526894302,0.0022543648923557045
370.6819903636027,0.003460238801197086,0.039482654760634256,0.0005886427913027508,0.00041210971061434354,0.012378917631955016,0.028212913139872824,0.0002609514488806802,0.00011398914567479719,0.007301011966756581,0.03176615310992058,0.0021235092129399027,0.0008695665909494921,0.013637492639689592,0.0048331857763653134,0.0049251477386209755,0.0027207056505732094,0.006420470607638558,0.01925088684316738,0.005904946674422356,0.002253930366824048
370.5446498706929,0.003418670073223535,0.03937205584909492,0.0005908712100806129,0.00038736428670975735,0.012986644678366526,0.028466212135300706,0.00027496661433542397,9.190084580227072e-05,0.008358715004414582,0.020211051540803816,0.002083006405199054,0.0006157901547830803,0.010761114836903904,0.019888630578816825,0.004734867191746251,0.002666245022319687,0.006354767172765419,0.01933152826949243,0.005903339220700831,0.00225274822520512
370.4074111114815,0.003353946071678572,0.03935097971284811,0.0006023798778543484,0.0004101899660865716,0.012412763711446768,0.028520000170516837,0.0002833135438196603,0.00011261121888561949,0.009805482297363308,0.019024234193301338,0.0023348569720222545,0.0006325473889179705,0.003105187831670931,0.016619875588390207,0.004889846122930864,0.002538106600732906,0.00646737889699777,0.01924192023699774,0.005901144844516018,0.0022516493006010012
370.27027397297303,0.003413341771547332,0.039214537126012625,0.0006022603215882557,0.00040816052329873136,0.012675488679594034,0.02814736311909914,0.0002769385746291648,0.0001189648666112037,0.004481224051011293,0.029362803784400527,0.002208556626985576,0.0008419807576920593,0.008469747982478341,0.009822949842721338,0.004826620766759593,0.0026922040049038214,0.006401878320815845,0.019355625230749032,0.005900504080065234,0.0022528106351401003
370.1332383423391,0.003409893134274301,0.03916484353177652,0.0006040240801047897,0.00040695355110357254,0.012117109626923084,0.028673828533131024,0.00027107297421599143,0.00012115178169376104,0.00816130807741593,0.020048789037802463,0.002228986559867837,0.0007874470923585128,0.005449983949378453,0.01367840295427014,0.004885707236139115,0.0026149245851447896,0.0064313678568503835,0.019158651760131932,0.0058967113004270945,0.0022505165465233064
369.9963041069183,0.0032762036762032506,0.039155366500966994,0.0005992751722845339,0.00040691320163582307,0.01259786258233636,0.02776570248978354,0.00026502011182403216,0.00012052504333613266,0.009250153685439686,0.03220873616861276,0.0020869249522484576,0.0008611418493849732,0.006830839867801174,0.012265034138398493,0.0048166496433070015,0.0026759545424430036,0.0064713622202000245,0.01914428133457756,0.005899803694101523,0.002248944396677948
369.859471154216,0.0034207601666989052,0.03915063548155166,0.0006025318424049132,0.000407734157401202,0.013048290493586289,0.028567319585208344,0.00025912287304480467,0.00010800203836355092,0.00924184534101041,0.023254298626646963,0.0021079684045415318,0.0007416453296622644,0.007838334518632613,0.015091397673754217,0.004878863502764052,0.00268917035785041,0.006420035662117736,0.019199263295424693,0.005897345580780876,0.0022568655662220547
369.7227393719039,0.0034187016769941445,0.03912343217127698,0.0005963731841113844,0.00040468728097474085,0.012090983871506193,0.028695156409354695,0.0002764190962973268,0.00010001903288209451,0.01246756760233035,0.0176432551811077,0.0021925809209095482,0.00064054016697704,0.0045256213750930595,0.014274362460075952,0.0048082267252371625,0.002658505247506729,0.0063248911122820274,0.01918208448494923,0.005886942538965141,0.002251393792978474
369.58610864781974,0.0033910694958251097,0.03919252927404255,0.0005933231155076834,0.0004064909821883595,0.012460752690693683,0.027896804354372643,0.00028116706962659407,0.00011638767479469035,0.006957905542708823,0.030272971531827415,0.002293285835386839,0.000781507452180271,0.0054623355202496095,0.012034528179688354,0.004871962354056005,0.002653914186649184,0.006208901325697963,0.019148824137075977,0.005889108978326477,0.0022472436847336065
369.4495788699668,0.003350889923361823,0.03916168896120921,0.0005971903356522516,0.00040833567994614985,0.013209729475284874,0.028811102606873668,0.00027705615881184564,0.00011916468449348687,0.010522432158856586,0.020249005569353128,0.002175493865420631,0.0007541599966619291,0.006769792972609875,0.01482976431407,0.004770026836714467,0.002596304544013822,0.006620139878436073,0.018913991813905254,0.005887414397971797,0.002246794366843078
369.3131499265141,0.003384404385312256,0.03919172982926512,0.0005976617477571717,0.00040484131225824,0.012219899410101749,0.027993929251355052,0.0002734791563954734,0.00012129736684734838,0.004540319753095806,0.0245507151679162,0.0022271543202622033,0.0008280424697407896,0.006287068397404146,0.015708825287709977,0.004859157606472922,0.0026340771174534535,0.006799823135192269,0.01933832035425818,0.005887578066445938,0.0022466017062410925
369.17682170579553,0.003250330361450144,0.03915137086724624,0.0005933267223067531,0.00040782670241750174,0.012079458972779154,0.02902628613207739,0.0002703760087670485,0.00011486699341020438,0.009662627127990379,0.014135810534389266,0.0021454318539017294,0.0007449904486276178,0.007006659731274349,0.01422915943605709,0.004815386611567056,0.0026140157559666117,0.00586201832611017,0.019509566271422633,0.005884875067246273,0.0022461114976559736
369.04059409631003,0.0032959244716885333,0.03905590718344578,0.0005923512710352288,0.0004054075344395849,0.012483130533379235,0.02788882472558452,0.00027352108222348316,0.00011773177620127241,0.0049624140131853105,0.028271947969893924,0.0021875699187685134,0.0008314080274910216,0.007330136091437663,0.013247902165099296,0.004836696256109199,0.0026637235037753684,0.006310639827262051,0.019870110546099704,0.005885736867291218,0.00224520142926945
368.9044669867208,0.003320704107300912,0.03907167320464885,0.0005985066951949845,0.0004030044034768142,0.01331831582558028,0.028565313798176437,0.0002594366009061916,0.00011323204072964314,0.010141074858486327,0.023589472941182243,0.002062640225391646,0.000743778121944539,0.0055632655017334495,0.014664733544253617,0.004832114799717307,0.0026042204766041207,0.0061203341413961655,0.019138054745889765,0.005882412735267514,0.002243828078408212
368.76844026585553,0.003234731074061873,0.039038702591758914,0.000597470415425283,0.0004103471895798209,0.012114064634354684,0.028994679998408646,0.00026822389387625535,0.0001039083183546255,0.010685700070993401,0.01681356027088256,0.0021380557596573785,0.0006986238452854591,0.007781911936890912,0.011485718260017699,0.004826042002194092,0.0026738710776213893,0.007026894258091883,0.019072371542480804,0.005882321085867032,0.0022447306029164714
368.6325138227055,0.0032554227694034056,0.03904048798247974,0.0006059187949049861,0.00040992824717883377,0.012476968694530001,0.028886062706239904,0.00028111131899796597,0.00011298108732166714,0.005951243398464078,0.014270797086210537,0.0022120392412830884,0.0007070451377942405,0.0075526384347059695,0.016206718594318506,0.00475079027813393,0.0026093731005734488,0.006229611043655056,0.018808860379183324,0.005878424062724801,0.0022422961238360885
368.496687546426,0.0031519543726245425,0.038923964642119724,0.000595725238328996,0.0004070954845253139,0.011834250127437653,0.0279437941641847,0.0002766488354947161,0.00012198196805285206,0.010099383963500111,0.028136544273509465,0.0022590223971799914,0.0008438630732511514,0.004818444333916473,0.011927951041048174,0.004859231704056535,0.0026523721186176887,0.006385054377553707,0.01919104899660079,0.005878926799065983,0.002245367114481212
368.36096132633526,0.0030748980928703563,0.039025269373601165,0.0005952431861085629,0.00040805270821169215,0.011773239527308327,0.02801169606673902,0.00026765117443855517,0.00011873658667576233,0.009102570257701937,0.026136770057479733,0.002089531391558554,0.0008455153327665919,0.006482970069486864,0.01395488809191822,0.004778768779557356,0.0026949112437832027,0.006370639246166659,0.01915061079768672,0.0058758450750530595,0.0022424221012776655
368.2253350519146,0.002515831646419399,0.03916023073564963,0.000589703512200183,0.0004105400480654067,0.012219915616259814,0.02709021486165413,0.00027454716742052713,0.00011903068422429624,0.012180158949873204,0.03626478546704186,0.0021766168722769565,0.0006757094075454715,0.005341612747921801,0.01358700971353967,0.004815168140964154,0.0025247577171381495,0.006400547339703192,0.01915205002930182,0.005875218974705833,0.0022432930195217067
368.08980861280827,0.003594992657221683,0.04057130382716289,0.00062455358577457,0.0004190286152642841,0.012652868385112476,0.027614190561176574,0.0002627512196331267,0.00011766599355531518,0.003986709916026921,0.027760145075516402,0.0023043331304935352,0.0008557339700007119,0.00563976500100158,0.01407225895074709,0.004967351867578963,0.002726072662037468,0.006333258051006061,0.019128385150555743,0.005873312967408166,0.0022412212194564446
367.9543818988227,0.006046537533362953,0.03696795593974735,0.0006083635054736343,0.0003854107148072798,0.011931002219529063,0.02848675257298929,0.00026850889117588253,0.0001102078631238806,0.003977603860074812,0.022206590662259447,0.002133070833777027,0.0008286485218342549,0.0067755936421996085,0.01402716572022204,0.004776226062732432,0.002693389495472882,0.006394608682427595,0.019073312475223377,0.005872439610337587,0.0022421748637502597
367.8190547999265,0.004798209642076092,0.0399358205850134,0.0005675727577192469,0.0004192016199022985,0.0120253740865573,0.027668147158479508,0.00027367693897239163,0.00011894648426456585,0.005308526395883212,0.029062215524515014,0.0021603442028629767,0.000761122698279226,0.007622567344985006,0.01235924809316457,0.004855896722720492,0.002590428562888984,0.006266818049203164,0.019118253437276706,0.0058711759408734574,0.002240978539274638
367.68382720625004,0.0035257702476705895,0.03953972469431237,0.0005914986735404875,0.00037742172759400064,0.011796000406496487,0.027681347348571504,0.0002733629765413478,0.00010177247556927038,0.007449863134211354,0.027769004105121786,0.0021708853261289845,0.0007766668454138838,0.00853257077549511,0.014544361076997189,0.004821603765711228,0.002687553963010444,0.006392166046093539,0.019049944654119,0.0058685015370378325,0.0022406067259859493
367.5486990080853,0.0037833269560205484,0.039058802994872945,0.0006061484721444132,0.0003934970751645318,0.012077466080674065,0.028086235011247632,0.0002713262521458428,0.0001136504438891259,0.004388686581060532,0.02456488256610706,0.002200564116404855,0.0007625571937864161,0.006208722331729892,0.013285258367078027,0.0048321360768266005,0.002611362048059315,0.0062917159750954365,0.019147447900126954,0.0058687861556923114,0.002240101582288018
367.41367009588544,0.0035018375407024874,0.03907611576960139,0.0006024150273229034,0.00039063054644422406,0.012631512721522131,0.02802156105478789,0.00027366727116468853,0.0001079078407297598,0.0012890115574880265,0.02418927143866766,0.0022113717098994875,0.0008068970831430914,0.005887510843481173,0.01463508887406033,0.0048125927174446125,0.0027219562712055556,0.006353002770098236,0.01908787521983832,0.005866516764903587,0.002241405144373684
367.2787403602645,0.0035496841963293924,0.03911036576292145,0.0006088318342080551,0.00040470401798916737,0.012667362104892789,0.02895896941213889,0.000260191173156062,0.00011424928077294264,0.010788073048354928,0.01518623718707974,0.0021104657141009166,0.0007177278869101754,0.006570394387449471,0.013530440857184061,0.00482168063129939,0.0025877238564539578,0.006304053669880967,0.01914645076598,0.005863504548050652,0.0022383479090057824
367.1439096919971,0.0034895543329503216,0.03902464260969392,0.0005929288259297411,0.00040501251160485636,0.011878575992583306,0.027447469963791105,0.0002741727082830621,0.00011385481419310334,0.009311210695732597,0.030150504771175875,0.0021995560523714796,0.0008010572282047753,0.0073288032263399755,0.015386088292652849,0.004821421153414942,0.0026780708730534133,0.006333850456030494,0.018981814796517664,0.005863769779001287,0.0022356596379425452
367.0091779820184,0.0034995992199245937,0.039114370429214604,0.0005999724573744928,0.00040274577132430985,0.013007934390742161,0.027912014492407728,0.00027581074711793244,0.00011417991068732448,0.005926247946147765,0.02603142832637045,0.0022153041464950105,0.0008184587762134495,0.005692900624226656,0.014860551702042434,0.00479735458038234,0.0026992404442277187,0.006348805493664411,0.01908363906363016,0.0058643968284866465,0.002244888888837369
366.87454512142335,0.0034618632214668795,0.03902813286979689,0.0005924096683066192,0.00040734035078612526,0.011712998903124263,0.027959227849846873,0.0002699415516523233,0.000123260064051672,0.009607417908378128,0.027580334761661135,0.002216775809592872,0.0009381165237771731,0.005836258819245597,0.012572895898680728,0.004859704534216018,0.0027455656595524215,0.0062725461353976926,0.018852493968146613,0.005856268201786206,0.002237481976182068
366.7400110014668,0.0035067181504718384,0.03901149491173603,0.000596441779614327,0.0004025508748744687,0.012002402537166024,0.02835062180901776,0.00026379323549777787,0.00012133577986756804,0.005893110488810158,0.018576819788088828,0.0020346759375499423,0.0008642802693128813,0.007421245232241218,0.01685237471907819,0.004723240357635197,0.0026556065410499015,0.005994394893317767,0.019157325729795564,0.005856215153393958,0.002235360480568459
366.6055755135631,0.003515424398743556,0.03897590033178771,0.0005959143097697146,0.000400973758189482,0.012203395677700332,0.027838858165794157,0.00026261918259017374,0.00011419594065399177,0.007163497769727851,0.0277932206910062,0.002070894432597359,0.0008199253713275177,0.0058079228679218066,0.012668176579668091,0.0047885370412284745,0.0026562425680178342,0.006353344654787838,0.018951217746719897,0.00585697870856168,0.0022320883442443463
366.4712385492855,0.0035495418521546696,0.03895289501151596,0.0006008282847396846,0.00040092432222612023,0.013062769110451775,0.028081365828362185,0.0002597254566783055,0.00010779396781960034,0.005024389986685551,0.025636942449970297,0.002029043571391339,0.000640454904609904,0.003983908260490668,0.014332804562909283,0.004765374567526525,0.002562262665655758,0.006379238053895326,0.019237030641099207,0.005857429967106047,0.002231559100698855
366.33700000036634,0.003544559759426754,0.03907906131925191,0.0006005160613185759,0.0004087884569646379,0.012988588349953702,0.02823044106945216,0.00026746884314099515,0.00010711429411937682,0.006147165254454612,0.02419398788944351,0.002150972456134139,0.0007135776476911759,0.0071207710599060035,0.012719097055701678,0.004815978019058224,0.0026608907262249413,0.006210619355479125,0.01915424650326376,0.005857292316513261,0.002233086668442144
366.2028597586965,0.0035498877925921823,0.038967804205890626,0.0005988963880103166,0.0004069023355815432,0.012604108251573362,0.028060470419815135,0.00027033892392621506,0.00011584498346361596,0.0007675511718157848,0.02274938537579734,0.0021866665757373405,0.0008189470437822789,0.004116302555533028,0.015413474911317924,0.004807187852865627,0.0026923461851874582,0.006354126470027701,0.019105584322503092,0.005852807721807771,0.0022329387298322765
366.0688177163251,0.003448580646050136,0.03883979338422286,0.0005907124311062385,0.00040816128979879356,0.012406529835507166,0.02856221907742006,0.00026292103285656306,0.00011651995446755634,0.008050644927471344,0.017946534644465786,0.0021052202557913778,0.0007952023030491267,0.005627142843179116,0.013812448341246666,0.004821695730520649,0.0026274219878091166,0.006266086308740293,0.019176338436219836,0.005852176809098565,0.002233682044578397
365.93487376545926,0.0034914741843056923,0.03897083918178882,0.0005915973812187801,0.00040391660475388503,0.012268212219665923,0.02772467130963171,0.00026774999133354055,0.0001075262532959866,0.002852395112638448,0.028426637369432926,0.0021130337906240405,0.0007652903855547819,0.0060145006317515156,0.012632664087135212,0.004771962094210412,0.0026882703993021,0.0063266109654986965,0.01905499024986027,0.005848652082254026,0.002231243454896207
365.80102779846385,0.0034715671287166637,0.038962274643228934,0.000593738348904643,0.0004032614952986031,0.012230166921034723,0.028133722818406745,0.00027549741090075747,0.00010737152853847184,0.00438123155314408,0.01958576832130368,0.0022276720569708182,0.0006750623315920992,0.007579667096617768,0.01692961063279451,0.004824671829954434,0.002601844065344988,0.00624468719754336,0.019155678427202446,0.005849783738573159,0.0022316840562025494
365.6672797078611,0.0034627710519644452,0.03895785205120132,0.0005893573072034906,0.0004052636547185802,0.01278361524093512,0.027984190207630093,0.00028006700019225523,0.00010732706796561499,0.003737180078116042,0.02660907341767979,0.0022609275635623047,0.0007779542979761784,0.0064202539033247985,0.01189606277316867,0.00479513731202317,0.0027217951030577238,0.00628080845695144,0.019057784399590022,0.005847209976468094,0.002229933846050396
365.5336293863305,0.003443363232420593,0.03888202035581585,0.0005890229685540581,0.0004042562552934097,0.012673649772618919,0.0282330270205705,0.000278374880495069,0.00011486103130207458,0.002856764806036919,0.020863351183701643,0.0022722565222834524,0.0007601641001176196,0.00669144523580377,0.014573915066674555,0.004821974898918915,0.0026226518502431573,0.006258319361232521,0.01907823520127671,0.00584597122738437,0.00222969573382674
365.40007672670816,0.003453331265623586,0.038901451788132244,0.0005892262824039679,0.0004024617053119911,0.012739547379547434,0.027467515366241615,0.00027849567345080025,0.00012263333872714792,0.008820436394255756,0.029802087811194016,0.002201052189895395,0.0009279957873796988,0.006691799172714803,0.01457143799511842,0.004748878812876424,0.0027016091226193845,0.006232071436090921,0.019118853505317588,0.005843688637058847,0.0022303929643978466
365.2666216219869,0.0034567563390453067,0.03887065702101092,0.0005925621752818498,0.0004036248919641813,0.012373738829305245,0.028153783955759692,0.000269052337927602,0.0001282792937067612,0.002347549516521366,0.02136741642148001,0.0021955592469545936,0.0009051431619054805,0.003772689770748134,0.014772486990994534,0.004845741568377747,0.002615546391913886,0.006354259866407549,0.01907804606059463,0.00584233885482692,0.0022277830591061858
365.13326396531585,0.0035019738782158987,0.038852418701101885,0.0005924669020570407,0.00040608326191748543,0.01265346670312509,0.0271191974026789,0.0002636181274177319,0.00012025479627861075,0.006928762487406496,0.033022502156620746,0.002108423828048903,0.0008416072486224951,0.006099824330639153,0.013470902417568311,0.004803214173937573,0.002628323761589243,0.0061659268148068404,0.01901782182503602,0.005837159337663211,0.0022279801902731996
365.00000365000005,0.0034319952384957116,0.03887473755897799,0.000591526150934324,0.00040183926999794146,0.012375586407352954,0.027455236599498174,0.0002637053369372322,0.00012012529533677978,0.006019937330415965,0.028441144952843618,0.002167236468594839,0.0008386391755136821,0.006072250938330774,0.015511056281655843,0.004865938946082702,0.0026155258201097297,0.00627005910974619,0.01908330843746061,0.005838374833575927,0.002229845815727078
364.86684056950025,0.0034675135038622607,0.038841045087702114,0.0005936868237565599,0.0004004380866441815,0.012508018584990014,0.027706933044359137,0.0002659334493772756,0.00010578599197183206,0.004167084102556498,0.02653561208820023,0.002148927733347921,0.0006810310220236397,0.008186922054422946,0.014099414472418088,0.004818865080987779,0.002606903164614135,0.006160379500550482,0.01905118016756878,0.0058388892951645715,0.0022232197849702895
364.7337746174326,0.0034288139359186435,0.03880724251366321,0.0005853230874959571,0.00041022374549272027,0.011681883043059864,0.027626803444073457,0.00027369908000143096,0.00011722885090675526,0.008983691692928553,0.027752963443319914,0.002277980896107301,0.0008036551445824986,0.006442855624654475,0.013104203863413091,0.004878035482641784,0.0026334335624412274,0.006269947032366008,0.01912428227219576,0.005829022038844828,0.002224495878561235
364.6008056875684,0.0034630329174350533,0.038835065961371665,0.0006040379422706624,0.0004047910803187352,0.012631156749525859,0.027749953257253462,0.0002618784905113134,0.0001178832986604582,0.0020030358860038755,0.026914452484503568,0.0021396301105306497,0.0007450360819455527,0.005517251938790324,0.01356811698992187,0.004827137993389936,0.0025674534312244003,0.00623512998137556,0.019050238430266417,0.005831045611671518,0.0022309523445719864
364.46793367383384,0.0034078217763149616,0.03879958671303837,0.0005986739644871664,0.00040000205911377854,0.012768379440694328,0.027184938685107362,0.0002675917335377462,0.00010784176810444944,0.006285284098772535,0.031812683822690334,0.00217998370631649,0.0007411513191380056,0.006520325413817093,0.013896878666683992,0.004809446510100011,0.002649743241826038,0.006233701038488933,0.01905498562749303,0.005830368173743869,0.002228229352880821
364.33515847030975,0.003414573878324494,0.03883781692950159,0.0005917808601513866,0.000409988449915361,0.012801088735838727,0.02779396829205595,0.00026831383679430047,0.00010941158895051722,0.005027637939805899,0.023242899540212927,0.0021232936142402386,0.0006677500160626443,0.00785913121466724,0.0161611728782912,0.004765465123193736,0.0025656051632942573,0.006194550937649014,0.019052433744150218,0.00583261683998258,0.0022297910300362596
364.20247997123096,0.0034258086233064596,0.0388144082780593,0.0005832213300697121,0.0004016576495641477,0.012060519649124888,0.027191356369443764,0.00027388930027661697,0.00011066340044148204,0.009901616228033464,0.030664762327401156,0.002224672345403472,0.0007279756131652428,0.007589642790170748,0.015268248857094593,0.004830024170922501,0.0026174165884806787,0.006150995618710728,0.0190664438662887,0.0058317220301237005,0.0022247596107673874
364.0698980709866,0.0034358680921925933,0.038819348733367454,0.0005915228038673736,0.0004034324814365229,0.012392735558178403,0.027457035095378928,0.0002663276933196408,0.00011821915206789357,0.005739657555458192,0.027913516027068014,0.002178571376697255,0.0007466864033751657,0.0069837974238526,0.015137964826623015,0.004829620065323844,0.00255635483436633,0.006293717421196747,0.0191244332367886,0.0058271871682820525,0.0022252444780469184
363.9374126641194,0.003367238418308303,0.03880854942268681,0.0005849589122734369,0.00040145487270337526,0.012362755183019198,0.027002081853567898,0.00026774194074507965,0.00011540986628774811,0.011259345578822497,0.0346757351609287,0.0021688977882220097,0.0007721273956603391,0.005718679410596276,0.013094358114336666,0.004829912909862524,0.0026050307829519983,0.00618684101016081,0.01897598020776714,0.005826602042774381,0.0022228114157606645
363.80502364532566,0.0033856587888802256,0.038794619667310654,0.0005919926697109642,0.00040041539173957,0.01250774324915235,0.027464388008776038,0.0002703802340226767,0.00011258227552809848,0.00513849183294903,0.027762338132681617,0.0022505671442471526,0.0006968521795098671,0.007198436360083751,0.014844548858282356,0.004861428355835978,0.0025653995441913087,0.0062653800285478465,0.019094533137126304,0.005822946831128789,0.0022230457703331075
363.67273090945463,0.003397213209208337,0.03884724668086466,0.0005879189110584562,0.0004010491472584643,0.012056622511332101,0.027570914840248678,0.00026526911119074986,0.0001131426295466112,0.006728776256873101,0.028442577770365216,0.0021452589563059747,0.0007458105722743152,0.005431705918302531,0.012261498515935396,0.004809286493056626,0.002584271102163426,0.006184768149050455,0.018951292215499516,0.005824067648028009,0.0022223730558427438
363.5405343515086,0.0032059310721848882,0.038847631304863836,0.0005926513770138251,0.00040079433433616894,0.011940937275207406,0.027273711003962375,0.0002719814856634436,0.00011420776645112806,0.0077966875092241915,0.031216051692453964,0.0021893209250955295,0.0008230627011946907,0.0059389895261853605,0.013168318582595168,0.004795862872540113,0.002655638060680837,0.006193325376408656,0.019062079091509542,0.005820726892251649,0.002221055555714796
363.4084338666425,0.003444761252577289,0.03922755997269192,0.0005935057336361765,0.00039910498105004844,0.012137481815015675,0.027084943244125,0.00026263805368295244,0.00010621295708091149,0.005040819881034499,0.029460155878872917,0.002096996231770927,0.0006302763740122211,0.008935232400190877,0.01607104217624012,0.004785591893418626,0.002543069634079074,0.0061348121268543976,0.01903361323626722,0.005820590948365797,0.002221975406513781
363.2764293501635,0.003872753354527131,0.03783639003259019,0.0005909127546224919,0.00040360483248504114,0.011888843145477992,0.028330687616083865,0.0002726350672340234,0.00010439827632859594,0.00504372668297933,0.01925405790936871,0.002198299408097156,0.0006341670677701761,0.00752297016964069,0.014180705074522725,0.00479466210910386,0.0025588150540170273,0.006128026785667683,0.01910548345730867,0.005819095115699506,0.002221503733518796
363.14452069753094,0.003770880378400737,0.03849461789440671,0.000589235551887377,0.0004015420523655831,0.011780480636196935,0.027447373269026434,0.0002780954501636216,0.00011586293239207386,0.010648670777490338,0.028305089779496067,0.002265318645178768,0.0007255293211173157,0.004992834636001363,0.014077331429531739,0.004817055703380001,0.0025586966735205905,0.006174855255360307,0.0190854132907117,0.005816077361934621,0.0022211329585862276
363.0127078043558,0.0035233120161009424,0.0386217973839432,0.0005911757493124598,0.00039912381223977683,0.012164307015594436,0.027249749202947943,0.0002654424060988437,0.00011325419798746598,0.006530703306473778,0.03078907199217263,0.0021732315178752556,0.0007348160220987038,0.006547985531100143,0.013436153656069755,0.004817309393246268,0.0026047691280972948,0.006161124506969733,0.019038015106333763,0.005813105871987291,0.002221026691670451
362.8809905664006,0.0035331514311543705,0.03858067209729212,0.0005924477251271397,0.00040102109047674626,0.011622412249408841,0.027220299065150434,0.0002715297435726904,0.00010948510908830569,0.012356231587304622,0.030143227186632857,0.002163464158680991,0.0006599173416580268,0.005328126153328055,0.015452916488893834,0.004750182677581124,0.0025452115352119324,0.006218637889221515,0.01913698008243152,0.005813530304761924,0.002219113476429693
362.74936887957927,0.0034753794037118402,0.038607572712101634,0.0005925543451146321,0.00039972911324745485,0.013470455224850426,0.0268117549095487,0.00027410715970083697,0.00011316213123918214,0.019367539655135692,0.038446404265426413,0.0021723234483621776,0.0007719475877241969,0.007614347184895901,0.01454375700569362,0.004735682406565675,0.0026418691345742712,0.00620782090421568,0.01896789011643377,0.005813008896770969,0.002218586592374322
362.61784263995656,0.0034762188614880177,0.038603818508352844,0.0005932602083203557,0.00040248331621720604,0.012044195192901855,0.028859115940095447,0.000257651474582777,0.00010804241984228605,0.01226525725664869,0.010398353973540284,0.002104269631698367,0.0006585588857577944,0.004544267001300141,0.014789029459861356,0.0048003179226711,0.002566713301653762,0.00611435497262563,0.01905736891357444,0.005809152877943731,0.0022196862069057397
362.4864117437478,0.003481022637667473,0.03861854289769095,0.0005902015348018864,0.00040020302621614874,0.011833182494531809,0.025845469827186277,0.0002798199698917837,0.00011854415556051359,0.022810756136437012,0.046516447847893654,0.0021524266694383063,0.0008241710322605786,0.005188514226012614,0.01349017351578679,0.004670776682388635,0.0026255587190033877,0.00611904306372172,0.01913153659757034,0.005809435088865261,0.0022221458273898997
362.3550760873189,0.0034547784627220837,0.03859084599673112,0.0005920336730994974,0.0004012520225007637,0.013492491933868735,0.02766040185509681,0.0002609692722072636,0.00011995448637261091,0.014463252722054851,0.03101185088248685,0.0021061566136854086,0.0008672647496660042,0.007774333750363743,0.015045533179106181,0.004790967195397392,0.002646061103203263,0.006262455563589349,0.01910288555844957,0.00580869613199966,0.002211641593203495
362.22383556718586,0.0034855563903680472,0.03857412011774827,0.0005933251991857158,0.00040362913434720157,0.011799715525169393,0.02882827499013975,0.00026411928493266665,0.00010959715796427595,0.016344677163318506,0.012742545974756833,0.0021464435834224957,0.0006293868765354219,0.005879024929923334,0.013565014130660713,0.004805412837941395,0.002513789141919161,0.006154271245435823,0.019077548725318808,0.00580944826007671,0.0022142307280965533
362.0926900800145,0.0034680470424899514,0.03858493283402969,0.0005894142251031805,0.00039931305123860656,0.012039884546292796,0.02668304516140423,0.00026082965343089253,0.00011976410396214423,0.013455384391666414,0.03640120243466528,0.0018981117443141015,0.0008166971470353212,0.0070872110711502805,0.013698490001638504,0.004600601378581222,0.002576908477443999,0.006281389645175416,0.019045253950305974,0.005808502820789254,0.0022110525280167165
361.96163952262043,0.0034464497781631427,0.03857532486934969,0.0005910438947291142,0.00040068881953260206,0.01251918198475647,0.02702547236823583,0.0002675327852970554,0.0001132533178656082,0.010279804995164477,0.03254916021274208,0.00219435769738445,0.0008611423738724434,0.005442049987245602,0.014027779333392446,0.004803665461140449,0.0027262843003494908,0.006134051325964197,0.01899219969284868,0.005806278802654889,0.002223048052896415
361.8306837919682,0.0034384126618056243,0.03857122961699469,0.0005905558301780271,0.0004022569364386063,0.014356552974172862,0.027106038118408206,0.0002624514115119577,0.00011453518707558403,0.024046135040887897,0.03855094232210342,0.0021395298691070175,0.0006647814464609661,0.006582099749662659,0.01577143916858144,0.00478732424581812,0.0025184550523942757,0.006159569779827076,0.019033912663451544,0.005797229433908391,0.0022144048491715388
361.6998227851718,0.0034307699847919695,0.03854376349881396,0.0005918844720070641,0.0004074105038495018,0.012871909315932992,0.029309150396156985,0.0002576397726742259,0.00011271658237999205,0.019723489927234116,0.00853590628584771,0.0019380315968401346,0.000819360690963152,0.005068362473151387,0.01773816054888142,0.004656002879034807,0.002626638089569567,0.006133217580132763,0.019062990180480948,0.005798387061066208,0.0022156408208790063
361.5690563994939,0.003449470839371242,0.03854105099038455,0.0005889278081947335,0.00039790945894603195,0.012512479802518779,0.028415504036332303,0.00025595055261118523,0.00010991310904484207,0.009772892952049238,0.016361893896187068,0.002055002691816681,0.0007025368208984735,0.0070853326760687875,0.01386450240940692,0.004783650962525763,0.002557107732476926,0.006225891567540044,0.01904189064095521,0.005796745286447835,0.0022088310632826054
361.4383845323456,0.003454291677914502,0.0385635466149179,0.0005927815030198283,0.00038987895996713055,0.011323521109202983,0.029311173582305606,0.0002667105192621222,9.855426015672292e-05,0.022224858911896357,0.011465274895150443,0.0020548929158096755,0.0005864419940375336,0.007487860672541074,0.017304484217616153,0.004681240904299956,0.002559806038083191,0.00619436945740476,0.019028076969779647,0.005801613148058023,0.0022132172902036918
361.30780708128617,0.003468578144365503,0.03855720741976341,0.0006035644319436282,0.0003994076551572932,0.011730471466789905,0.027687813958267516,0.00027850331793531614,0.0001112577090977002,0.0059498906248914565,0.022450793450814226,0.0023055334212688603,0.0006869178940061437,0.008011370106374538,0.015961216937588132,0.004775709369065441,0.0025630014325251256,0.006199502665741879,0.019022757553074716,0.005793030175561457,0.0022136324408442657
361.17732394402316,0.003444382865163149,0.038521133966662485,0.0005903030318725353,0.00040833321915430737,0.01153118053809217,0.027667042785017342,0.0002798541872999697,0.00011745623213808738,0.00691842114548546,0.025586905897083206,0.0021662545889624993,0.0007486012713460015,0.00913957179019299,0.012452079700586689,0.0046553066866771905,0.002574840669484374,0.006169283813604449,0.018988195561263747,0.005794898454678528,0.002208242044108076
361.0469350184116,0.003472199986034533,0.038512742911562405,0.0005939950306112499,0.00038301695663430093,0.012674301308044192,0.027177411856636597,0.00027091537690633014,0.00011574410733839385,0.010399742569965183,0.030290704782952736,0.002138604013905863,0.0008293041175652997,0.01034224010074489,0.013873880159555686,0.004707534521007137,0.0026292218901693295,0.006106895179567148,0.01898463833894661,0.005794684949422653,0.00221142244585307
360.91664020245406,0.0034443173300874857,0.03848586567094408,0.0006140436713932742,0.0004071382208975562,0.011593145145284284,0.027766602816652934,0.0002571393967649322,0.00011638943032092603,0.010654095138451055,0.023248075202162436,0.0020274726906293794,0.0007470783663134788,0.00525156139109386,0.015062071615755923,0.0047026418034765965,0.0025345579535434324,0.006122858424523791,0.019040298538481732,0.005791121550699852,0.0022103287870278675
360.7864393943002,0.003453255727058201,0.038515097935618095,0.0005971497899928742,0.0004335227353358176,0.011979422290112713,0.026637139955962955,0.00026112201882986293,0.00011957422899930863,0.01278400495902119,0.03227555565367405,0.0020208143768356505,0.0008442696979666549,0.004721465071143797,0.017766108573515984,0.004686522410791648,0.002636021419743484,0.006129921828572762,0.019062164732651345,0.005789432079211425,0.0022114896646368847
360.65633249224675,0.003448619310458322,0.03850223277476757,0.0005914961678691687,0.0004043293242985907,0.011368926704975552,0.02757055475109565,0.0002625190206622977,0.0001081807557648482,0.009814754065612245,0.028146990691478753,0.0020644654118203067,0.0007418176298707021,0.008620433456933882,0.011008297290820293,0.004720861343962749,0.002622584109205959,0.0062008246573819915,0.019053900938247607,0.0057874168946327,0.0022074321837895895
360.5263193947369,0.003432746636762799,0.03847149531586814,0.000591466734495159,0.0004252535800525596,0.01263025097454886,0.027593298935387603,0.00026923942084972725,0.00011400258528398779,0.005106401219556278,0.02580496468569103,0.002153010557118192,0.0007776450022021081,0.0061501386667713355,0.013310642594261122,0.004744519969132618,0.0026387516711118305,0.006160810592127192,0.019001790684358196,0.005788491096206113,0.0022081997636847666
360.3964000003604,0.003417547711013239,0.03843625886654385,0.0005694064068108421,0.00039640866267806466,0.012077349912024542,0.027948131782753755,0.0002684420182940261,0.00010173249000380913,0.005508514925222426,0.020861617638150327,0.0021689431209174236,0.0006728348622677989,0.004665474651941877,0.013272640884492953,0.004787350115286817,0.0026154741780578567,0.006129196159022845,0.019057831416356117,0.005783990460696632,0.0022091418434030743
360.2665742078531,0.003453998615176916,0.038448067424427794,0.0005555236234005362,0.00044771057223483757,0.012180410561125184,0.027618326050600522,0.000271807168611057,0.00012054964331546404,0.0037247312896568656,0.02212499278089051,0.0021123077909642744,0.0007629233211020692,0.004608055878867605,0.01620924000363076,0.004722347125211819,0.0025959538776845685,0.0061539127000067905,0.019069461387184555,0.005782138237190331,0.002208597201043464
360.13684191609656,0.0034606998249413433,0.03843643246540773,0.0007407469244061762,0.00040542879903150735,0.01170575798905813,0.027561767026426084,0.00024439874598442744,0.00011425072158291405,0.007953432686934363,0.02142973135161435,0.002230900968926605,0.0007198597643602998,0.005296963233634072,0.017391921101963297,0.004830615855276651,0.0025516168521540895,0.006146135948274974,0.01905162036518912,0.005783933060643002,0.0022060087531950725
360.0072030241181,0.0034292136102035166,0.03842066288813716,0.0005707546218910303,0.0003259740610787008,0.0118599185156846,0.027465183348217584,0.0002785717055213436,0.00010683037312176775,0.004241179145883204,0.024414465517581363,0.002152396010748971,0.000821425868265232,0.007902194221571391,0.015201080318114924,0.004680352122852159,0.0026142338462470504,0.006160697315737367,0.019079056992026795,0.005782387606238273,0.0022083470601434326
359.87765743109037,0.003440097088097422,0.03842073328693063,0.0005430739984079824,0.0003850031505949488,0.011629721277802742,0.02751116686605065,0.00027101188256423956,0.00010614475422838768,0.00827670320520634,0.024204496548559575,0.002073981643696854,0.0005870616261178456,0.006967210666367221,0.014976146581880668,0.004707209763633004,0.0024636101873697315,0.006125790060199377,0.019051177631002402,0.005779610187659344,0.0022046306488848
359.748205036331,0.0034464280396467335,0.03845889306484002,0.0006220595610436989,0.0002977990579435138,0.012003162153060881,0.0272461932558701,0.0002751393909677884,9.294906000497704e-05,0.006842509653612594,0.02974191160646713,0.0022856358514792446,0.0007808641503243617,0.004672114297435029,0.01131674083973075,0.0047778867035201105,0.00266546273024673,0.006182313266003377,0.019124269712868732,0.005778216606693034,0.002204929470099656
359.61884573930246,0.0034309349506853695,0.03840873752224161,0.0006767791641816589,0.00041992202912039363,0.011662184798180118,0.027669753309495046,0.00024727889783914334,0.00010997604431528971,0.00763192918613822,0.023101158937909743,0.0020760612194887064,0.0007471235949511508,0.00634124189548819,0.01512222115807811,0.004722520071172731,0.002648542208240571,0.006206372398669256,0.018997099494285203,0.005775771780071479,0.002202592016036941
359.4895794396118,0.0034935224374012743,0.03838192597724665,0.0005911060066960425,0.00041383566091850714,0.012210118292452419,0.02764268713708008,0.00026363623521947436,0.00011476512569746348,0.002400980735463133,0.021950754459574968,0.002165181747739183,0.0006829207432667568,0.004422789708777576,0.015285441767615017,0.00479023371373997,0.00252384675420386,0.006153272780487971,0.01908656493928954,0.005773131254137966,0.0022034676816329968
359.3604060370105,0.00345425470532566,0.03840084017259174,0.0006209019446025813,0.00044458433041172856,0.011642339368471387,0.027430935620468087,0.0002501761751802727,0.00012208785823833578,0.008328997532766488,0.024593023325428624,0.002107353080543879,0.0007134123592626217,0.005422905548576015,0.015490856918170069,0.004814848236023143,0.0025460449433285367,0.006216193524410992,0.019033090217652118,0.005773841095717061,0.002204099934231835
359.2313254313937,0.0034080331856704477,0.03839048241289696,0.0005385026636637511,0.0004241838050502627,0.011731409664818246,0.02751247575632764,0.00027630107888218367,0.00013253766964635934,0.008033206279101396,0.022662156251666607,0.002126502705192199,0.0007459406037660772,0.004470994341610346,0.01596513015168317,0.0047183459865104945,0.002415216820140152,0.006165836618999581,0.019029869714285896,0.0057714306160778234,0.0022035472355967298
359.1023375228008,0.0034406405820508307,0.03834913231452116,0.0005923175078895437,0.0003823372647671217,0.01147559868414265,0.027548507664305517,0.0002783780020236647,0.00011150536702002376,0.008539206573326762,0.02561872218287844,0.002152819548896235,0.0009070377486844888,0.007242861291550862,0.012575885483246667,0.004639409351920425,0.0027444794617712343,0.0062022250754312945,0.019043419775513114,0.0057710792625881606,0.00220319076872983
358.9734422114143,0.0033824055519079796,0.038343828486857634,0.0005741780679761796,0.0004237612548249956,0.011543721115903184,0.02759478147357259,0.00026234632925983424,0.00010980490101345679,0.007645382986196372,0.023123706192591496,0.0020969552348023934,0.0005671993528389646,0.007547643717136784,0.01487605668706191,0.0047593088085883,0.002468685018742139,0.006208321407793459,0.018990322275358767,0.005768197331746837,0.0022016829260098326
358.8446393975602,0.0034100621066396795,0.03838846696962783,0.0005752944529820559,0.0003885161227706378,0.01151684748454666,0.02776507602217505,0.000269469599031872,0.00010842726059035815,0.007939174756530368,0.02045049993347001,0.0021290476470665013,0.0006090411877491978,0.007648974915279451,0.016295149164066484,0.004714157925006717,0.0024641423734057468,0.006203386856501102,0.01902707738368649,0.005767185950656433,0.0022024517837771545
358.71592898170735,0.00338874267618314,0.03834838699193075,0.0005958500611998429,0.0004107160856893472,0.011590607553507399,0.02769583194757377,0.0002747895508744588,0.00011401206578768441,0.007519078014847278,0.021716388528539958,0.0021902660099893012,0.0007089319454159182,0.007074217451167813,0.014140785000635042,0.00469071173685149,0.0025461101906617957,0.006197501994907216,0.018986339412254583,0.0057667759737345566,0.002199378503553089
358.5873108644676,0.0034525989668678578,0.038375637679673114,0.0005744697302295126,0.00041528636638926946,0.011836122233017188,0.02772224807430487,0.0002653120684359933,0.00010843382506370058,0.005847361552546211,0.022172756706045196,0.002183386978615124,0.0006693024096103069,0.00587895772669697,0.012914809078710744,0.004797686246080221,0.0025660310003680904,0.006151513838798546,0.019027545785828954,0.00576146122821754,0.002202435741729362
358.4587849465951,0.0034275918300795587,0.03835295751534271,0.0005703029206525629,0.00042214533270489376,0.011596260760737989,0.02794635645645803,0.00027186510750576225,0.00011427343039001038,0.010020056662597964,0.016810884816690415,0.0020829359601453805,0.000709402903127666,0.004894830606843538,0.017581455377200614,0.00465313724044416,0.0025584164805203813,0.006213074027005917,0.019013272674215546,0.005761232525816627,0.00219863493294035
358.3303511289861,0.0033265967686701794,0.03833226579455934,0.0005526774459212136,0.00040799415019368313,0.012241117201720504,0.027869549113477318,0.0002706929879012115,0.00010797536109207643,0.0047644162868388665,0.0198094596170753,0.002114613139647799,0.000752942728974564,0.006644614468688762,0.01401590250863149,0.004706714882334156,0.0026543081029672755,0.006150120510107106,0.01902477960035282,0.005762920627669277,0.0022010537746207978
358.20200931267914,0.003499399714428486,0.03836519328109334,0.0005659959468936525,0.0003950360830412659,0.011030758777373932,0.027986931935595514,0.0002697848381879791,0.00011016260284517918,0.015488076447674253,0.020348858708250664,0.0021222104974531206,0.0007101744570270075,0.005765628863928899,0.014722538473557603,0.004710065315065989,0.0025485597183538,0.0062281700549031045,0.019012769769579607,0.005757502933108305,0.002196684387957533
358.07375939885435,0.003478927893799904,0.038361916854312963,0.0005667352638829379,0.0003934736760918755,0.01219877997529688,0.027552666364956742,0.0002830323348203202,0.00011046944050283111,0.0007509522475539055,0.022166978351479443,0.002181602477753537,0.0007737657818029045,0.006623352098780498,0.01481785243630843,0.00465149766270364,0.0026301869043768135,0.006102311311164433,0.018975950074440504,0.005758628752785864,0.0021963890469755593
357.9456012888333,0.0033296010732697537,0.03839316933304863,0.0005766679373911207,0.0003968493158378603,0.011964917867159463,0.02794213502098341,0.00025867091955186284,0.00010125802721806156,0.004458454795265732,0.014657841454430142,0.0021608096428915075,0.0007069127867305496,0.008268388953077358,0.01790418479213367,0.00483052386368616,0.002644727898248964,0.006194042309414837,0.019079995709659264,0.00575852184001049,0.0021967470367562554
357.8175348840788,0.0034395052697013353,0.038348401712639604,0.0005682280426458162,0.00039721801089500237,0.011200614054779002,0.027885701898569315,0.000265303570203924,0.00011108712836735603,0.015299868229334344,0.023541860874007982,0.002110898609787782,0.0006883319964888078,0.006417393691909861,0.011325060101899799,0.004735602363045148,0.0025284557813483864,0.006192361631550238,0.01899302246475744,0.005755289188632024,0.0021990481752400897
357.6895600861946,0.003418168646586675,0.03845698885783653,0.0005761068029775589,0.0003945177034993472,0.01224318181390921,0.027278792467450297,0.0002620337585617135,0.00011001156392217556,0.004156666653188722,0.023506948274907593,0.0019855348148249564,0.0007606209349839461,0.006311439016349626,0.016890369711308466,0.0046343934064063935,0.0025907845503208883,0.006258598435515251,0.019023433200258285,0.00575165334139821,0.0021967579249182767
357.5616767969253,0.0035553185609798676,0.038326157883246066,0.000571349940489013,0.0004024997422388405,0.011967864243305194,0.028247247141932514,0.0002632300850141911,0.00011147591989756025,0.0051970468359937485,0.012145191445875869,0.0021299451560267755,0.0007428220161426409,0.008112270547608309,0.01660028722070504,0.004769255118740569,0.0025795176940041856,0.006222698396252195,0.018949764470033617,0.0057522454918940745,0.0021946653399865356
357.4338849181559,0.0034946144327957086,0.03814669174833059,0.0005732132831916807,0.0003935380306163069,0.012122527280179528,0.027859195639718403,0.00026821144995376356,0.00011215063308953119,0.0069981781183752695,0.019041941932702932,0.0021398546915785176,0.0006750808743901411,0.007060615946605994,0.014231702936935198,0.004728125066483311,0.002505207591515849,0.006254124779662632,0.01897017828938586,0.005751615993695187,0.002193632713133118
357.30618435191144,0.003373014373243586,0.0382821983593693,0.0005752205475325871,0.00039601901348062266,0.011352317988202697,0.027835345658868523,0.00027533889038369665,0.00011515879679308905,0.011883096099984659,0.01679089187453572,0.0021996951892150267,0.0007207483522967576,0.006098268432599439,0.017584791584029084,0.0047218066405657,0.0025207757899504742,0.00612454612143319,0.01893985316593232,0.0057523766513684835,0.0021940732997549313
357.17857500035717,0.003450988960721039,0.038309233586224116,0.0005725064118056769,0.00038942078144491525,0.012555703285290067,0.027225529820917638,0.0002642399270217412,0.00010874820658607364,0.006160623336223289,0.027723473121755434,0.002047322594985549,0.0007157754872598097,0.007811148769753148,0.012703620713104333,0.004663339597774695,0.0025796322883627743,0.006153378247844478,0.018969862839975746,0.005748698041578287,0.0021965613071301734
357.05105676579797,0.0034663818757359136,0.038176822188868816,0.0005796610609516182,0.00039498685984104944,0.012117300567789492,0.027232934752863636,0.0002693461607106016,0.00010926781254012334,0.002790964600146883,0.024965527255492177,0.0022081797198411626,0.0007632326506592347,0.00565472751239511,0.015038805790740743,0.004762741534000761,0.002622371191972017,0.006123943415677142,0.019064981710419534,0.005747198554008324,0.0021933161651518916
356.9236295506782,0.0033927750083310015,0.03828107505625349,0.0005763692351027472,0.00039539914571906057,0.012719581577587062,0.027256558461796573,0.0002643202228562477,0.00010518040403969799,0.00751661069577388,0.02788536383090181,0.0021452660733119935,0.0005962674049948707,0.00718374704491938,0.013695155470111079,0.004746421244684758,0.0025061884476998853,0.006351623899070516,0.019001703447205597,0.005747312418307046,0.0021952034074391993
356.7962932575812,0.0036517344612473322,0.03823283942902878,0.0005794379556788291,0.0003932975750104069,0.012113612548567602,0.027766678910244102,0.00026414498457331633,0.0001087472487576923,0.004240437404183864,0.020494569127219957,0.0020843090260207367,0.0006871613770306464,0.00430539612743793,0.013232629975571642,0.004689405004506889,0.0025306321452079907,0.006195362185248369,0.01894389520317073,0.005742016252022899,0.002194835865359257
356.66904778922975,0.0035093917910237514,0.03812713975198495,0.000578298200656278,0.0003976251452821374,0.01268487451819106,0.027801916279417853,0.00026361268399885336,0.00010805095850598336,0.003988240084483697,0.018035085514758707,0.00201075232644427,0.0006661170494449403,0.0064873476732610355,0.01726492623898846,0.004622691865318621,0.0025318290994295915,0.0062151133341174815,0.018930738215963288,0.005741215554496815,0.00219249121512927
356.5418930484849,0.0034975710641833176,0.03814263108409079,0.0005730468300541318,0.0003917865279703544,0.011982986443397682,0.027068585414408985,0.00026664022967608187,0.00011465741875209589,0.004427653214120262,0.02719021704996266,0.0020374010850547127,0.0008852102493952135,0.0066569628588886015,0.014361640021062326,0.004634148676215164,0.002657730447806705,0.006142615219597555,0.019060514192214932,0.005742082389676247,0.002191474430274445
356.41482893834643,0.003399273708247635,0.038093712814059565,0.0005836955069562029,0.00039224107196253244,0.011941608881653826,0.02728239631398518,0.0002664893697710389,0.00010958389356862563,0.0035063238093797793,0.02503549576251556,0.002157969271164962,0.0007954223199957307,0.005786532612647797,0.013792360067905853,0.004729519592533699,0.002635738084394303,0.006343657491054701,0.019037793627393895,0.005738915758894591,0.0021954151590238566
356.2878553619523,0.0033400009944554382,0.03834491082072445,0.0005918686959424729,0.00038878159382405345,0.011790695106371518,0.02794686251977933,0.0002581124125751555,0.00011198784744434243,0.008593901015685778,0.018456928442724663,0.002079497650410483,0.00085511488424722,0.007420974186239889,0.011973166326897742,0.004718498476976761,0.002669250559433569,0.006273240761599066,0.018952818995049473,0.005734663837579848,0.002189752108590694
356.1609722225784,0.003369133882195941,0.03802921755221012,0.0005620380383521315,0.00038570103978544107,0.012504676368880105,0.027436215571537696,0.00027166358077135067,0.00010925301498839427,0.0011362128916357899,0.023245171002128275,0.002221815755438356,0.0007308411273628158,0.0035865878002374067,0.01557361484059647,0.004764282579557213,0.002574257734637718,0.006411367052402364,0.018754773334543062,0.005738690098361307,0.0021905668788093735
356.03417942363836,0.003686976555955264,0.038153503526053144,0.0005634836576886402,0.0003937524908813711,0.011827108238683865,0.026830995835577045,0.00027535872215922046,0.00011863002371865507,0.007274101620705017,0.029174503363646336,0.002252070774459802,0.0008894645189612105,0.005326344552341274,0.01464880076637679,0.004770697374613195,0.002650703804959289,0.005996666122571993,0.01883207546976525,0.0057344698713402585,0.002187658215380608
355.9074768686833,0.0031053512820070693,0.038200374471918555,0.0005746702062776971,0.0004073130525321369,0.011773550255160551,0.027592525791291043,0.0002627876660039873,0.00010891319536252102,0.004393237136304961,0.01860282488860487,0.0021039442529302496,0.0006875963984877873,0.008591181310574196,0.016683998234164957,0.0047172598123223835,0.0025545528195636733,0.006180206211091648,0.018951544752320536,0.005735212381922282,0.0021889438105016238
355.78086446140173,0.0035325227801908223,0.03811741543995408,0.0005719001155400351,0.00041585565536168286,0.01235836339541007,0.027462133454668813,0.0002655674939764313,0.00011506577720473221,0.0023144894112495495,0.023198983930460885,0.0020406741673193334,0.000863609921633097,0.006810911127174274,0.013412181931982957,0.004635749472977175,0.0026771995734919045,0.005986375842084033,0.01912347063173746,0.005731765480186976,0.0021867940159019583
355.65434210561887,0.003445161957854727,0.03810159347561659,0.0005846006391467924,0.00039993067012808253,0.01228349219385396,0.02755447144811866,0.00026585327543817013,0.00011626100599460723,0.0015185948855504512,0.020347442475887774,0.0022096207585810624,0.0006944881228148535,0.006633144766168938,0.015226749020525857,0.004776037580790154,0.002489086545483804,0.006562634303580584,0.019157001375451062,0.005734025051534509,0.002186427962191751
355.5279097052969,0.0033922655195219717,0.038062988608458484,0.0005896099613971016,0.0003981351257682551,0.01251880456492644,0.027217831220781346,0.00026597322031544847,9.626030269832268e-05,0.0043012666955099055,0.027013440394440192,0.0020884435941005332,0.000636979656282911,0.006937290986143465,0.013044147157377778,0.004633597611049063,0.0026029853702525634,0.006306329633078621,0.018771470034411257,0.005728076328771187,0.002185045954396502
355.4015671645345,0.003388029136214593,0.038131863569602964,0.0005590964014524448,0.0003989691562121766,0.011810263511293061,0.02722437825101165,0.0002694752154852924,0.00011780412582098068,0.00718896577630131,0.025348681287904885,0.002117368376737195,0.0007333645845372862,0.0038605758985601115,0.013196142848437804,0.004680265132001889,0.0024953183062043486,0.006301558775916148,0.018912723672377157,0.00573082662256783,0.00218585977710409
355.2753143875667,0.0034134230260646345,0.03799457498143639,0.000584948778712673,0.0003717855111598168,0.01229097309733122,0.02740153807493441,0.00026931847068168655,9.826290783150519e-05,0.002757789825995556,0.019303783789098333,0.0021508228392141315,0.0006751533918197278,0.004977273838139313,0.01889370853101365,0.004695092554095752,0.0025936314736959075,0.006221003382075341,0.018828643865660116,0.005727486839022519,0.0021855094275683006
355.1491512787643,0.003351545062364213,0.03808065222332715,0.0005873547133353991,0.000405606783551066,0.012032623111827206,0.02690293290433137,0.0002603012352229191,0.00011522170991213183,0.00511713107386814,0.028134507587534562,0.0021200675603513515,0.0008418413457106291,0.006251913734479049,0.014071025923194671,0.004729892443919569,0.0026493747818191185,0.006213477101482631,0.018962997867710135,0.00573101559834939,0.0021852718546380777
355.0230777426341,0.003435794981384351,0.038011473535128945,0.0005744198129418198,0.0003894145363790597,0.011961473869430148,0.027289861665145965,0.00028339091029172075,0.00010634345266363198,0.0013832065486734527,0.022900663344046793,0.0022057247202977204,0.0007650316458089602,0.007531195475186198,0.01520102764930049,0.004622339748697325,0.0026187602173301148,0.006331235560329459,0.018834254235788852,0.005725262747473135,0.002183770100500603
354.89709368381835,0.0033624297826210926,0.03801934075013926,0.0005826847987288012,0.00040278859705013926,0.011825496013358859,0.02689363690824417,0.00026318269440029523,9.79878829639192e-05,0.009674709851518888,0.024514578505379702,0.002081733118537223,0.0006547370340538372,0.006475747872393841,0.018652085296717247,0.004679591120535596,0.0026236997930229908,0.006135953136013373,0.01884334188896808,0.005725632914346216,0.002186660468510386
354.77119900709476,0.0032997600226309567,0.03800551379782664,0.000560801752395383,0.0003948180488007223,0.011706509011841481,0.02741419785910137,0.00027623714909955733,0.00012580434661398112,0.004204258149928605,0.023837089818630346,0.002125591636608775,0.0009030172423584022,0.00790423452451512,0.01231090711618611,0.004644724214357497,0.0025918022920373854,0.006324611813795064,0.019005472499708805,0.005729241033097965,0.0021896289312329105
354.645393617376,0.0032888338799906365,0.0380243392675884,0.0005775313270436841,0.0003856661026292723,0.011844207893502925,0.026910500370728396,0.00027757193345562665,9.915719109334904e-05,0.008434403708538419,0.02634287676698511,0.0022701765812304505,0.0006271652902349324,0.0032421031895039144,0.016488345956823792,0.004737864809757404,0.0025439585025935894,0.006289567296478216,0.0188119245067649,0.0057268768839887785,0.0021671758677518018
354.5196774197094,0.003148276962977726,0.03821288808293401,0.0005733935558866369,0.00039328764850605824,0.011598773886659449,0.027804534707147305,0.0002675602373107283,0.00010266015801308807,0.0046582280494668,0.01957128601627209,0.0020465529690375343,0.0006638490681454916,0.01213239212947578,0.01403802345354774,0.004594942936889349,0.002578494967268879,0.006274698926005795,0.018902797964348274,0.005704069359515699,0.0022000988606702154
354.39405031927714,0.0033739179444901703,0.038240247365553856,0.0005760683458219666,0.00038599997259577924,0.012354219439630556,0.027276084320094363,0.0002678304089134406,9.674947801873067e-05,0.005661105518684737,0.02992099444042543,0.002149652881819827,0.000657945996031635,0.005843619723041016,0.008172578623487489,0.004741901030264797,0.0026123435585477827,0.0062323760052351435,0.01882024668117149,0.005772512710567157,0.0021823698857924454
354.2685122213957,0.003299547731284236,0.038174653563779956,0.0005780148110168253,0.00039129945598350547,0.011938038991711742,0.027314829651812266,0.00026337666038740693,0.00011447986839215369,0.014598087892322056,0.013826032370105927,0.0020990363927378183,0.0007429784126986316,0.012503344799784304,0.028084335787961625,0.004680170199082445,0.0024694571901672014,0.00627196051693929,0.018868486930608868,0.0057094892006915345,0.0021254005416348806
354.1430630315157,0.0035015343941801535,0.03823075124267585,0.0005768870226306103,0.000391110974649026,0.011851033999493193,0.02736966695342789,0.0002787270579378413,0.00011170412136415329,0.01203416850694223,0.021293059826298498,0.0022014354512949127,0.0007388495152623439,0.024209904287194387,0.02590246006724887,0.004634429472574516,0.002555616874655982,0.006260480049098431,0.018820281238909213,0.005694264945189484,0.002179828516515329
354.0177026552213,0.0034714416709825556,0.037991269743345255,0.000576108767973378,0.0003919209564007478,0.011977452838300892,0.027420478678930174,0.000251454372607155,0.0001074534799130637,0.014933193422196329,0.0344614453107563,0.0020165464754261235,0.0007386191176192316,0.01353040887065106,0.0073423690034828395,0.00469148607003059,0.0025551012458930244,0.006346942292343642,0.01888606630107681,0.005692244209720856,0.0021744983535972864
353.8924309982308,0.0032968780095332987,0.03827502918058996,0.0005733983624070214,0.00039059442538371764,0.01196402872308994,0.02694669505113161,0.000259970114328117,0.00011777918542111684,0.0199637314152095,0.012815827427816827,0.002041280457359264,0.0007533395622127448,0.01848698330784974,0.030957020232004827,0.004669910010041881,0.0025237868975148464,0.00626643620582785,0.01879133647343906,0.0057077176596156695,0.00220042480920507
353.76724796639553,0.0035181018284517157,0.03818818400713894,0.0005737820362581546,0.0003890742990026407,0.011697167901181497,0.027309562341229852,0.00025837219761475934,9.227659597368233e-05,0.0059309700225082815,0.024646793556794735,0.002073243095482336,0.0006205307782577428,0.01904848657921978,0.01801090446733948,0.0047107250186349085,0.002572355695650815,0.006265775516760612,0.018872692622845442,0.005704032749614841,0.0021748246081867554
353.6421534657002,0.003235727269255938,0.03840328382551548,0.0005723487033060793,0.0003864529723696049,0.012169421226938764,0.027523123600455713,0.00025353790946051473,0.00010541919874243126,0.0026921889981525874,0.019465592525301455,0.0019969032637810816,0.0006348155090699137,0.005220441631584021,0.01418640074497777,0.004681268129225437,0.0024961161973963025,0.006281180356262717,0.018781400979746853,0.005706860795198944,0.0021882870148197944
353.51714740226237,0.0033915166120489365,0.03836689433536654,0.0005812330852899968,0.00039246433223150205,0.011930515051993147,0.02694169506163146,0.00025458901362145146,0.00010781643463952001,0.004689608752160189,0.025388929850699807,0.0019746191650899547,0.0007036447493688251,0.005622559830459345,0.014365633626309252,0.00462259705700359,0.0025422891463939435,0.006285886603073272,0.018767226561044677,0.005698606597911963,0.002175027484469827
353.3922296823322,0.003807617910183926,0.03867997851397405,0.0005759566480721034,0.0003926266343180975,0.012337848223605964,0.027205201102197138,0.00025644394810224805,0.00011948891524966457,0.01184489269611778,0.018625535300971732,0.002073073943829746,0.0008387410584126136,0.014154186114994248,0.028938894867659288,0.004716732960682013,0.0026016828821756374,0.006231836484507649,0.018815346414955057,0.005702530110198549,0.0021844857455274994
353.2674002122925,0.004379785259828039,0.038132490047911964,0.0005810213386943568,0.00039598358896832553,0.011463736195357522,0.026924291338946547,0.0002530283271238843,0.00011313135185145783,0.017972588016859237,0.02673911264986515,0.0019964993496830487,0.0008094663303513794,0.029592827802009575,0.03344705477130459,0.004666560343357484,0.0025899058298167305,0.006334021937257693,0.01877344420068834,0.005700651294252274,0.002176516032229736
353.1426588986582,0.003773280183631785,0.037895721411840756,0.0005739586235418197,0.0003884303518403831,0.011765310996238785,0.02754142870028604,0.00026473680836214226,0.00012885737921663668,0.013639315502419104,0.030292500846547835,0.002120551363764915,0.000939578862957887,0.01778183531669325,0.0074411949392606935,0.004670564563433593,0.0025844323645533513,0.006213416225625083,0.018842345928438274,0.005702934128825156,0.002187051304949406
353.0180056480763,0.004188834110014724,0.037763428520118415,0.0005719635008488678,0.00038549186107600316,0.012163817012666289,0.02692162473008929,0.0002684477071025326,0.00011839759591270584,0.012650360065929915,0.024855207520160343,0.0021593516049462067,0.0008158558463743697,0.016535089002116,0.019125792137293526,0.004687726428014643,0.002546938483478951,0.006352791108814258,0.018741736627226908,0.005692999499969835,0.0021779043525397123
352.8934403673254,0.0031375068097353356,0.03786040773501065,0.0005808985751312315,0.0003886831772287879,0.011651237437324137,0.027151281799746147,0.00027134263499607893,0.0001041808513954664,0.014208001794200795,0.041079368339745986,0.002227166666365891,0.0007400103935308482,0.02031629827301824,0.006812041588545679,0.004710856443479093,0.0026120554107800175,0.0061877819059587965,0.01877028590393464,0.005700599578456682,0.0021825188258151316
352.76896296331574,0.0041309128903871456,0.03880141027129606,0.0005729686161506166,0.00039010738214299547,0.011677176018524523,0.02739669470573882,0.00026734713939190365,0.0001077763110366767,0.010736816635782374,0.016995583610313586,0.0021787212143296476,0.0007113741690703132,0.005103815677934352,0.018667682436971422,0.004697669437658747,0.002565919826296156,0.006310571891127415,0.018743649946656296,0.005683553224096769,0.0021824442607454005
352.6445733430889,0.004083236989110554,0.037232521162042564,0.0005812567091426204,0.00038859582691164353,0.012049612524406488,0.027379226096658223,0.000268765264908458,0.00011494468763802684,0.0052225135560609245,0.027799922181832373,0.0022163970673004293,0.0007777135406864512,0.005259419801454341,0.009131399263253065,0.004717434947003216,0.0025710509632626295,0.006192048913428323,0.018795620804916133,0.005694125610457474,0.0021780009309269282
352.5202714138175,0.003658505717206563,0.03891689333998125,0.0005771216091710275,0.0003945321276558496,0.011800891952061231,0.026766036131576333,0.00025927428702605867,0.00010564047716927291,0.009883284932211495,0.019262597225889716,0.0020644680906922457,0.0006374186071588756,0.010645727467023858,0.02132955799339038,0.00466327203344959,0.002500677152359365,0.006374477899073451,0.018763457149024148,0.005686402333789357,0.002179775528628411
352.3960570828049,0.005653470584244056,0.03764703282783951,0.0005765434051219175,0.0003927550331380058,0.0113845684829277,0.02702944208420868,0.0002589244586327667,0.00011122341854672336,0.00423617666715522,0.03188090223967655,0.0020465198411309545,0.0007719942471597157,0.014779857306607849,0.009246567444871108,0.004649625933372688,0.0025851826200182886,0.0062444896132441766,0.018718341546098374,0.005687170916803531,0.00217346917634171
352.2719302574851,0.0033796060418918405,0.037094345682462955,0.0005727005640768083,0.00039453711189173604,0.011840584009062804,0.02707303686822853,0.0002626036346127909,9.633312951808728e-05,0.009745950553426712,0.024280851336582737,0.0020580288190504663,0.0005561091193056347,0.003730407015557759,0.01670270243612253,0.004617979356539786,0.0025233197994929896,0.0062890721285313814,0.018638649797613524,0.005687050580936615,0.002183773506636799
352.1478908454226,0.0040572874157632855,0.03686513318897113,0.0005673167919227074,0.0003891119581997478,0.011610274867238637,0.027363168850923165,0.0002579390146210437,0.00010864502756167411,0.005015961186582147,0.02287323423275467,0.0020248143477486274,0.0007413148352932323,0.005627856065738315,0.014409788354592518,0.0046352496190493605,0.0025783300837241953,0.006125665134915526,0.018748870352677707,0.005684156783077626,0.002176317599048657
352.02393875431187,0.0027098755538415157,0.037804554624488486,0.0005718236290940113,0.0003896599197863861,0.012318242950162676,0.027417583859603505,0.00025979863702531465,0.00011090415732748372,0.0015651493752528141,0.018293293161336346,0.0021469090650950264,0.0008334382308548844,0.00859373400712105,0.016534334315069593,0.00473794548769719,0.0026471290795182954,0.006319923034111059,0.018879491478948716,0.005679911243539916,0.0021766979479543942
351.90007389197757,0.002751421312301064,0.03955094952751514,0.0005774070467632962,0.00038756864250632405,0.011949288529387177,0.026444328001846155,0.0002601331412922304,0.0001137103353505439,0.004450587522251132,0.026479296565444968,0.002145930323258688,0.0007700706055156257,0.006322414940725068,0.014490306514910203,0.004722543602235663,0.0025428777182589842,0.0063326192847619435,0.01884670749812224,0.0056791516641995984,0.0021700290853660584
351.7762961663736,0.004197135201850502,0.0374044098196202,0.0005608877543466597,0.00039549702792908333,0.011637796628995018,0.027156947345195387,0.0002581419869222916,0.00011549984934839775,0.0038877680551870513,0.025458045697225304,0.0020683506156026813,0.0008393596216817126,0.014210004928450695,0.016236372167428636,0.00468537210427912,0.002596065934944042,0.006584619004236472,0.018617408636949554,0.005678544444727585,0.0021777532071225163
351.6526054855837,0.005583230185048049,0.03876261297567628,0.0005767798953692667,0.0003952664754683366,0.011509507640342923,0.026973177126545865,0.00027370065723383586,0.00011251913127595591,0.005688905527937337,0.025883463521463337,0.0021689063854271416,0.0007224472198261835,0.0040525707594349075,0.012033928074474913,0.004610053221768084,0.00252794585616273,0.006181230666588999,0.01846245640641941,0.005672031583372713,0.002167059891494588
351.52900175782077,0.002143077726504447,0.04119237753583522,0.0005773271881753417,0.00038877310324305075,0.012184932803259507,0.026702309057702336,0.00025361969213780563,0.00010040425143966692,0.002601450939284869,0.017932508562415034,0.0019199972288984869,0.0006492887034486761,0.013696530864735794,0.01913728395461846,0.0045585922753892515,0.002535749221982393,0.006243857611215966,0.018585980290204706,0.005681562164923523,0.002168548765428715
351.4054848914266,0.0025979013336859687,0.03784120708709707,0.0005754497614506865,0.00039252145882279704,0.012465151531631935,0.027460223364937007,0.00027674305143479124,0.00011999581621991507,0.006113393581539642,0.021435167001388263,0.00221476978230544,0.0008291695021362393,0.0033815590457311126,0.012550827142156537,0.004653642493456505,0.0025523673013094572,0.006052207688877367,0.018631257293373827,0.005674490251328457,0.0021700120368874196
351.28205479487184,0.003252887152153011,0.037448251957119635,0.0005746631356607641,0.00039047922106230567,0.011682359062329327,0.02662599202407035,0.00025791154286721986,0.00011656051751144199,0.01475079085387979,0.022207939547963684,0.0019856504370520103,0.0007418904423943532,0.01593562385652617,0.02422601944742317,0.004563581972835167,0.002524801648326705,0.0063856188039788835,0.0187870652756492,0.005679035115617441,0.002167905145331785
351.15871137675566,0.0032909100564927295,0.03666352635756483,0.0005744911811701917,0.00039338085026971784,0.011645423504454001,0.027393021118731153,0.00025778072404477833,9.477631143822637e-05,0.006335364392900519,0.030524341348583634,0.0020404083353502377,0.0007177596549397344,0.012839775935274814,0.007474055983699724,0.004640963357532528,0.0026478525766647954,0.0062478295687235655,0.018508072619730767,0.0056716090372950405,0.002171804057821656
351.0354545458056,0.0036773893826117982,0.037304180699642975,0.0005719292180629585,0.0003938924039027534,0.01187317207228633,0.026926358438727874,0.0002586311213043631,0.00012415756024962646,0.0032277237832922757,0.02868167334532792,0.00211507342692621,0.0009194931481734353,0.005329904399601656,0.012136610115313425,0.00472440230644641,0.0026101806546333676,0.0061861775930446145,0.018648041111370608,0.005672046788948296,0.002162941794900577
350.9122842108772,0.00377968022048643,0.03679405097587821,0.0005715647277517029,0.0003883704282844361,0.011450920441970327,0.02713699711407351,0.000263620994714374,9.020510422388212e-05,0.016658436090129514,0.015655048269849692,0.002148754304681734,0.0005723459101505364,0.01216951448218746,0.025503251777879793,0.004693512084845166,0.0025592842849850965,0.006217796041089166,0.018646759344678444,0.005673375579507139,0.0021645795888340616
350.7892002809541,0.0027174598617007444,0.037104951174069874,0.0005749187926738662,0.00038998475429325124,0.011898402990194495,0.027355171058574664,0.0002534568102540702,0.00011570467855597319,0.008160347659886,0.02183528184783757,0.0019430820996407122,0.0010143514278724557,0.020607999910390938,0.02109197914315439,0.004606793687794868,0.0027367241175704528,0.006295401878961098,0.018599730362784495,0.005673567408926972,0.002168983883349081
350.6662026651473,0.003384226131941442,0.037983828051996626,0.0005738057041828102,0.00039063378578295475,0.011744225525843281,0.026960267768061257,0.0002945670206529676,0.00011487030418988413,0.012987856401210668,0.0255387171885849,0.0024893830954420813,0.0007954445530611912,0.0050101594019757775,0.018185649863010467,0.004744128720405327,0.002561691829509392,0.006236063304808492,0.01856798292071015,0.005670926760739108,0.0021484753551792575
350.54329127269546,0.0034739063116971287,0.037221593676074465,0.0005752963670254161,0.00038963361303109856,0.011801684536716497,0.027448424010379283,0.0002451223024054412,9.554359179772479e-05,0.013799503557791849,0.012408536831199642,0.0019230943476368219,0.0007446878691569216,0.025071904169436558,0.031434122904471916,0.004663063468944182,0.0025876260236592477,0.00625543831175828,0.018610028523418497,0.00568091006435065,0.002172473416937244
350.4204660129643,0.0030655266154312436,0.037339712457787895,0.0005755322132010076,0.0003906328703302609,0.012047164878124612,0.02721511260902334,0.00026433745181511653,0.00011871253729056462,0.006872510938461736,0.028065788364864955,0.0022352569746116025,0.001021855220724549,0.01359417134574722,0.010440568578265051,0.004789914429643715,0.0027530644611402704,0.006173764279022831,0.01858097847053864,0.005703313915489033,0.002177060985193229
350.29772679544664,0.00304263924192841,0.03783044948284166,0.0005710822216849395,0.00038759079891661797,0.011923246183852348,0.0270654229423814,0.0002777068399199574,8.329009413962745e-05,0.006946827070889472,0.01637528549830428,0.0022611828689188805,0.00043650816292290575,0.012131404870347142,0.021884524322467486,0.004664006229475211,0.0024382093783002086,0.006234559292672306,0.01850806909260563,0.005654032396398352,0.0020989262444485145
350.17507352976196,0.0036334457636244526,0.03767054707127546,0.0005757424308190589,0.0003874191342390316,0.011709398753565586,0.027056499249638377,0.00024864953954747705,0.00011089225544817671,0.014260422344018114,0.025345492914438716,0.0017533892547301365,0.0009524480440077444,0.02686858596680495,0.027595155301373825,0.004487274254650614,0.00263166277835542,0.006147056739582683,0.018508383751057653,0.005703197043099443,0.0021553114093534834
350.05250612565635,0.0031801052231735156,0.03741621323147704,0.000575886180790023,0.000391480146072453,0.01216185448868246,0.02713770559441791,0.0002760621120262967,0.00012010570391778055,0.030652936767603802,0.052036944283447885,0.0024475292010711813,0.0010146053342743576,0.03362309528598134,0.023321405309990367,0.004834289628264909,0.0027320922258887714,0.0062844129590549245,0.018755690397228686,0.005660509852763175,0.002190850172514607
349.9300244930021,0.003251067898675351,0.03756763891089663,0.0005747104807630707,0.0003879204808889788,0.011689629427665514,0.026585181177444756,0.0002601990674753297,0.00010831761410317307,0.06816318842163155,0.03675448568902338,0.002139693785976836,0.0003186824117340872,0.0701700192735222,0.08429484860714286,0.0046592455199507676,0.0021482506424287916,0.006341236507035031,0.01847249462909534,0.0056552471571120295,0.002188227891461124
349.8076285417979,0.003341197219074154,0.03747125604515267,0.0005763918526474712,0.00039055455281032723,0.01187703793545577,0.027285440949269928,0.0002613942652751222,0.00010688811787850841,0.07053345798050246,0.07336011712908187,0.001715890505140774,0.0012144710100351812,0.0925883685569273,0.0895762494416108,0.004276031758412815,0.002915574804374748,0.006198111664792695,0.0185755692592497,0.0056422041498534106,0.002177741512981032
349.6853181821679,0.003392940072874143,0.03749307428923156,0.0005770407062564787,0.00038615186753531154,0.012073363480903414,0.026446708992583633,0.0002489068876823087,0.00010199858734301755,0.046569710780777096,0.0822150214147973,0.0024232773123716344,0.0008636079172004547,0.05891353525654473,0.05055090678299695,0.0050428231800770116,0.002717367480652781,0.00627458753791377,0.018466089585460976,0.005641270419839355,0.0021616308981704598
349.56309332436217,0.003230516737672879,0.037433077867701274,0.000583950273663252,0.00038623325800467095,0.011494487623741058,0.02710398359474183,0.00027098337134083675,0.0001039782427064463,0.05514815302291422,0.030405950609462905,0.0019267325038496669,0.0004828391125188334,0.06294532403412664,0.07707197581182795,0.00437445466611773,0.002237689863199267,0.0061849110989701086,0.01852244738173597,0.00565003395694393,0.0021588028884336166
349.44095387875615,0.0031959937717913932,0.03760926848642616,0.0005787298383588917,0.0003690431743878442,0.01199154286112925,0.02679450210275,0.0002519934466753277,9.177793325987095e-05,0.05377649030886092,0.058831649968394954,0.0017521977808418886,0.001015274374525388,0.07127053390732697,0.06558822250356774,0.004402068582976053,0.0028746929215117283,0.006250865315533586,0.018478622738024177,0.005647781029491507,0.00216391290969311
349.3188997558505,0.0033373753562758925,0.03745146195922431,0.0005518302883455206,0.000383559240586885,0.011448628399001723,0.02676028376832936,0.0002450106549140214,0.00012217070258073416,0.012826167661038924,0.04017433494294942,0.0019730021270371557,0.000904306261188109,0.017003206690490682,0.002845447190821883,0.004706748280414428,0.002590706784444138,0.006199975394884243,0.01851929409526635,0.005654502059751843,0.0021544438175102524
349.19693086627103,0.0032280909809623078,0.037477813984300355,0.0005894016297254716,0.0003926502501449808,0.011781061765380414,0.02723678949774783,0.0002528307525213026,0.00012334009447348778,0.01699765718953912,0.03159553640001111,0.0019828038811432625,0.0011165853855471804,0.027990743098569974,0.019875830301218894,0.004577366020915085,0.0027597766407911053,0.006243785464206283,0.018449417309227598,0.005653130357071159,0.0021683824203921603
349.0750471207679,0.003196159633654819,0.03758822719465227,0.0005757899691143089,0.00041003690868247206,0.01148804291565271,0.027033305461453154,0.00026295268921675496,0.00012341758255204747,0.031192245970693335,0.010978906018031415,0.0022818448075029208,0.0006228297900172276,0.03065701751953953,0.043532096144262795,0.004797840103334589,0.0023309689134576213,0.0061607403716792495,0.018505245200317877,0.005646137806736285,0.0021547952076008564
348.9532484302164,0.003198030370716329,0.037583231234562066,0.0005660341031349416,0.00039283605530049864,0.012012391068183971,0.027024993235558313,0.0002654837766052798,0.00010584059705809992,0.08468654296204103,0.07985469781550089,0.0016792633196745525,0.0009518136544045422,0.10754128525678526,0.10484189121565957,0.004223649648310905,0.002722313608398713,0.00624387049181953,0.018430257766858506,0.00565280274527814,0.002166406884081652
348.83153470561564,0.0032631601713848254,0.03757290902371383,0.0005712860974480535,0.0003888666130769988,0.011602674656743799,0.02688284749808181,0.0002704760505017715,0.00011066152869607419,0.06418727961369616,0.09097465834702603,0.0022410790576888498,0.0010670622572321602,0.08276229484569476,0.06922253105099438,0.004667585189733639,0.002837953213848058,0.006176761518316175,0.018440158833287045,0.005639562008515734,0.0021610242060121146
348.7099058580893,0.0032975280273511926,0.037609001893061635,0.0005665054588384152,0.0003913773615496934,0.012028633659728467,0.02725952925063705,0.0002515517329252392,0.00010253570977630847,0.06501173138641295,0.07754499123601748,0.001890486926026403,0.0010443089227401947,0.07743604275874705,0.06353501785633205,0.004553470930526714,0.002862853631634773,0.006173910198231256,0.01836713068873344,0.005648178069017593,0.002161337410663088
348.5883617988847,0.003353836363242211,0.03750884514789907,0.0005687218373531585,0.0003930114043642292,0.011718477521870378,0.026550437063758214,0.000252545943599521,0.00011779097628658696,0.0843848307398872,0.1130643968971406,0.0024656295862095895,0.0011979923617147566,0.09900800400501937,0.09220905349921439,0.005043192711742187,0.0029014984053338847,0.006193894092683263,0.018402199844724746,0.005642271746009006,0.0021510470811571965
348.46690243937286,0.0032947473091837877,0.037498979467865956,0.0005684199049903961,0.0003914072881819911,0.011787169593604369,0.027208583434420786,0.00026330200527562426,0.00010028291235904602,0.03581710107886804,0.036832492887596255,0.0022615652261390603,0.0006338431264074846,0.03332215846755768,0.042110139596167676,0.004781628905998504,0.002555636499415114,0.006196884510827376,0.01840797067169734,0.005653386549041407,0.002177280448540908
348.34552769104846,0.0033179805503874525,0.03756544811308562,0.0005730652333940682,0.00038894030174128826,0.011876579785360242,0.02651075550965449,0.0002583632144470921,0.00011602308582065352,0.03405612077116604,0.04878315008197182,0.002413662504740894,0.0007036144467820871,0.03278033450642762,0.04039185003724064,0.004913832621846036,0.002462172881304005,0.006272536028904309,0.018591347553746775,0.005602651366353142,0.0021690825419210845
348.22423746552926,0.0034441623970088557,0.0374612113701713,0.0005692597865924043,0.0003905082557363153,0.011537541153135487,0.027103619928544456,0.0002625126638535371,0.00010442460738523209,0.02121909935837279,0.013293591566043806,0.0019995702314816195,0.0004915201037202693,0.032800461883673276,0.042170248080290774,0.004517162625463918,0.0023282130005718407,0.0060398451156291385,0.01841572817716592,0.005632350992433122,0.002134985588483895
348.1030316745563,0.00323650935218849,0.03765788835449416,0.0005682136938200072,0.0003900886636482404,0.012035365058939785,0.02662814687233847,0.00025382718711054633,0.0001114313532664131,0.021428274501000173,0.04983352003808883,0.0020995716619012818,0.0008384754782644057,0.02527048036647842,0.016901764146095923,0.004685847730716134,0.002630995025266566,0.0061255951118900365,0.01839855267512542,0.005630792677713701,0.0021520208028071803
347.9819102299931,0.0033851774123318146,0.037583199719225996,0.0005704173054429237,0.00038976742390711607,0.011384930840054066,0.026695478952902717,0.00025955381297840783,0.00011337668348870875,0.013824714332990004,0.016641229338662796,0.002121351377370596,0.0007721052188040779,0.017427529507023334,0.027657729814028472,0.004689087299314646,0.0025058018229783346,0.0060875922399492854,0.018281622917400715,0.005643243499354992,0.0021396096284280472
347.86087304382613,0.0034049413070116968,0.03759992574098232,0.0005670080755048295,0.00038581652099779887,0.011602993587302268,0.026878066636613396,0.0002683863320096726,0.00011255438802102851,0.02235865132281615,0.039010154087465124,0.002385908629070692,0.0006763041136972422,0.017692504093874233,0.01909006654703871,0.0048520923998353884,0.002446779758678791,0.006131048669669557,0.018368967106526725,0.0056339487094153205,0.002155526063921531
347.73992002816414,0.003424576380762723,0.03744108517562883,0.000568499917555038,0.00038862871166987035,0.01123364016772717,0.026879251841835105,0.0002595749010609415,0.00011527972955242679,0.018830551481190512,0.020126070901817807,0.0019038006719608591,0.0006976925647705563,0.03178221243947325,0.03849784720325952,0.00446542875284156,0.002395619262613396,0.006063526264046937,0.018373042871931984,0.005632966104199812,0.002141756179734328
347.61905109523815,0.003517119898303221,0.037091990327830664,0.0005711129857829892,0.000386868051352428,0.01173063709626813,0.027195586962703383,0.0002619418621484766,0.00010416371613185831,0.023557426830918087,0.040723287680555734,0.00218063046578072,0.0008076344327717576,0.024380252087569866,0.009941747660745539,0.004693907357718067,0.0026335148820560822,0.006074820770770317,0.018395490709591834,0.005633398392295521,0.0021488579421913125
347.498266157401,0.0032960241975183648,0.037488959367627986,0.0005674586888980351,0.0003885315604656462,0.011485633395827486,0.02705472381613616,0.0002593343452123405,9.824930222616667e-05,0.002528696464231521,0.022873513003866034,0.001991860587716009,0.0006765950388493323,0.013357428756857087,0.014994801255361121,0.004539724835827539,0.002558433167208801,0.006160138404313094,0.01845177639561318,0.005629138627135975,0.002146651419921301
347.3775651271275,0.0030348710341375567,0.03748787471977659,0.0005670564907897427,0.00038922030042853303,0.012341494460231585,0.027206135757945026,0.0002540144816785085,0.00011690060347934532,0.023217186334337225,0.041989304669117426,0.002143379310694938,0.0008088638253783643,0.022800338479289937,0.01584875547292827,0.004730732284839966,0.002536261305438856,0.006084908536293539,0.01830803025599708,0.005629335026876541,0.002148401389845503
347.2569479170139,0.0034908502648995877,0.03685037309393772,0.0005688675015414925,0.00038603872821288567,0.011703801598995428,0.026539994413255476,0.0002587405731051537,0.00011206362308016503,0.013335958345442598,0.023268192103769573,0.0020590820364944575,0.0007313151564325917,0.008785275074851818,0.020594439273852676,0.004611579523966734,0.002511082935382087,0.006123097901510204,0.01837063662384652,0.00562550253298707,0.0021529690009739768
347.1364144397779,0.0035877604383482073,0.03707938623119156,0.0005694757483159693,0.00038962669072588454,0.01178300777276493,0.027280820814080495,0.0002590350470801971,0.00010705238803445856,0.012687350673190833,0.023889529238011496,0.002103497565887643,0.0007428792873840513,0.005305305747097917,0.014706828302980658,0.004631495326391303,0.0025604091548444632,0.006065167668355032,0.018281794197295514,0.005618241474371723,0.002139200976091789
347.01596460825823,0.003558765883212673,0.03747188036559891,0.0005676910327889457,0.0003863476025823555,0.011911863406722898,0.02656917660168131,0.00025794670621543216,0.00010905385749319589,0.011331561547848977,0.022869886913605374,0.0020735205865128606,0.0007050020589802119,0.016254189468321675,0.020965816765170606,0.004639654764739239,0.002497757123391125,0.006177976679658654,0.01834875104098682,0.005624984682732523,0.002145958780704691
346.89559833541455,0.0034373111310964837,0.03761982276185946,0.0005663341410090688,0.0003899789764304341,0.011576960000042276,0.026946991192026606,0.00025903254207865233,0.00012641928879345146,0.016347685938741318,0.029005914165831512,0.0021572007125880708,0.000853701178899341,0.01003505162435502,0.00925075258190568,0.0046915191029057775,0.00250007997738412,0.0061255554593381365,0.018364393994801175,0.005617816030646955,0.002139435548134693
346.7753155343274,0.0035464837351270205,0.03732361573185666,0.0005667343563356656,0.0003898250792676181,0.012056700707445325,0.026793509196116262,0.0002595296914134664,9.492928226903345e-05,0.008871845369765735,0.03156673424826552,0.002007796522413338,0.0006876110827534352,0.014135291022736174,0.010037210277655409,0.004546710862937656,0.0026082967469549154,0.006099418331780776,0.0183587171430817,0.0056182693126594265,0.002142877813486911
346.6551161181976,0.00339432245332159,0.037662349202062816,0.0005682392340492577,0.00038663091573821014,0.011614183432275016,0.026604104332449908,0.0002568212241235177,0.00012631277403468284,0.015038082048530896,0.03386075133265722,0.002170034176011475,0.0009863823396681264,0.010556859611248876,0.011778206876801726,0.0047415433055084475,0.00260736233499103,0.0059792962202711375,0.018432646898633803,0.005628602447482385,0.002136457986514838
346.53500000034654,0.003321705942236162,0.03751634429635951,0.0005692796827111723,0.0003892477240696055,0.011984986563507225,0.026550065130346107,0.0002783426332837526,0.00010216341399219649,0.0061442479137878685,0.03347846246486243,0.0023432984823313517,0.0006593874605195396,0.013587576593715883,0.007457734995499608,0.004695522383815415,0.0025563964468211433,0.006131763050925281,0.018159454688790773,0.005615842448683198,0.0021606774768681797
346.4149670942155,0.0033040615651986132,0.03699234894175,0.0005690297803729177,0.00038794398040020803,0.011465085676277107,0.02668108291894162,0.00024306804339752446,0.00011778205196294228,0.01817552262321102,0.03287157132786926,0.0020586507548705493,0.0008301883320759873,0.010021044094765398,0.013685268980899114,0.00473520917860572,0.0024949642142465442,0.005963058252181624,0.018286785705656786,0.005603769154112725,0.0021281806501643316
346.2950173133657,0.003943074505112601,0.03828137133629209,0.0005709146001654166,0.00038659124217878217,0.011592141568389593,0.026555775984426398,0.0002796780803958351,0.00012560678552745645,0.004178811189804737,0.027274468834192503,0.002323470027984688,0.0008587035440503175,0.01041152937553449,0.01113669782925871,0.004676370427564319,0.0024932872447720527,0.006050544927799985,0.01830997405288413,0.0056420420880000915,0.0021322678882294433
346.17515057147807,0.0038658145401128424,0.036919802276184674,0.0005643155378962368,0.00038282825498203444,0.011540095991234157,0.026967514849713745,0.00025363662048692563,0.00010111494459442643,0.008672343817023167,0.02576762346545022,0.0019976810661982273,0.0005438611203014012,0.004344450592639791,0.011156569061248095,0.0046063438155006095,0.0024279670275760487,0.006002778728740908,0.01835626615646126,0.005627521631605275,0.0021639821270150006
346.055366782353,0.0029914891938578117,0.035748278339463174,0.0005781016662489926,0.0003923730166363895,0.012117282434840216,0.026984432525587514,0.00025298307621721144,0.00012712453082796763,0.0061037263647055915,0.029091859514225212,0.0019312790958169112,0.0009772448087322495,0.012529015353018064,0.01131361573778808,0.0045038856381238,0.002596366371861996,0.006051037082099914,0.01809826595626436,0.005611393801129081,0.002156760228528171
345.9356658599101,0.004253223055068513,0.0367932524790516,0.0005631373780705948,0.00039735577846533707,0.011218532467974213,0.026460653421366238,0.00027910399998861546,0.0001114522639267643,0.010090606492579373,0.03202104690620566,0.0024035119394739237,0.0007411938191708459,0.006055623247536522,0.01034268072242771,0.004727558986665549,0.0024852531504925804,0.0061329418047443,0.018258446508079448,0.005604215512782314,0.0021566254578868653
345.81604771818814,0.0034917487704616197,0.03748923161152092,0.000560273937610024,0.0003736933212593437,0.011614829705711387,0.02690995713653654,0.0002587091116644975,0.00010516406158699525,0.005293071601104611,0.019341036834088866,0.0017921179788556712,0.0006808085389297272,0.016736053077683916,0.02042053954796084,0.004330352184852797,0.0024550659570107603,0.006100889840496639,0.01831277548108353,0.005594747682066151,0.002143755759424374
345.69651227134466,0.0038981993088291924,0.036917320312991796,0.0005563660873468188,0.00038953378177294484,0.01160340668887643,0.02657436748960745,0.0002621032337087958,0.00011501266286726926,0.01247158939846153,0.04131807570791711,0.002085575395990491,0.001004250382662426,0.023862216152820612,0.011665669920445671,0.004598558098550816,0.0027160996161673555,0.005998721477266021,0.018308951461364523,0.005611074235925357,0.0021469361574107137
345.57705943365585,0.0033398513993319725,0.03760493094012409,0.0005666309695658571,0.0003885635741837921,0.011203487520573834,0.02669451057947594,0.00025387701898410976,0.00011287878293542373,0.020866917735524095,0.02730538647534948,0.0021460555981989214,0.0006364365239098276,0.008686816010229517,0.017576150587648862,0.004719025379315304,0.0024170875126706673,0.005974184471096883,0.018327534954792713,0.0056056685372390625,0.002144638846891219
345.4576891195165,0.003436372919458696,0.03702432656487739,0.0005619611249070609,0.00038985505459972897,0.011745599515034202,0.027046528891150123,0.0002658429580783486,0.00010491692385393599,0.00974094957591402,0.015567635876174048,0.0019082325526761975,0.0007433014666194628,0.021066852554799287,0.02775206709280739,0.004402858211091775,0.0025364534377950243,0.005957825565392916,0.018265165436579366,0.005611067141087313,0.002142574870963718
345.3384012434393,0.003444918612859169,0.037451901162421856,0.0005705925519836799,0.00038751414556477637,0.011780832543962248,0.026581213917669162,0.00025132324691047516,0.00010642682546336911,0.011883805872943798,0.03749560989930886,0.0020279419256322086,0.0008143725841306358,0.01899784159480248,0.005496769656358156,0.0046339545699496925,0.002602671806265791,0.0060319289209560785,0.01826161071277792,0.005605043846578793,0.002143829549590521
345.21919572005527,0.0035054341978395334,0.037270132018784645,0.0005606080305819972,0.0003807445503819977,0.011700173442161744,0.02666474820621989,0.0002737463793442445,0.0001185333602331074,0.009963189223154308,0.018937890996229997,0.002060555231511057,0.0007429929212351527,0.006729111817742828,0.022816381963686943,0.004463924595172415,0.002438509880199603,0.005953373747292436,0.018198467183123887,0.005600965703132912,0.0021398169399960464
345.1000724641132,0.0031823805496611914,0.03718840341652211,0.0005556007136581152,0.0003891319576134764,0.011680779898589781,0.02643233872687407,0.00027052104461496956,9.882293942219288e-05,0.006333992815396105,0.023878139340864784,0.0021491327895197462,0.0007543707423485895,0.012818862339969692,0.019153332829841357,0.004587011923955617,0.0026431259141199096,0.005981072059820035,0.018211713759498364,0.005610713493762976,0.00214982051642561
344.98103139047953,0.0036315504003261103,0.03713822562646437,0.0005684007769092027,0.0003838208304402632,0.011095376070355788,0.026622580666496393,0.0002586694176642671,0.0001018018916762512,0.009300985739416128,0.02086024035825201,0.0019570294937398588,0.0005680248994197414,0.013777421188113178,0.022555617460318294,0.00449080293991292,0.0024015018777434963,0.0059132911203591135,0.018283610241145477,0.005601680318326948,0.002144834194611885
344.86207241413797,0.0034128695410098374,0.03728763038333172,0.0005666642783834104,0.00039292494082949917,0.01160033491849291,0.02723689145757401,0.00024997900769260735,0.00010811489451522044,0.011055991959976206,0.022290556980869337,0.0018039149314622034,0.001018389123210635,0.01862466486073797,0.016073780157203045,0.004431498689369806,0.002757241429170111,0.005952378934600781,0.018244028764122167,0.005598709294188996,0.0021461342975875905
344.74319545018966,0.0033449865566003694,0.03722080200406531,0.0005655361798978104,0.000388775533018622,0.011856320690264396,0.02667514766826418,0.00025360658174515034,0.00010857247026413027,0.009347588132144521,0.02203523121088064,0.0020248670355457674,0.0008235303958134268,0.006154383060940025,0.02154101136974404,0.004643797742003967,0.0025650108140725277,0.005965496291755733,0.018216104227615777,0.0056224978584330405,0.002138512006970806
344.6244004138525,0.0032980098289430385,0.037197814964864906,0.0005669285344433396,0.00039083077197349023,0.011630417215849311,0.026794209412786672,0.0002465241741216128,0.00010402684710380045,0.013495985838235006,0.008488239497870392,0.0019913046269973388,0.000937808077540389,0.020376858464684178,0.031290838605457186,0.004657860974980549,0.0027776637599273585,0.005899036163497699,0.018325890199855737,0.005624351329446925,0.0021698393623788854
344.50568722046165,0.0031960504424031677,0.03711946733933614,0.000566070102715278,0.0003883041761068635,0.011954170916538108,0.026613727469891418,0.0002695278632746878,0.00011540110718019158,0.01606311128305216,0.010293841099141204,0.0023272994114972335,0.0007717172778170992,0.019777694353511486,0.03097964235941344,0.00465720634058414,0.002530351557454147,0.005844461999096863,0.018145403940797368,0.00553119846719019,0.0021620818108200428
344.38705578546836,0.003368744154362771,0.03690944681212315,0.0005618456444368199,0.00038999451234115936,0.011488290574339158,0.026404472710431715,0.00025790808841665437,0.00010068735951460154,0.01938374659267926,0.019436239412044143,0.002082161883726489,0.00048004438751449987,0.027203006794545695,0.033564176096996835,0.0046395972996286896,0.0023136677167063958,0.005886716901491736,0.01807075852010062,0.005613739910648177,0.0021188501900285743
344.2685060244407,0.003335243987136947,0.037435240623494126,0.0005661010434791678,0.0003872897880880576,0.01131911417558469,0.02676408586959179,0.00025994645163637185,0.00011878895806712264,0.003516738778117353,0.024312560878337428,0.002005379436123287,0.0006721747789851493,0.0178325641647369,0.018223180116146327,0.004526155703450935,0.0023552930473373715,0.005808008030351641,0.018244438222228675,0.005595595502364959,0.002112933800473633
344.15003785306266,0.0030680611550754685,0.036923370841978456,0.0005666261285129781,0.0003865805373153816,0.012065823179945026,0.027061955692236454,0.0002530888490839547,9.378667022297533e-05,0.007772143386668036,0.017681710497871886,0.0019068747161476694,0.0006820280142382525,0.014580194892838634,0.017766816662269164,0.004469597933965759,0.0025705129778988713,0.006032557490936714,0.018363424378062015,0.005598383387365111,0.0021082332216030043
344.0316511871345,0.003700434693547812,0.03717167300935942,0.0005657237761643944,0.00038748533065272695,0.011780824245767875,0.026300986595953403,0.00025365682163948366,0.00012037512410922352,0.0076218811707126355,0.02703375410102412,0.002084181968498261,0.0007068657312949187,0.003886005889334971,0.01669141256193193,0.00464118856523442,0.002363417686199533,0.005958270391312717,0.01822385497090677,0.005576370789609207,0.0021277218063891702
343.9133459425723,0.003144126540865638,0.03702749847635199,0.0005655068290431382,0.0003879207983547665,0.011626583591930341,0.02633430115166487,0.00027030596588745154,9.980906233844608e-05,0.01477420764804673,0.017821819233558543,0.002121644117385032,0.0006364253429512592,0.013350878133747942,0.025532185944048384,0.0045297025270180456,0.002503237766104401,0.00597952383416033,0.018186068646910726,0.005582768286606997,0.0021262231895927018
343.7951220354074,0.003235030392992151,0.03691730748870686,0.0005669873659001239,0.0003860611745676643,0.01125950684874638,0.02635183047562348,0.0002587889562576451,9.527788160357895e-05,0.013304592119585344,0.02357726912481418,0.0021242535645800507,0.0005660637796592418,0.004951040973910309,0.019289780949133098,0.004627088436968543,0.002493257124068233,0.005876190393554967,0.01813065018415684,0.005583701360597516,0.0021364430868499977
343.67697938178696,0.0032884379107734575,0.03672453555559119,0.0005661340849610592,0.00038610637379737483,0.011306772384664989,0.02729175374449692,0.00025286980263451497,0.00010267126676805378,0.010212515730659653,0.007026339681729709,0.0019355464066234925,0.0006802923864929194,0.013073149759569356,0.0263057242495933,0.004509070198872914,0.00250440276406064,0.005914053035968603,0.01818575138948886,0.005587701666854713,0.0021266857660711706
343.55891789797323,0.0038900605883789444,0.03678597816481509,0.0005659702922431839,0.0003862068486565049,0.01216448236832255,0.02680054739778134,0.0002571520123597234,0.00010622298764179047,0.0018635199587614536,0.02699921955503725,0.0020716699600128977,0.0006411987550601933,0.001996606487872364,0.01709661614818547,0.004592706257953085,0.002450070815522318,0.005900383151259554,0.01816611151425362,0.005580820021553427,0.0021342785649321773
343.44093750034347,0.003301187612734611,0.03772505673695026,0.0005651718304919106,0.0003860876963979916,0.011304276714891467,0.025938649061160782,0.0002596311163541748,0.0001084127554788147,0.02174359529497019,0.018229752120976155,0.0021600338346610963,0.0006881372999535115,0.01517338137168261,0.02829970732255821,0.004692999982633759,0.002441308076348091,0.005916870799848058,0.01813922139521382,0.005588507339310704,0.002128613468077207
343.3230381053897,0.0027290384015856792,0.03752273962105302,0.0005661100060624483,0.0003847558287203077,0.01172644600596824,0.027053004483837843,0.0002564334553737165,9.211127794280729e-05,0.013166093365273182,0.01798839939562719,0.0021002660691048117,0.0004165014092676762,0.006145497532834297,0.019657266531837952,0.004611327990981599,0.0023533637167196474,0.005883622653835857,0.018189871384879402,0.0055740101626909734,0.0021252563177822036
343.20521962971867,0.0034868662528631028,0.03601297411282822,0.0005631905278238574,0.000384806164264192,0.012010583720338953,0.02644209845058936,0.0002572725235263251,0.00011079960486191753,0.011849292715782321,0.02354042136107049,0.0021379347286759956,0.0007047671446442247,0.00904356952744735,0.02171099126460651,0.004683394959320227,0.002455457917602676,0.005846315817027695,0.018260024559934883,0.005587385251688591,0.002127834875064526
343.0874819900515,0.004518100371530162,0.03832511145749788,0.000563224038414808,0.00038406340061849077,0.010982826320794987,0.025757307173225455,0.00026367652793326017,9.668129819113897e-05,0.018152217115303126,0.03057894115584212,0.0021824807699052057,0.000502781484837674,0.0037671939691234233,0.017241309795559566,0.004623917023304202,0.002400723041156494,0.0058179926381332105,0.0182095316086182,0.005570070119911312,0.002120777365082793
342.9698251032237,0.001329431559427867,0.038159160876217006,0.0005675441193515112,0.0003850581506933035,0.011310869641400954,0.026502768659221868,0.0002518371391640573,0.00010109637115258402,0.019837525978729613,0.0199670262776882,0.0020033404556584035,0.0006285133991453911,0.005530886424086399,0.019072491790130135,0.0045803092554637555,0.00248063523214984,0.005742303770298388,0.01817796311457685,0.005580577391899169,0.0021358233353106224
342.8522488861845,0.0033419827637673582,0.03418280219279839,0.0005636987057874408,0.00038180594067985853,0.011794064169540427,0.02831785003944552,0.0002546245258019644,0.0001086455994663707,0.02095165285097046,0.015124829788216566,0.0020576684126846043,0.0006342916511317901,0.009450779869347453,0.022690402554031486,0.004586145833590971,0.0024109484516305277,0.005861395232232483,0.01808108433809262,0.00557523543551569,0.002121179773173301
342.7347532559973,0.005686083157098484,0.035857991877082614,0.0005590446770960224,0.00038831644359993303,0.011917298360019715,0.026920762842832284,0.0002525297211943168,0.0001060966947558468,0.003543367456283062,0.028440992311671916,0.0021012985552251286,0.0005954562449056803,0.0058532028919598775,0.018605042092445057,0.004666893723813906,0.0024007200571911163,0.005810037214940831,0.018182673584176006,0.005569745794235064,0.0021322688834101602
342.617338129839,0.00391641960128493,0.03593588118440543,0.0005664099904914781,0.00039105945236906584,0.01143519154204014,0.026459975388390004,0.00025338740661367463,0.00011666487851309098,0.015082709313955136,0.029374128387482608,0.0020646120716928417,0.0006993738960407995,0.006657343106448413,0.019317869752379275,0.004611908771960913,0.002416702928412214,0.005911174516288198,0.0181928414393892,0.005574537280413611,0.0021268367529763475
342.50000342500005,0.006494148047170052,0.037369545274308184,0.000568482801788017,0.0003828882088136525,0.010887613606681468,0.026614040165780194,0.0002574276846755034,0.00011216255101573654,0.012351446710127858,0.028574677473260663,0.002105894450312645,0.0007892441051820277,0.005090116023621415,0.011894698820653542,0.004599831023414578,0.002524338505834828,0.005791714098546973,0.01827634409491938,0.005570502297727237,0.0021265763611513625
342.38274905888403,0.009976722766005471,0.036552906576913825,0.0005675628394086168,0.0003861584736924379,0.010151258597398367,0.026984606721372446,0.0002562683688240772,0.00012077016155815848,0.01761016775509119,0.02652433033008014,0.0021462423770307985,0.00082801840283266,0.009749358901309867,0.019185634312369727,0.0046649723507004885,0.002498806900803379,0.005788380687284154,0.018148603717209187,0.005572225834493871,0.0021227473215701237
342.2655749490076,0.011866839487458185,0.04502456495097308,0.0005687404995521753,0.0003789931166238703,0.010917964412489992,0.024985321888522975,0.0002742406962340388,0.00010829144037860196,0.006676552943083466,0.030613617033638144,0.0022763559247510534,0.0006926607483526686,0.006246268345792755,0.00810477167744241,0.0046119122648891975,0.0024640618619656334,0.005738202731427057,0.018194672185649446,0.005561448747769204,0.002124692835509016
342.1484810130004,0.02425126684036996,0.017180096703176093,0.0005712285217088955,0.0003809996499028107,0.010610969181610507,0.03056256298238379,0.0002482496578014749,0.0001037634502988285,0.014329265827620837,0.0415209313988016,0.001981701258474449,0.0006493137839836615,0.011622064253436114,0.013132967336256652,0.004565833122597783,0.0024684252860512975,0.005841344057340112,0.01814574035654224,0.005570224092470975,0.0021216394925219033
342.0314671686047,0.014136137472846439,0.028623934766078413,0.0005492949400582957,0.0003657485301892942,0.013738523724630853,0.0290385852043504,0.00026627264536873297,0.00011631133654795555,0.01592655605474705,0.02725069644586944,0.0022480477675086022,0.0008834300133632915,0.003762657563888861,0.009508270438700235,0.00467531554197082,0.002569573489868745,0.005724174710304742,0.018176302563147024,0.0055588999236263585,0.002125943850289771
341.9145333336753,0.02016496481375207,0.056696654734366435,0.0006131665080834973,0.0003846816158905365,0.01234073968210718,0.022878764957798645,0.0002560923040592434,9.831428914787518e-05,0.016167700704936533,0.02758634148046152,0.002190814561863109,0.0005634882946454395,0.009065303247262443,0.010177804857963891,0.00466423060605768,0.002439490943913447,0.005727778817821075,0.018256565535106538,0.005570177782586932,0.002130429550062828
341.7976794261792,0.01960908564347738,0.04209328068390111,0.0005794953476453801,0.00041239107457185175,0.01646327912145912,0.027129087152016656,0.00024336755123336045,0.0001136257893991507,0.004153590480218934,0.032593955483309,0.001996967439961617,0.0008109168633953289,0.008712425400610763,0.005922558898211633,0.0046218807262226,0.002541452868272009,0.005745500484203796,0.018181060785140434,0.0055603059909498315,0.0021253096272533995
341.6809053641955,0.007387518202352304,0.029391289860185566,0.0005317510201796619,0.0003620889532509177,0.01202586769575612,0.028281839058441432,0.00026017133979129434,0.00010554506091262253,0.01865892339213779,0.03079648602461833,0.0021478348895187173,0.0006486247356610007,0.010764599693251945,0.00848011512841366,0.004655199400362658,0.0024285097057736263,0.005770763693871407,0.01822155443717705,0.005565210606565497,0.002129415180819164
341.56421106591534,0.0076469085117369185,0.03397070984653908,0.0005407797107357689,0.0004190435142178082,0.013975231102293916,0.02788660315756501,0.0002543728639428389,0.00011427123589193247,0.011826402428502072,0.028826387051651567,0.00206104414430876,0.000666489092107934,0.006480654319461267,0.011012601664627784,0.004613928065759396,0.002425048900337781,0.005808412119421148,0.01824421837400792,0.005557331043751345,0.002118815202387235
341.44759644964154,0.011475610113125471,0.027651480298438485,0.0005682265150398686,0.0004017004781302205,0.01085889070448846,0.027878279351612373,0.0002566804237213649,0.00011235268792182328,0.0014233939939584952,0.038893773747104746,0.0020040309905176336,0.000842893723336868,0.012765831712347804,0.006024243575425227,0.004509626589746692,0.002598247860137988,0.005823143411683291,0.01820911373893027,0.005554877705260874,0.002129213489528939
341.3310614337885,0.003449623215594867,0.03922201628609664,0.0005571612021725024,0.000407189780992833,0.01099206460593599,0.026522178380489904,0.00025290000590515643,0.00011549597428149327,0.020531986982928567,0.028401012829989494,0.0020764713829488635,0.0007639193615125411,0.010105962726872303,0.004711574843422158,0.004618998847235972,0.0024986067698385315,0.005736067697416398,0.01813482109591304,0.005557664245339998,0.002128070661264675
341.21460593688164,0.004411704712353751,0.032304132276594566,0.0005816537044112156,0.000391800174421475,0.012506111787706319,0.028189544310747248,0.00025509243900109026,0.00011518725400944643,0.01490136813256014,0.02133115909115696,0.0020916109489458054,0.0007033877309501502,0.011663201823956231,0.007459047021953191,0.004593242057818776,0.002410568021116119,0.005708117187652901,0.018214747873211687,0.00556115544813276,0.0021271641837613104
341.098229877558,0.004645526924062259,0.03669986094578291,0.0005582197012691275,0.0003876040266343143,0.011634970924478802,0.026564794341215704,0.0002583347069313458,0.00010902788827208581,0.008320333048548822,0.03301897716329047,0.0019845496021585743,0.0007925698708499897,0.013688963199162688,0.005571132881641528,0.004480745547030243,0.0025815383328853915,0.005721012700837314,0.018215002019289613,0.005551574286910656,0.0021263571736560094
340.9819331745653,0.0010039689958383552,0.03580126596429288,0.0005674216136866326,0.0003938462183063428,0.011984602568718644,0.026647008892444386,0.0002557705190823633,0.00010896976066443643,0.00879229750332781,0.031244610391611506,0.0020343703909137985,0.0007620765738959505,0.009587418140528395,0.005743051282779247,0.004559514582728752,0.002542609909512798,0.005721101244289718,0.018282548648982645,0.0055666710032913486,0.0021411362649094603
340.8657157467622,0.0036854568737047055,0.03349877830203054,0.0005634487040320855,0.00038446972847100706,0.011728136207386733,0.027981686986572284,0.00025352155651443516,0.00011740040208253276,0.01555352978077147,0.023922162085616004,0.002099269095169427,0.000868296702575491,0.011794146501573373,0.002394023164277193,0.004642346108919825,0.0025283887264004427,0.005775082432359452,0.01817918463777639,0.005566977147427478,0.0021060304308485643
340.74957751311763,0.004294800984931308,0.03362989212434329,0.0005610806420280285,0.0003908323544035966,0.012446175685249715,0.027461310697379098,0.00026441939147477106,0.00010710106500474508,0.01073268748174189,0.023684903015845676,0.0021430946132626302,0.0007866504341660504,0.00940657538077589,0.010823265773850158,0.004545890950095339,0.0025877085252917656,0.0056774851086378,0.018164474280322668,0.005532467339560319,0.0021295900213028967
340.6335183927112,0.006427308067703484,0.03516219923485726,0.0005681875146372765,0.0003921919432453136,0.011389458087577681,0.026530007415345117,0.0002494243695985659,0.00010676552657083716,0.009096142500943092,0.03153732955728508,0.002004875864226554,0.000619310837382153,0.014966742474068314,0.011080955861749437,0.00461187277294973,0.002379780838974392,0.005773018239872285,0.018314124790034976,0.00558011278647221,0.002145398259472356
340.51753830473274,0.004273737380556998,0.036460846533957626,0.0005678852604445853,0.00038991583738337494,0.011599966581640253,0.02627235540482113,0.00025147689854238225,0.00010888276630109061,0.0012496903732677246,0.029687995309878142,0.001968222535728976,0.0007078159087774281,0.008257562907336024,0.01107715861395373,0.004554790571390225,0.0024560770108163167,0.005838619903595465,0.018164262260164217,0.005576423183784021,0.002093983740590947
340.401637168482,0.004490843830177924,0.03714493186799623,0.0005682071071242962,0.0003843607852513331,0.011536730504557913,0.026564249355321895,0.0002538409058485907,0.00010331545161493402,0.0036909922500801546,0.0311275428366033,0.0016308948500568779,0.0007721937417437952,0.008527002258363075,0.0037862623585814036,0.004124844028792625,0.0025678756995489733,0.005727787401303051,0.018155813840626277,0.005549001146567578,0.002101342592291484
340.28581490336853,0.0035381069804308425,0.03714590443447158,0.0005654772599215007,0.00038440450012426993,0.011698511971767085,0.026111456636309767,0.00024692236351404396,0.00010848336510653628,0.004546814816700593,0.029062873379471343,0.001908885563073099,0.0006693168925242604,0.009104569903848912,0.01117509093540884,0.004506214498673958,0.0023478429468634645,0.00571777555190327,0.018188873517819584,0.00553648555786167,0.00209821007364689
340.1700714289116,0.004239656655908164,0.03599732822998331,0.0005636258304785041,0.00038263708800200197,0.010940037748610005,0.02625480466291483,0.0002660304326876295,0.00011232397911118689,0.01106652572138686,0.03185700280975698,0.0024065843153030374,0.001044920855821267,0.011651764851150674,0.009528819369506477,0.0048153403056073905,0.002786044353963696,0.005677383713684659,0.018169868422044093,0.005523031031853143,0.0021224747764143313
340.05440666473993,0.003393718386342083,0.03742917902384541,0.000561824633660483,0.0003836296534252724,0.010191956915689079,0.02585277214551179,0.0002577975158509109,9.339811108458228e-05,0.014740403755812408,0.028609592803112652,0.0019177792683378553,0.0005040461667935552,0.012721960340190581,0.019315976138554396,0.004372834729898555,0.0024336177209613565,0.005695429750416408,0.018253891578408992,0.00554177650020507,0.0021268133030324372
339.93882053059144,0.003378179750441059,0.036122795341078685,0.0005647766050967746,0.0003841812657669398,0.010900744776800616,0.02749657400182479,0.00024934488545552165,0.00010962520813254283,0.015303005586766933,0.016041947605738734,0.0020825061155226327,0.0006204552964684926,0.007213307562310407,0.013458138616807827,0.004641821500064746,0.002321602255729114,0.00569077005695887,0.01822412458220302,0.005537811453810236,0.0021223368301607135
339.82331294631337,0.0041054223401074145,0.03678140531539235,0.0005605398162697405,0.0003838229121646839,0.011799717248568951,0.02693039211537998,0.00026769378157541,9.920449443585744e-05,0.009796931015276338,0.017162481032246317,0.002345990350493992,0.0006599888408487335,0.010759981993486298,0.014678031077948257,0.004754808685069426,0.0025389028428489937,0.0057223063759992586,0.018294270512097175,0.005546332659353059,0.002125523997231585
339.70788383186147,0.004076561385951324,0.037331945776215084,0.0005638860268105426,0.00038560951480831856,0.011889851014872232,0.026408418631765768,0.00024526923557739033,0.0001029126814006669,0.00410255534043208,0.022876051371803544,0.001952212681806899,0.0006283635717029086,0.005962398998596155,0.013794640208336052,0.0045615838583307556,0.0023935290781776255,0.005678632166827192,0.01820189981077846,0.005541200745365276,0.002112064105195489
339.59253310730054,0.0034003056573904266,0.03745565405823778,0.0005633755244367398,0.00038008809042918036,0.011087908631269794,0.02598239785451568,0.0002552594600116921,0.00011645005450214535,0.006283609850120362,0.030030093640291015,0.00205429310986939,0.0008230195189336942,0.009154002169653225,0.011762068419872962,0.0045381481365449955,0.002523291434661514,0.005680839782629862,0.018217999830608612,0.005539180773473756,0.002122057626635394
339.47726069280384,0.003366762643211972,0.037099090900504575,0.0005622353792467984,0.00038129794104462103,0.011262228560045722,0.02637582022765965,0.00025871595310029613,9.583275086239654e-05,0.008343070163585518,0.020037229895548424,0.002111787941885433,0.00019947047703516588,0.006080358478648081,0.01821902855438332,0.004599115292992303,0.002021552716966591,0.005673162383996392,0.018203270530048242,0.005543901795268804,0.0021132426173372586
339.36206650865296,0.003352385281564764,0.037018367999650616,0.0005628504601863697,0.0003801250071828413,0.011865930865697795,0.026809282814191086,0.00025283411954808645,0.00010150484745006842,0.005704078593261439,0.023435328705481952,0.002148138618315486,0.0005697762735730361,0.006458209562668686,0.007513245600531687,0.0047100802691386195,0.0023193686404748793,0.005653184857952028,0.018188223215815032,0.00553190451666399,0.002117459227669201
339.2469504752375,0.0030032285076919104,0.03650173572260629,0.0005602291782867285,0.00038131020571978484,0.011080483429558243,0.026506574424020674,0.00025697446644115603,0.00010106331795783337,0.006833626126513876,0.02086651355943783,0.0021910967359781513,0.0007414420900335165,0.009494731251174266,0.016521592108682225,0.004704457636241855,0.002567905553991922,0.005680036496035474,0.01830796634845702,0.005539939238433015,0.0021223188802760567
339.13191251305534,0.0028638869388483788,0.037084190959473254,0.0005627273677670542,0.0003833486043065766,0.012054916312310423,0.02671781621033862,0.00025586464326007787,0.00011220273412034284,0.010882927252794394,0.022372921022687047,0.0022568894833369176,0.0008900203569344033,0.008475829553704097,0.010691997733949486,0.004783030985601459,0.0026419853138666687,0.005711147758459818,0.018237923128480254,0.00553793463658887,0.002117095081991106
339.0169525427119,0.003477349192025989,0.0366260423100555,0.0005619831506716268,0.0003820164826499229,0.011600123361042365,0.02614475606569105,0.00025298933102323054,8.995634509330281e-05,0.00509217361895275,0.027430551777551656,0.0017447678050984173,0.0007640133113375171,0.009010727122034714,0.012369241904004622,0.004254515901041246,0.0027135533408018516,0.005746336047809472,0.018286657749997364,0.005539341745397044,0.0021146000662442643
338.9020704849204,0.003252795553991437,0.036686931103182274,0.0005611806763275022,0.00038358130662768475,0.011338228222337527,0.02716207520603778,0.0002426179752359863,0.00011506599429359525,0.012519343371860957,0.01520545641770481,0.0019561929892977373,0.0009422064125535805,0.0025278702546412102,0.013417419395871152,0.004563214381832454,0.002652947691714376,0.005706983664324581,0.018230356319534822,0.00553664656385636,0.002109536129570895
338.78726626050144,0.003000152034888571,0.03680391558940051,0.0005632783904817678,0.0003794675291721763,0.012683774547648699,0.02635740061361184,0.00025511175462245066,0.0001147223913479483,0.010491521226552267,0.030083911212971846,0.0019833352307526753,0.0007607960833392243,0.007647867242005845,0.009236189122790079,0.004469570780750086,0.0024612862140042996,0.005720351528678889,0.018230480648946466,0.005532675616916433,0.0021127827900148
338.6725397903827,0.0035887012677457133,0.036629943113281827,0.0005607727158203715,0.0003810644160620692,0.0114585897087746,0.02555110998788876,0.000259419984561132,0.00011521788316376439,0.007723798546663088,0.0372541115922643,0.0021922023049469417,0.0009974029439366562,0.007642997583782976,0.008676450170604227,0.00466332473453971,0.002671197004689716,0.0056579063946810525,0.018257318869172617,0.005529710676423541,0.002109413344034455
338.5578909955992,0.003015562566759617,0.036294341580103126,0.0005598609029580372,0.0003833801075621038,0.010940846235559498,0.026378558715406328,0.0002591715871714955,0.00010594203195522717,0.008994862557478901,0.029771039791779613,0.0023274378822728463,0.0007078037321382798,0.008630759182412356,0.008537459335225674,0.004735005759009114,0.002433406769010982,0.005714701727225254,0.01826024370024541,0.005521966326016094,0.0021123031613406286
338.44331979729276,0.002583239429867349,0.03673973839826887,0.0005653868477243506,0.00038419973746675726,0.01139130733094113,0.02650855921227845,0.00025514469520799643,0.00011012231864767496,0.006720263241419561,0.02017714870142444,0.0017177335056258222,0.0008522049206599329,0.005971393391943133,0.015595875673054925,0.004249086161164967,0.002474392312791507,0.00570434390263226,0.018258156685003427,0.005528707098307679,0.002111628087382871
338.32882611671187,0.003449025289882383,0.03715439542231837,0.0005572804267307463,0.000384264880292374,0.011162859173583416,0.02664341793423882,0.0002564988249246896,9.623732594856442e-05,0.010732030767058953,0.024550049486278494,0.002185846036177966,0.0012450077292577738,0.01110351700153274,0.0074370355236705555,0.004623774340060208,0.0030544633164807673,0.00562504382394569,0.01822162146395681,0.005528887435772261,0.002113368582388831
338.2144098752114,0.003320003871600659,0.03745277464361236,0.0005534473541977284,0.0003825653105218676,0.011684139643849543,0.026985352731163963,0.0002501415473831128,0.00011065650614750061,0.010302934709265353,0.01548089876198273,0.002583502952722181,0.0005901855217126307,0.0036786549184609045,0.012338500883702105,0.005105043641448766,0.002292480943194999,0.005737458461407905,0.018302293967826986,0.005532500406900166,0.0021106339808391185
338.1000709942529,0.004074284916410163,0.036104218637785734,0.0005584070079032421,0.0003813388643308382,0.012145726388659524,0.02677009028740123,0.00026059821099875646,0.00010696110652089074,0.009519752350881622,0.024118465739360242,0.0018125196188698114,0.0007255509009763119,0.008577585722426421,0.010092092826559504,0.004285170615311505,0.002435566782455476,0.005657999757197342,0.018237543808205383,0.005524126693999623,0.0021076184814445486
337.98580939540386,0.0030218282593935646,0.03588897460086927,0.0005648309592410455,0.0003751820730373567,0.011683678826475577,0.025874509832846757,0.00025134996417084906,0.00010283703653888127,0.005179683481044223,0.034073650081441594,0.002255274447570123,0.001124379853171466,0.009358868021316271,0.009375020234492833,0.004756704475849014,0.0028904223229037,0.005756670268270909,0.01828297697988258,0.005523929051832842,0.002109718138990102
337.87162500033793,0.0031600424704076413,0.037553457239174255,0.0005635960518837039,0.00038239743782859253,0.011159406204712199,0.026454720572892842,0.00024521930295256703,0.00011046828873130971,0.012032814110093966,0.0249795561706851,0.0021257471118362606,0.0007930285571638996,0.007971257972852364,0.0077136401438296295,0.004674787831355071,0.0025244306569155443,0.005634612166532292,0.018182342142016677,0.0055194753125779395,0.0021032381760613342
337.75751773083425,0.0024307652905200404,0.03636325305157289,0.0005696911938272093,0.000381862862765379,0.012240287716519584,0.026823733648968066,0.00024730876999020713,0.00010455131153133008,0.012485681121176987,0.021362174151448848,0.002249658937724842,0.0007961961216844093,0.014364142685853412,0.012716102883558796,0.004779278381562735,0.0025954268452237053,0.005667801703856754,0.018261347280889056,0.005516281008911009,0.0021102210404190286
337.6434875087779,0.003762252486741231,0.03618888538923711,0.00055395000741668,0.0003729099406902953,0.011739067687393696,0.025911642510733166,0.0002538859454503451,0.0001069794932178972,0.009741247727035544,0.02688896114701485,0.0019351472852677993,0.000498983768045327,0.006507976026190872,0.016680696027074626,0.00443842668684502,0.0022541046776726422,0.005717773280758056,0.018305849623919828,0.005519367223528369,0.002109407626066615
337.52953425615937,0.003520564814193814,0.03572012283018671,0.0005601395040150745,0.0003844809115658412,0.011196461847816199,0.026484583092294744,0.0002589069065974357,0.00011157964992657593,0.007271063006371301,0.032366791270587426,0.0021995306212819242,0.0013525959909948578,0.017464201237232198,0.009577078160390438,0.00462612912441453,0.003034549583222751,0.005737988894611649,0.018218956333937136,0.005517714251155384,0.002109413361166592
337.4156578950743,0.0034177649775941122,0.03578877847003298,0.0005622266166881768,0.00037780191235757386,0.011660891377835407,0.02644679738779202,0.00026144569502632356,0.00010664945732872478,0.0031564079303571186,0.02160535447594779,0.0026220715177247525,0.0006840148915587721,0.008080957687380354,0.015917742414492623,0.0050057572465966775,0.0023549828838533137,0.00574873692744791,0.018305196895891294,0.005520853155467282,0.0021050711410894045
337.3018583477235,0.0032671183505220817,0.03670514229509336,0.0005613206762104914,0.0003816166835379922,0.011007554186675055,0.026177600579761304,0.0002548308801886759,0.00010660966423369362,0.0038720088052567724,0.02846123571398207,0.0024148570615352602,0.0008432828223583667,0.012072943520359019,0.011693511877976827,0.004860602492445515,0.002561571898679346,0.005701396384817548,0.01824223868735301,0.005513973449975838,0.00210281574984287
337.18813553641274,0.0031188280003355117,0.036102879687796394,0.0005652357606824423,0.00038014161809894433,0.011702964424716142,0.027198245181938748,0.0002539904680516257,0.00010968106596632963,0.00433025863241835,0.011284294763047716,0.002422421996579563,0.0003614469868753673,0.008151284783897352,0.016559518183016823,0.004818600835803865,0.001997089195451399,0.005754975092966884,0.018282843154891756,0.005507462493890052,0.002105885655530456
337.0744893835525,0.0030237234728035392,0.03661290262807923,0.0005592623465996575,0.0003770008859266247,0.01207259288969883,0.025915742812598043,0.00025105809496762065,0.00010728665022589837,0.006415584852295822,0.0299437645068757,0.0017448576820984195,0.0005951381121128799,0.00962526867018228,0.011332882089282001,0.004280555458837091,0.0022588059231050885,0.005631983573627948,0.0182157276357303,0.005511479246719298,0.002102386750820602
336.96091981165773,0.003126082214154242,0.036641948372689595,0.0005611471792464012,0.00037824152330708346,0.010964622333462857,0.026375742984890364,0.00025449230942289,0.00010179316074951805,0.00903321826691311,0.01974797287852798,0.0019046789128594201,0.0005639677227373806,0.013743891121740796,0.021990723857184497,0.004393837520356279,0.002327710058135544,0.005695371061125455,0.018248195586340825,0.005512395258468962,0.0021082397631580823
336.847426743348,0.0032075958681145023,0.03658436246114983,0.0005583816089396995,0.0003766909789560103,0.012011840861993249,0.026722487696913665,0.0002519800350717247,0.00010372965087983993,0.00664222050124073,0.0213362162142521,0.001759961479029093,0.0008592116698506468,0.0052638816261965996,0.011160301498448216,0.00428867617573813,0.0025533137364540616,0.005670897451901708,0.01828117969587875,0.005513631471762767,0.002104273812434293
336.7340101013469,0.0034434508164856857,0.03642411645081973,0.0005581377232964305,0.00038050223831892325,0.011542263760295443,0.025641971837907406,0.00025335618653049417,0.00010432708543000802,0.011969359418985227,0.02936153041123485,0.001997094154016875,0.0005351236643114952,0.012497450398549697,0.016495217052618014,0.004491346549358795,0.0023180096834991924,0.005696772145311722,0.018207826740830418,0.005508837903800882,0.0021065857946322326
336.62066980848203,0.003296546171932129,0.036323808065661906,0.0005602045625327813,0.0003780935326563647,0.010729097300112482,0.02641948099821799,0.0002570050357940533,0.00010897838330142046,0.014320908162633775,0.02530100680247611,0.00191660966882333,0.0008702739105992511,0.003234107609645069,0.01151616734945012,0.00438585164982119,0.0026083361155966292,0.005683080050753582,0.0182846448468983,0.005509565858963099,0.002103664859932531
336.5074057876851,0.0032106708375728324,0.0366679708259097,0.0005590682807812764,0.00037928224775850305,0.011207333894233841,0.0270895787753253,0.00025887344043444744,0.00010434081748663591,0.004538165036969713,0.015625426269212712,0.002127467032662475,0.0005650501558105762,0.017543397051322768,0.019253590645972686,0.00455788039473423,0.0023663829569342703,0.005654486998591169,0.01829372771679595,0.00550699136258276,0.0021037859705223113
336.3942179619913,0.003339873359453098,0.036617174707458296,0.0005600062550387762,0.0003786855094367228,0.012095515328017555,0.0271249086984678,0.00025587090636508493,0.00011176214622657084,0.004780620862302306,0.017833499865612463,0.0019964992404469598,0.0009471363190812899,0.005906202005981761,0.021860723052824577,0.004468738243942975,0.0026360841779309785,0.005717945617366236,0.018299762977231338,0.005507163867043485,0.002102932365642984
336.2811062545394,0.003093935755569064,0.036581621570353724,0.0005575121680895733,0.000377662827513453,0.012420715791659763,0.025847927782422085,0.00025715315186952405,0.00010795628384597524,0.013268728168156834,0.03199221707972231,0.0021628315911158403,0.0006562836652267516,0.0136603845690548,0.01047936828476595,0.004594980769785444,0.002400759307579491,0.0056758834512854175,0.018339730923894022,0.005503907926377527,0.0021013340211296313
336.1680705885715,0.0034665286254355076,0.036558091040576,0.0005576439129392907,0.0003747599937449368,0.011185398908039473,0.02586407460141728,0.00025401222355406005,0.00010794544042255864,0.015026202755382065,0.01931235156058461,0.0019277300110530145,0.0006926551732486524,0.0077535580772970835,0.023801335705068122,0.004414105918160622,0.002440497813245264,0.0058048616585815085,0.01824397746804805,0.005505099443916618,0.002101453208602443
336.0551108874328,0.003186632742519585,0.03653536479370396,0.0005530625359414972,0.00037793179293602475,0.011905183167746318,0.02653044549724558,0.0002597195361271309,0.00011092949422939032,0.011154725462936332,0.02759873653655819,0.0022060942589871217,0.0007023821443407252,0.011854203784837281,0.0046262096830797786,0.004637396435122817,0.002424773497102068,0.0057287106741557865,0.01825865610435142,0.005502024956478287,0.002098372493445017
335.94222707457175,0.0032617499637059896,0.03647157788222781,0.0005562572938444027,0.0003798448699768251,0.011872973120442078,0.025840368704980528,0.00026043595835964305,0.00010329882235920584,0.013276732279305523,0.02113889898693322,0.001978525041606645,0.0006282572507870977,0.01111470195743278,0.021976202409295063,0.004406325895685918,0.0024257015993467248,0.005748661980058632,0.018200969731323218,0.005499589496906418,0.002100756051600029
335.8294190735394,0.003430905302173223,0.03645169168777435,0.0005556940030446339,0.0003783284350191685,0.011574670268957983,0.02602194247234922,0.00025074829113102816,0.00011346900160866614,0.004602646489383066,0.03309831671931441,0.001910558530411042,0.0007483488836429178,0.00957111874520914,0.004850310301025851,0.0044133340527221935,0.0024605794285640463,0.005754191434751777,0.018321542426443595,0.005498726909623378,0.0021008866718362448
335.71668680798933,0.0031469054860808637,0.03647577866140276,0.0005589463933297267,0.00038231859427517,0.011441474878861895,0.025461002996807657,0.000265213580345776,0.00011096075485982697,0.01717473639893499,0.025358689636092887,0.0021057607735025614,0.0008524906417007811,0.015445894288973493,0.02268882159816585,0.004478463431730827,0.0025773182912329695,0.005704247012686741,0.018298211638685877,0.005497784478583078,0.002101055065387117
335.6040302016779,0.0032184127181308225,0.03655788652943956,0.0005570491617622748,0.0003759074980562632,0.010620834644981902,0.026006977204253753,0.00025728440596231084,0.00011047773066550262,0.01788512381906465,0.029201196731222925,0.0021343281348001255,0.0006405238678033523,0.0040270871861644904,0.010856822507511016,0.004582613504119872,0.0023577674836587673,0.005745807563726878,0.018288177696621076,0.005499337461156587,0.00209892636116418
335.49144917846365,0.0031256808653466668,0.036619284333422,0.0005544503380708591,0.0003804231181196342,0.010797805786204717,0.026482212863268417,0.0002580797102114627,0.00011114556981055857,0.007565011166512441,0.019143097789207246,0.001992470364198796,0.0008299284562594383,0.013536330733368714,0.020018450625402476,0.004440751798301456,0.002535588038462566,0.0056079348672401115,0.018252947720329753,0.005494800406904608,0.00209619861135026
335.3789436623073,0.003337672205631866,0.03647141510805581,0.0005588570088364706,0.00037678916570463354,0.01081939429626705,0.027448474908561605,0.00025303557196887215,0.00010475729840643843,0.024633221010570548,0.011992491186921063,0.0019128957188649562,0.0006064490371304933,0.00486740300292085,0.014515960194744862,0.004377300918668001,0.0023878005756438397,0.005754451853942012,0.018225288025774222,0.005493689884181024,0.0020991523894859656
335.26651357727127,0.0032190286815311662,0.036425355472212616,0.0005505203910741996,0.000378611226563131,0.01282995296089947,0.027270481848700595,0.000252495690360612,0.00010801775461843891,0.023469689894612844,0.012894158585301444,0.0018744074048089388,0.0007714799650810485,0.01573523029091047,0.017002011925583076,0.004363075030514599,0.002519056816235452,0.005775980510511769,0.01822998276479043,0.005495132673277924,0.002096643080122379
335.15415884752014,0.003279506729595611,0.03643374323551337,0.0005553465678781003,0.00038397084688725257,0.011989401949084844,0.025277850332040556,0.00025696010774872,0.00010492641948891759,0.018451179521402867,0.03498406434032456,0.0019810374911777683,0.0005794160079504922,0.009035693244943634,0.0210541794258031,0.004409280175176886,0.0023745899810092815,0.0057716264222143114,0.018189126791518698,0.005492594827429376,0.0020953502954447764
335.04187939732,0.0032484122243410453,0.03627818735678925,0.0005560080354300474,0.0003816229783186653,0.010981108543551095,0.02654959636162841,0.00026015424792332387,0.0001152658002189735,0.008114625600606499,0.02608078587488982,0.0021085378337886472,0.0008075992373540124,0.012373843007709986,0.010168493766776842,0.004526003431315042,0.002487499162250365,0.005784051104520523,0.018256461470618112,0.005491359962055125,0.002093650103186532
334.9296751510382,0.0031991692250956253,0.036392915456890614,0.0005609721107460104,0.0003817526694985037,0.011894641815951073,0.026228952265582414,0.0002620742350102365,0.00010708212838996454,0.0058809638853566755,0.024939647780719363,0.0022702816168366667,0.0006963891463647629,0.003919867730277047,0.01856794959300431,0.004662441457624724,0.002458507331562546,0.005724460291430754,0.01824997225904564,0.005487507979669632,0.0020957843736043777
334.8175460331437,0.003078343014850433,0.036463806881520094,0.0005583760989036969,0.00037533944284392324,0.0110701716475552,0.026320884651043402,0.00024867125232648117,0.00010641535214858558,0.008920271948099972,0.03160579015454408,0.002098393237243295,0.0008800085372010839,0.015798745232771437,0.008178460371601338,0.004611613409967809,0.0026245655456126845,0.005782266629706982,0.018310631773816977,0.00548786347121028,0.0020965532172121867
334.7054919682062,0.0030465606748779654,0.036527124984143,0.0005558005589348268,0.0003764292687020984,0.011841186581094258,0.026817740965606553,0.0002495585562545603,0.00010960307754575722,0.004237804804325666,0.01310147256250021,0.0020506356149561553,0.0006500925583847143,0.008311131600254028,0.01957493930033896,0.004557894438065403,0.002393787240372972,0.005709065265696558,0.01825312865571631,0.005486515229615439,0.0020931026009662706
334.59351288089664,0.003291643864657166,0.03639745720838764,0.0005526747572562594,0.0003791782989698515,0.012033542522674204,0.02622885355875323,0.00025262263776165917,0.000115794140809207,0.015068828694609833,0.03442537252178162,0.00196712795280403,0.0009765504565009883,0.019066636353137392,0.005777426474196881,0.004464638162191146,0.0026264766826013266,0.005765227640921682,0.018234810892247162,0.005482349294403758,0.0020936536742771016
334.48160869598667,0.003147249466293603,0.03639171829156072,0.0005600340647656146,0.00038353566158197037,0.011756756378693299,0.026131799492303907,0.00025399221435650843,0.00010475901239914611,0.011221889887072315,0.015307454633735137,0.0021890338100305413,0.0007649946937911186,0.015605067272338097,0.0240689390293157,0.004642171280787651,0.0025422324471807787,0.005781307980359671,0.018225351216790316,0.005483317881055622,0.002095028472571514
334.36977933834845,0.003237339338459605,0.03633292852336952,0.0005432412057131348,0.00037285028149564617,0.01142026269790638,0.026389188246184223,0.0002504734042066696,0.0001112739123118742,0.009362950653019028,0.026916307892404186,0.002016422860818475,0.0006696216248363624,0.006092348888983831,0.006548824866020702,0.004541457525499417,0.002382355424954132,0.00577611310852667,0.01819815598722827,0.005482962733178258,0.0020939335840405426
334.2580247329546,0.0030534741171639557,0.036239628725902286,0.0005540852649561336,0.0003655193843732756,0.012376325386920092,0.02705994278684341,0.00024863298878272414,0.00010583312373793911,0.01498593243463919,0.006833440608663716,0.001732088782124918,0.0008854362788371862,0.017746804449453587,0.023222262677812033,0.004250213139893787,0.002594601894504563,0.0057711054819681975,0.018344182378801116,0.0054823298701336485,0.0020929025221597575
334.1463448048781,0.003130005980694405,0.03640234516581733,0.000555517653185408,0.0003803107282872815,0.013466886041848508,0.02514503133855368,0.0002412775735615757,0.00011144182008239965,0.015337185711312274,0.051259738759317476,0.0021811593892161656,0.0008428084386985143,0.006700530417165476,0.012134222966338468,0.004753416777770197,0.002568067812798072,0.00573007175252651,0.018267145263891053,0.005479504993779202,0.0020916975785309987
334.03473947929194,0.003212639270450449,0.036323633525460905,0.0005543712426467066,0.0003754144672177381,0.0110236766315675,0.024179653038245985,0.0002488557959521957,0.00010762401904435027,0.027289358341585024,0.04460895082155626,0.001913006220560261,0.00068024095257108,0.01858819058190165,0.02229243484537677,0.004440029418699946,0.00238393287535806,0.005711874300082025,0.018288784771618185,0.005478272318226707,0.0020949365751144304
333.92320868146913,0.003257037601881221,0.03648766489994309,0.0005538130806103346,0.0003798094395998606,0.01058592077863877,0.026152358848202713,0.0002583842169244324,0.00010829893843791298,0.01829148889558682,0.022350149574309263,0.0020847458518214257,0.0007520730530230677,0.0023184101064576547,0.015561343851985682,0.004519946485783211,0.002499199360937929,0.00572098999049655,0.018294721239128876,0.005482516472320163,0.002093212654170967
333.81175233678243,0.003309916391143981,0.03636705724189853,0.0005563079583096856,0.00037735157140771525,0.011519902520707915,0.02554383037043255,0.00025416319336899195,0.0001050191496871034,0.010667747683706576,0.029526496443935117,0.001908022388032755,0.000765977806216508,0.01514313054798913,0.017197113084432895,0.004379546760969805,0.0025091955377957334,0.005770459868722783,0.018162804567567543,0.005481067316066562,0.002086513867718089
333.7003703707041,0.0032416370707852985,0.03629499595000726,0.0005563866050392185,0.0003747168125311864,0.010138762057872652,0.025718246462424627,0.0002572933718724623,0.00011277793287133768,0.025162442279133574,0.027349514716158763,0.0021318672174346766,0.0009416097550710086,0.0027462473379471527,0.01724935554087355,0.00454675975697163,0.0026396342137394195,0.005737608764397921,0.01824924809211081,0.005471982452133909,0.002084584081154642
333.5890627088059,0.003275319070529132,0.03633681899339762,0.0005552806376216766,0.0003770915464494613,0.010789706765981013,0.026840821717807564,0.00025215300423668964,0.00010952781565523927,0.00542992636576593,0.019589155659036118,0.0020359836291640493,0.0007686378543016154,0.013667522979499393,0.016207274928371693,0.004531793189495314,0.0024546240626672606,0.005894385152669464,0.018144270432434755,0.005470300540332873,0.0020872548661656576
333.47782927675894,0.003186371893316926,0.03624269032082525,0.0005558328834905566,0.00037748678840824186,0.010995098354405479,0.02656538570652888,0.0002540362410197689,0.00010096219588145721,0.01791921549701208,0.01149006177982829,0.0020301027737577187,0.000741216811571051,0.011067838954804607,0.025453357741041287,0.004514665950048983,0.002514371922683468,0.0058788387058114,0.01825072662021552,0.005469395155339484,0.002091820321079248
333.3666700003334,0.0032240834777292264,0.03636871211062879,0.0005542032281071158,0.0003761658557965754,0.01163676887030976,0.027181578300270667,0.00024463058615341847,9.566123315835274e-05,0.021664680047696883,0.021834705994090892,0.00202495130224758,0.0008692002097739307,0.014897847983068008,0.002774956535713003,0.0045742820918484835,0.0026799258861880085,0.00580694803812911,0.018216669336820528,0.005470178097528192,0.0020896173305724633
333.25558480539826,0.003190560406186217,0.03627974718298,0.0005579311016922314,0.0003750086029562768,0.012057417023563468,0.02582410618339698,0.00024702154067442905,9.34700933874202e-05,0.013542216802510386,0.01914309078282371,0.002052412043619184,0.0007328888740873183,0.012475195321206136,0.0228317638934052,0.004570988901804021,0.002568977004541284,0.005819993741349698,0.01827421477249444,0.005474276676677322,0.002090259686673616
333.1445736179214,0.0032119530832695814,0.036397203458715874,0.0005551250493883217,0.00037850427697503004,0.010721187317976817,0.0263132239878972,0.00025109743784826284,0.00010588325824672475,0.015934100303164882,0.02740491170793136,0.0023285834078209397,0.0008156303070051563,0.007447736973603117,0.00616303360289122,0.004798690714012533,0.0025625636678612116,0.00567525813438912,0.018297274583340874,0.005471115822049025,0.002087604509043409
333.0336363639694,0.003251439282047413,0.03633642648609131,0.000553242196817805,0.0003769690562957212,0.011876634584462586,0.026909987163012343,0.00024974430466513924,0.00011212805670559548,0.0074267329719489095,0.009289116307620866,0.002156871309289114,0.0008550256422358647,0.012090264152831626,0.019709390669253615,0.0046590885622711875,0.002550381230989279,0.005790493403722544,0.018066714004461526,0.005468072205075375,0.0020849872355277457
332.9227729697071,0.0031691483663972048,0.03634907745200853,0.0005540040074311526,0.00037447318155658216,0.011724069198985247,0.026104077674039543,0.00025471209813530753,0.00010829494198170388,0.0027550276676904743,0.025436652995173066,0.0021349278232335304,0.0007557457464973047,0.0029155712019210372,0.012913318390576686,0.004579911720376003,0.0024920501106516714,0.0058064552746531755,0.01817417686891383,0.005464731906875438,0.002085859075025623
332.8119833613977,0.0032934324302997804,0.03631049927719934,0.0005532752266832705,0.00037510816624256016,0.012199488024304803,0.026620452691108323,0.00025208881943260107,0.00010757213417953159,0.009604475309916536,0.012129586383165549,0.0020090042158254916,0.0007366726618921619,0.011306731325731558,0.02178200429295839,0.0044922916344451586,0.0024243327594739615,0.00577413247968203,0.018214566923917454,0.005466852988714032,0.002087665377070115
332.70126746540257,0.0032148571694736883,0.03624684095825446,0.0005552951752695902,0.00037636837083092535,0.012335904775052633,0.0249186233670156,0.0002523276449955271,0.00010913808150899119,0.01537586993401042,0.038893317334123864,0.0020890097426068998,0.0007839646450214499,0.004255474214832852,0.015317862437424817,0.004566351726363599,0.0024993593725195764,0.005885860474859638,0.018249484569314325,0.005466465411904048,0.002083668352193379
332.59062520818094,0.003258203289707697,0.036284425711661523,0.0005541878472199935,0.0003758142179228944,0.01033363778062563,0.025666422828803676,0.00025616738597219373,0.00011061963594310084,0.016828743457138338,0.029863546675833828,0.0019164864665749428,0.0008752512298959917,0.006272680608232554,0.01403768160251523,0.004354924177903966,0.0025642618149331444,0.005815516436097164,0.018198335703329384,0.005462698146104911,0.0020824486377978356
332.48005651628995,0.00319058511397196,0.03621833554545529,0.0005542295107636143,0.00037484762273306963,0.01157738176041279,0.0266637040928124,0.000263492253065608,0.00010289740846320251,0.009136216782061066,0.019445012516929906,0.0022714956864107482,0.0006224252881879049,0.0008434389717627653,0.011982857264234557,0.00465260460023496,0.0023842147617289715,0.005943717379604466,0.018222495831622276,0.005460038592258962,0.002082540083298094
332.36956131638425,0.0031730058431062307,0.0362718886514209,0.0005538398771315957,0.00037610899718210284,0.011528776355575317,0.02582620638597179,0.0002613356501970182,0.00010192356821496794,0.008021254131153245,0.02331645337926964,0.002040940973990684,0.0007982415504323711,0.010385717734365823,0.015745693137013173,0.004447742706466816,0.0025402031282561336,0.005835813196678004,0.01824361223972506,0.005458619923654907,0.0020875662357103223
332.259139535216,0.0032430575834765246,0.03617631152094409,0.00055477195843514,0.00037482581926022353,0.011466376518686289,0.026298380348152666,0.0002542867451134618,0.00010179319875768362,0.01245257302614025,0.024428250017812132,0.0022325174114267536,0.0006698976414757048,0.006474766456706829,0.01787412332125733,0.004678605558057746,0.002444742051476817,0.005799550366159268,0.01802438277569563,0.005461970655709148,0.002086376875489325
332.1487910996347,0.003168285399106393,0.0362694995620599,0.0005547350462086401,0.0003752530293297875,0.011775552456503023,0.0259160696615104,0.0002487783333547724,0.00010585105227310606,0.005392441363015923,0.03195772447925845,0.0018814498668547211,0.0009314588415131522,0.011593947522403532,0.0068739155239028495,0.004377583140206316,0.002658511753687451,0.005890988367276433,0.018240025650282366,0.0054611775052262395,0.0020819839574811425
332.03851593658703,0.0032357957403547,0.03616846571556839,0.0005545102483293082,0.0003744458883098486,0.011659931049709145,0.02592688348085661,0.0002469583966009001,0.00010818611930188148,0.00877454056124806,0.02152726079575169,0.00196068820874017,0.0006863440865600668,0.007454408900464193,0.018706809948137615,0.004456283708559446,0.002404243615216212,0.005882267254281912,0.01818668134092809,0.005457217363830793,0.002079546618822404
331.9283139731166,0.0031661672781995195,0.03616453268054076,0.0005526807076851092,0.0003752718884853224,0.011909322662611133,0.02518326015118686,0.0002515199297263071,0.00011138538467961624,0.006459407330596599,0.04195049644962171,0.0019881079122443883,0.0008349483773194508,0.006311199879023307,0.006075826318854372,0.004432800783785014,0.00252009266932575,0.005857649707649441,0.018258767312214985,0.0054557150886572585,0.0020811714642158447
331.8181851363637,0.0031852459214710307,0.036185535411336955,0.0005534158287171699,0.0003746581705582302,0.010313412624919359,0.025189172118764248,0.00024251214334532862,0.00010970508877470867,0.017179276071189735,0.03689225155013778,0.0019423893131744828,0.0006736849382503142,0.006847769473519526,0.010563999576308535,0.004494857740422864,0.0023497920813870285,0.005810664481564988,0.01820160615684251,0.005454407497191224,0.0020820734846192356
331.70812935356554,0.0032562739350618284,0.03626264853229363,0.0005545774284891295,0.00037383628148929043,0.010702160118967376,0.026881051870500723,0.00025252152498324233,0.00010661774645778378,0.014921416540592742,0.018769892789432887,0.001993147298591797,0.0007788389351782432,0.007317092703957104,0.008351301004946072,0.004455805013374465,0.002469283916160003,0.005861494674912559,0.018148175801256283,0.005453535987367546,0.002079614982484279
331.59814655205577,0.0031703533328819736,0.03620996352808038,0.0005530453227309331,0.00037339669237216325,0.012061826084009809,0.026459842050568567,0.00025132353953818737,0.00010418220661469172,0.007077538620420117,0.020413915149595667,0.0018767547435375662,0.000756905464217814,0.007485028107253002,0.011995153526360198,0.004355967536934647,0.002464093117158802,0.005855244176040899,0.01829303319421273,0.005449469555624622,0.002079458298934156
331.4882366592642,0.003170716044743067,0.03617173119813483,0.0005531500117654048,0.0003738436321166659,0.01163556446986884,0.025286507473598473,0.000255353717114223,0.00010369456389768155,0.007462544124052336,0.03376569600523569,0.0019148536266955388,0.0006093333874607258,0.0061230846680079215,0.010261434947855249,0.004344349087618527,0.0023548958071058063,0.005763029055818338,0.0181900520504229,0.0054488886517198585,0.0020825619953808755
331.3783996027171,0.0031984434331041537,0.036209968551954276,0.0005546011508607812,0.0003744966660176013,0.010764687459339338,0.025704562935864726,0.00024308229330479073,0.00011014592067596804,0.010022842123950122,0.027001460806705683,0.001973855942755561,0.0005829733423833117,0.006735785863285295,0.013034510640342055,0.004528936255275634,0.002295304329952502,0.005885390239983645,0.018146979737191066,0.005451774812636322,0.002081817772103342
331.2686353100365,0.003214527498551464,0.03626745520503629,0.0005505540072203778,0.0003757414049998419,0.011036733464412859,0.026192668186600977,0.00025106298322925564,0.00011169272765407609,0.005995670328152966,0.025517259382648646,0.0021088645531221356,0.0007983005902515329,0.01078415627680536,0.010649338471583333,0.004567630205206425,0.002486889259377752,0.005812233522445808,0.01808183523596091,0.005450560563810269,0.0020787726824154293
331.15894370894046,0.003341056827247216,0.03613911266458568,0.0005502242683863549,0.0003746378080967662,0.011134928464549748,0.02633936213883805,0.00024211930447078496,0.00011948626865257527,0.004764861318111901,0.015063181319201252,0.0020251749371139214,0.0007466591165167595,0.009180173284949949,0.017722077655743816,0.004600141058551376,0.002339657629598488,0.00588715511373565,0.018147499761071727,0.0054490224357470396,0.0020774929068349815
331.04932472724266,0.0031734186093579603,0.0360734302980145,0.0005561096364863523,0.0003750887327047711,0.011635227517159683,0.026329945657022784,0.00025923220630715867,0.00011617087939990329,0.004087059063027842,0.022114937398535386,0.00188908669038555,0.0008684529406424492,0.004460310465400471,0.009876981301482372,0.0042598726987878935,0.0025076081972049483,0.005892339120364199,0.018131336157475118,0.005444813036137757,0.002075375477904803
330.9397782928525,0.0031384492080991236,0.036234138993202984,0.0005499212431800125,0.0003786236265665709,0.011614913888997349,0.0257596269465486,0.0002513967976164489,0.0001061629923042669,0.00854528964416238,0.02305286239358976,0.0018520892371503977,0.0007755647502713113,0.012729515585258323,0.01625484810971582,0.0043291707180928675,0.0024566795070969163,0.00589267821553276,0.01812697128159689,0.00544368054515846,0.0020771924944367557
330.83030433377445,0.003137342428332859,0.03607431923373142,0.0005475431540044136,0.00037508630603785316,0.01136773248035062,0.02606019801218549,0.00026063087201268355,0.00010689990603896528,0.0072305630209429,0.016255297183375317,0.001953249921495531,0.0006860265632703659,0.006958218968778254,0.02089345883770418,0.004329820629499962,0.0024171194651368797,0.0058620406598943065,0.018189985658723783,0.005443217698417587,0.0020763565060132236
330.7209027781085,0.00322394333246532,0.03605905231343103,0.0005554746675883344,0.0003758122278360747,0.011601332150481295,0.025849409358120867,0.00023983900783329577,0.00010328033728893138,0.007337190929635362,0.0284757845710464,0.002015531016817532,0.0006015677101538355,0.003207203372430892,0.01354413280888013,0.004577598279151499,0.0023335858868360295,0.0058080576612884625,0.01811512137278015,0.005441501032360466,0.002077547146122792
330.61157355404964,0.0032173259729946055,0.0361781846951158,0.0005524104595481547,0.00037021341413386244,0.011372444798802275,0.025824067580057314,0.0002507751571526936,0.00011035141844849074,0.001355275989423208,0.028760542207553367,0.0019200049169954179,0.0006277480169120261,0.009063118325228816,0.008182409507374066,0.004399489611341769,0.0022866973281226023,0.005775439614592881,0.018134288103879296,0.005441759592396106,0.0020767155803401932
330.5023165898877,0.00321739077672213,0.03610062862940519,0.0005529049880378982,0.00037260492135514757,0.011703799349483826,0.025467501995672038,0.00025683607517843046,0.0001008054481252244,0.010711448419061912,0.024458122528647493,0.0019050426091390715,0.0007416920842282737,0.01106435370706974,0.01844077713973976,0.004304750096201946,0.0025358856408526998,0.005874303591603483,0.018051039808062712,0.00543965868193341,0.0020755156827333265
330.39313181400735,0.0031928504387183036,0.03605735498191667,0.0005521041162578538,0.00036945191570098376,0.010711278887941949,0.02526537448141579,0.0002422902050996241,0.00010579323932873415,0.016199482136404493,0.032583382981874784,0.0019511068251111487,0.0005103645214704594,0.0019772805677441205,0.012374415707557365,0.0044800318701698726,0.002257021336014652,0.00603389814737586,0.01805948151709565,0.005439713159117202,0.002074067515891363
330.28401915488774,0.00323922165947191,0.03610241401409392,0.0005513299096164919,0.000372775797537196,0.01073583605800292,0.026430766338651546,0.0002570302236773938,0.00011200019794476094,0.006570134750132588,0.019170398636239858,0.002162261459733009,0.0006933436877419837,0.011037399309093344,0.016090521711073346,0.004580622224230579,0.0023205885481706857,0.0059079460747381825,0.01816488481500062,0.005436663228509522,0.0020729459875844488
330.1749785411027,0.0032279475638288912,0.03605611159879768,0.0005506050629077913,0.00037328866107261076,0.011714300359461841,0.025978109093652384,0.0002549874164713248,9.764191900999318e-05,0.0037738116346510172,0.023851097931390605,0.002000292834343942,0.0005794138891347797,0.004257577027245017,0.01495083472922423,0.004395354633922282,0.0024121670157780427,0.005909906239994017,0.01822262565068219,0.0054333742963118825,0.002075463118939155
330.0660099013202,0.003269981580816141,0.03617440439979973,0.000549582842110957,0.0003738657743098325,0.011091841649712266,0.02550246591731332,0.00024800664747977585,0.00010349133697173528,0.008973732515224115,0.02416587369033949,0.002152375510559747,0.00043552385731064896,0.006108055426457039,0.017248429514442803,0.004643520053043066,0.002183433796703524,0.0057711816391577495,0.01804105805946644,0.005434513355510083,0.0020766971823627974
329.95711316430226,0.0031914500560029134,0.03608897352789864,0.000550433915779105,0.00037447705505152965,0.01084321918150187,0.02590286398757315,0.00025179421344586136,0.00010590383303051575,0.01673880710490192,0.022328874950968403,0.002248011261584494,0.0005915745663105434,0.004253822164425824,0.016697215976282972,0.004705571142454721,0.002338763842662609,0.00591594443129853,0.018069687608455495,0.005436141263264092,0.0020735090766082105
329.8482882589051,0.003241605177004406,0.036147841183872355,0.000552269552920935,0.00037199793260163133,0.010998558724955195,0.0261641795424222,0.00025092850560870695,0.000104973845877079,0.006843826402626783,0.024776268703775656,0.00208596040674875,0.0006632089295811959,0.00848834553751794,0.007970296775773933,0.004527776059251293,0.002398198600091544,0.005921080414374687,0.018119493994989397,0.005433200044862049,0.002072846066020517
329.73953511407854,0.0032039178585361308,0.03612650186709085,0.0005436292199799733,0.0003678693746693953,0.011319870064512499,0.026149815594137746,0.00024808448379658095,9.770425807531504e-05,0.0037645027685250924,0.015055082159888523,0.0021839888256273607,0.0006533600436084268,0.008221438550106873,0.019035940922050642,0.004691761621555986,0.002406300926090289,0.005831419328536492,0.017950637118467068,0.005431007808280479,0.0020725556750201424
329.6308536588662,0.0032485909232210677,0.036081564392739,0.0005498772376393549,0.00037019089802280353,0.011166809650986636,0.02594112963882157,0.00025252784008786646,0.00010408462327728309,0.010659920231005293,0.022423666321058505,0.0021849928206302003,0.0009074132980773192,0.0030875686347681553,0.016090951505644602,0.004598867930570938,0.0027027959256209814,0.006083684946561126,0.01800482197423437,0.005429813504257849,0.002072357396092199
329.52224382240536,0.003216952260234469,0.03606577466945399,0.0005521956833084002,0.0003657580182950719,0.011124365498068545,0.026367579301315232,0.00024851108424477596,0.00010472663160783403,0.014996294809845224,0.022361887206889176,0.001714532047689357,0.0005047930562691419,0.0051224754217091975,0.013118540970105222,0.004112057633458888,0.0021311013655421988,0.0060236486862460595,0.0181405248584018,0.0054292662678356125,0.002072722281080976
329.4137055339263,0.003143013445087077,0.036166137961449206,0.0005434253764977963,0.00036223442583167094,0.011880203119872751,0.026389654710565986,0.0002533285991847181,0.00010156159640531248,0.013156232541066785,0.02308423373596645,0.0026859123869376906,0.0006962663945253341,0.012097604374728127,0.007990638676552777,0.00522123786342626,0.002246033253130194,0.00597849151623406,0.018183751433416127,0.0054296264710019335,0.0020711719755147546
329.3052387227528,0.00304712168859854,0.03621109222857632,0.0005409081658510447,0.0003605773255855197,0.012092111517863859,0.02558469384084207,0.0002521814308107577,0.00010525931588947916,0.012611492237642304,0.02473359518153691,0.0020522730306606583,0.0013406989182198244,0.010000388887347987,0.0208555233502968,0.004484211145333239,0.003143631382758665,0.005765299581388554,0.018217932034990385,0.005428402807548435,0.0020692897911044426
329.19684331830155,0.0032791993325022683,0.035946214649187694,0.0005421724354870224,0.00038761665301278303,0.011742854537388537,0.025127680232816474,0.00024962177470129866,0.00010662634767747259,0.004899557827672178,0.04409105650932121,0.0017179369442961911,0.00034560152911878585,0.013435712977371964,0.00857060740491603,0.004138794862932452,0.001982895219913657,0.0058226409782756085,0.017977274058317935,0.0054250584185483435,0.0020672952016578816
329.0885192500823,0.00320596643883359,0.035964387450691936,0.0005425315042694405,0.0003823333188961711,0.011092654329944645,0.024919857959056504,0.0002489506363537619,0.0001110884613627313,0.011731064478057935,0.035850113038210805,0.0025324367091106633,0.0009173641452314288,0.013262249131339866,0.014536436599758638,0.00509252609177279,0.0025009427538703324,0.005882074439159599,0.018096789584636334,0.005421851353865028,0.00206959689620842
328.98026644769743,0.0031855803030567567,0.035979428001113194,0.0005763630105584941,0.00038170494057297163,0.010436904890925615,0.02543494772526739,0.0002475367558312114,0.00010138198281064906,0.02041270629608086,0.030888012970069614,0.0020763810571929626,0.0009344949277482885,0.002825071965617093,0.012638129259532269,0.00446932979045292,0.002782616315898892,0.005832955286751511,0.01805066948526151,0.005422538012316104,0.0020711232087958467
328.87208484084186,0.0031840210453021674,0.03592862171715732,0.0005382628850666875,0.00038681811059491423,0.010669408152103049,0.02608851395667138,0.00025957685508675517,0.00010998968933731392,0.011855103023945907,0.02800030287803921,0.0022350416954998436,0.000789512826868357,0.010238653495670592,0.005687047164625516,0.004641979428368526,0.002508668571719954,0.005893990788484638,0.01793100865175798,0.005422442707926439,0.0020697034905626777
328.7639743593031,0.0031956355009660838,0.03601674861521015,0.0005519461728778234,0.0003756060861423345,0.011131564124616758,0.02612967375643524,0.00025610745208110166,0.0001070541275061565,0.011074360638362774,0.025815985874898025,0.00196458576100699,0.0008359067573731258,0.007554361563500411,0.005725443844345087,0.004332816141580463,0.0025679425777614248,0.005852863874954027,0.01801170085849639,0.005421748055146975,0.0020686345589156683
328.6559349329609,0.00317306448159689,0.035951544453123936,0.0005405007755174995,0.000384242577799672,0.011342491806235009,0.02580885797343844,0.0002542685515052271,0.00011335522396203376,0.009228904320619945,0.032405828916004284,0.002423428024615417,0.0009191225305616301,0.01941609083054388,0.013484293765397802,0.0049364419360525946,0.0024009119939436096,0.006016371763572588,0.017857017648094217,0.005420073219744582,0.0020668343802727903
328.5479664917872,0.003160419337272026,0.03595270839129007,0.0005460683893508471,0.00037538415581589137,0.011092044650878695,0.025700137208821975,0.00024816510662665787,0.00010606935451050856,0.010836210179081323,0.019654466154773113,0.0021549107176564984,0.0012880061875239907,0.01716352420232507,0.022648257382074877,0.004632593436442139,0.0030983294648771116,0.006009878483718967,0.018076544813764608,0.005417337227254886,0.0020662135305565643
328.4400689658457,0.0031764800694908937,0.035932889282746024,0.0005496060234939044,0.0003768784021088242,0.01115201171880583,0.025823592338830317,0.00024833928345953615,0.00010937105226434841,0.00944588814343819,0.020329598681862456,0.0020103001102966616,0.0008289476981317954,0.007304459179713953,0.016518729422102762,0.004458797983855679,0.0025780216071323637,0.005801382578123045,0.018046209977820443,0.005416348859343873,0.002068471435585931
328.33224228529224,0.0031971909802342756,0.03589261147184853,0.0005463240854073289,0.00037683744606901846,0.010985891219491308,0.025443472684143417,0.00024457233626203035,0.00010613689819478216,0.007852049761396012,0.026514919863310997,0.0018157641684133311,0.0011650841421591645,0.007345134803540954,0.014563602187770803,0.004211855795886654,0.0029939518480566504,0.005841731725768392,0.017932950557626542,0.00541594269434767,0.0020674036996174614
328.2244863803742,0.0032193845921719756,0.03586236663390497,0.000544837922669384,0.0003727391912540018,0.010434860946775251,0.025969602511896284,0.0002497632178267125,0.00010027990816848389,0.018400673279825433,0.012604243873777647,0.0016810539054420393,0.0004981385355883235,0.010382928529265173,0.02471937570195897,0.004061007503536046,0.0022014121937561056,0.005943682740888193,0.017909189263518387,0.005413982524674875,0.002066465825206811
328.1168011814305,0.003227274569555685,0.035908661007829065,0.0005404241700352758,0.0003759228576776464,0.01091344066585636,0.02649062194062283,0.00025006331396336255,0.00010236986598474937,0.02728751861345848,0.027638446422396892,0.0019188811979870212,0.0007256409316392235,0.015804475281041182,0.01716268877796012,0.004341176775990109,0.002478876835249561,0.00600466618210881,0.01795387571592924,0.005412956041471992,0.00206555055223123
328.0091866188915,0.003107321750687723,0.035718104033991845,0.0005451384314937555,0.00037603069202445046,0.011481435603609817,0.02652091010244891,0.0002515501765568484,0.0001067895421186537,0.024406249697993064,0.029736849652350312,0.001957464017144445,0.0005660104857809851,0.02810286132636548,0.018755189398879647,0.004392570438454104,0.002221590016766031,0.005989214250934801,0.018062375536057485,0.0054129037089313764,0.002066257584182295
327.90164262327875,0.0032267047449236557,0.03615037263589824,0.0005427393186481209,0.0003777960005455873,0.012042205058954323,0.02579851842052729,0.00024672700674525634,0.00010854739139229572,0.02042797828435886,0.007802186289198855,0.001897445729378899,0.0007454267708374774,0.023547128615105294,0.032946930363077054,0.004369896879737028,0.0024842778815174476,0.0059329922500230585,0.018009924536597093,0.005413411522031333,0.0020663260752998326
327.7941691252049,0.0032659620307476985,0.03602150469700359,0.0005374420886516316,0.0003682966169338511,0.011215512798092377,0.02502668965237834,0.00025296773258630894,0.00010443639538158457,0.017648270589169308,0.03269251380151434,0.0021224022880687544,0.00036632968185242265,0.00736156532097625,0.020169132385015675,0.004540841346950373,0.0020768779626287814,0.005896366979004229,0.018036623771169078,0.005409902403297644,0.002063254884413622
327.68676605537354,0.003166682265548401,0.03589859179376609,0.0005450313712485646,0.0003719329777461511,0.010834441786996036,0.025838575569125635,0.00025017398125818654,0.00010688908769171397,0.009194312799576195,0.024965631539695343,0.002013876198634242,0.0008154063226022479,0.004866168174695058,0.010360828975946276,0.004438788749510194,0.0025338679894995647,0.005818616332783649,0.017962912055307447,0.005408629340010967,0.002064752598115616
327.5794333445792,0.00332946501303015,0.03590454869804189,0.0005438596198697356,0.00037640386366575505,0.011149974635786566,0.025626711824418433,0.00024925322043753927,0.00010237302215760776,0.008366149918478992,0.031217246818335296,0.0020212735423416864,0.0006147498364087955,0.008518729390178361,0.006380550312565339,0.004471169224370185,0.002346184477880283,0.0059734155195550215,0.01783108102465821,0.0054074632056528744,0.002063950860597149
327.47217092370664,0.0032484754476742716,0.03589769384225849,0.0005456553760277014,0.00037436085709543316,0.010787078579595384,0.026031312192054443,0.000248425053867897,0.00010450313014650598,0.0031400845232010827,0.02196308863280422,0.0020101249949866025,0.0007760143035451489,0.012026501167769883,0.014511270774131453,0.004478467698443463,0.0025124396164804344,0.006027531943949954,0.017989042203211746,0.0054068813005360645,0.002062597965295928
327.3649787237316,0.003185130777675972,0.03583176461829512,0.0005438500784866604,0.00037313001187112713,0.011511370865567788,0.025889397015982137,0.0002523120872243259,0.00010085145820037067,0.005937021802210972,0.020328999464728673,0.0019109404398387983,0.0005816797482414564,0.0035246910330504356,0.017712654550452536,0.004309917097663782,0.0023468796738773012,0.005823138267913958,0.018083177507067852,0.005405491971823102,0.0020625509385015675
327.25785667571995,0.0031799369141549284,0.03585938900758485,0.000547314044677085,0.00037343368654307434,0.010921157251157427,0.025593939198652108,0.0002533556707087627,0.00010924580473976418,0.012268859860342549,0.03749445251552951,0.002099123266804409,0.0008167338874924381,0.01454484210709616,0.002116647072632399,0.004497766540188462,0.002516264844629684,0.005786040978480042,0.017930789997989367,0.005402934625596128,0.0020624309614485324
327.1508047108277,0.00324768499313158,0.03582581002593602,0.0005449977286879942,0.00037553261498556235,0.011422867180030985,0.0260970536629122,0.0002462153516201171,0.00010785201448854579,0.012519791607930146,0.019635634737358198,0.001830305282999284,0.0005551404636591896,0.02210421238553274,0.022134824354749907,0.004284824965138745,0.002244514385613039,0.005945137439830931,0.01779802460382159,0.005403322921643554,0.002062397877483415
327.0438227603009,0.0032223482214434095,0.03582886404340588,0.0005405999492322891,0.0003767419595714493,0.011308109761350299,0.02513519457224407,0.0002489538366351044,0.00010582316593749337,0.020987173920855952,0.019695590380791068,0.002001708520068454,0.0006336929383745503,0.013316789479395267,0.028857234252211192,0.004457737143362941,0.002358963529408012,0.005975724012458522,0.017879363362866503,0.005401622272784019,0.0020606687678845453
326.9369107554757,0.003258532075296332,0.03581729826342125,0.0005403342155478389,0.0003729292721316894,0.010784972310276461,0.025702863066822314,0.0002486592413607681,0.00010364417250675625,0.01778369648668362,0.03292354161413629,0.0019464567687180663,0.0005570043330720301,0.010466926614771195,0.008561795776815637,0.004402671499264442,0.0022827273517388637,0.0058913134749035275,0.017974768157226637,0.005400059463103991,0.0020608523133518073
326.8300686277778,0.0032190158519896234,0.035826179693778624,0.0005458985710082892,0.0003748041611115672,0.010952857468861344,0.025400909922486975,0.0002513853217446439,0.00010573070402150646,0.00650534193116828,0.034023658336693144,0.002062763387789729,0.0008147336447342248,0.021524587759624583,0.016182338358460155,0.004473083598833584,0.0025497123908470335,0.005882791025084165,0.017967804418768364,0.005399027373501673,0.0020617610613735972
326.7232963087227,0.003153076468757278,0.03584894087925754,0.0005348753296545385,0.00038123499758907535,0.010331612404579157,0.026166998069848617,0.00025093979424095473,0.00010381262707701132,0.01792378944634026,0.010013658508066355,0.0019588238407903325,0.0005115747528914333,0.018880613626446698,0.02938975698461365,0.004415424767747809,0.002251686605451817,0.0058254081918017175,0.017817413853891358,0.0053980514626380685,0.002061183304572455
326.61659372991517,0.0032063251377036192,0.03583591322272222,0.0005330092116258553,0.0003661457552021744,0.011553140077130444,0.02635399392576622,0.00025263932498966314,0.00010030601558519683,0.012619322896825177,0.020881490897854856,0.0020514918320661685,0.0006680947010042459,0.00825407587954544,0.02068046177352918,0.004461168974782913,0.0024588648204612712,0.006044624364624174,0.017787299643842527,0.005399310975491902,0.0020607107965204996
326.50996082304937,0.00324388731707527,0.035812498309061254,0.0005430637399998973,0.0003667386386921236,0.011204044224044599,0.025496775387412338,0.00024790834420724574,0.0001056928725127776,0.0070578499367924515,0.02914584122126025,0.002118382338171229,0.000557442204840228,0.0031612908058458746,0.010242695689764748,0.00455471051994699,0.0022524990653878243,0.006003017533192303,0.018044087799975985,0.005397192042128209,0.0020584574965839602
326.40339751990865,0.0031875630615775456,0.0357640465554353,0.000544127963584474,0.0003762328641952151,0.011204451217061314,0.025848689139642743,0.00024909878276366856,0.00010541546119273884,0.009412788552702733,0.02265448466134646,0.002090929500769303,0.0008104588996650319,0.002188366237768213,0.015066302715524487,0.004499742538660239,0.0025383210491853104,0.0058392435658698675,0.017981118451919926,0.005395013719905856,0.0020596763508508678
326.29690375236544,0.00319962986980995,0.03575290331364377,0.0005460557319397943,0.00037651934254129217,0.011008229579028124,0.025445463942228144,0.00025156636480271863,0.00010772322189102274,0.013098034930051834,0.03664697392224808,0.002108381590679097,0.0008188800830609518,0.011476989709299215,0.007284596887799622,0.004517960072951416,0.002512341311305358,0.005881862239191636,0.01781388884965327,0.00539393572428649,0.0020579897749891407
326.190479452381,0.003168168164121855,0.03575976000881533,0.0005483783767269778,0.0003770671446408101,0.01099864348366937,0.026051138690461967,0.0002508220740361994,0.00010441770266985309,0.01226176264030285,0.02746460538605339,0.0020058448980842026,0.000892952371164371,0.010888376104898529,0.004436732507719137,0.00439806862329191,0.0026389619428331796,0.005926282828349156,0.01781554086933243,0.005391277010963076,0.0020584418647258437
326.0841245520053,0.003163418205411479,0.03568761181158478,0.0005500527554901569,0.00041039685974777714,0.011152416250607559,0.025439710579909826,0.00025162874498548004,0.00011512370251232587,0.008310731264065885,0.037986984910815404,0.0019978271699251475,0.0007687355657477239,0.016539008231572633,0.0027068663014584936,0.004398328018383228,0.0024525693610132526,0.005955503103731439,0.017876320718689075,0.005391133058351426,0.0020587268040871626
325.97783898337684,0.002995827813484089,0.03578819715818545,0.0005116268236629236,0.0003851020527052143,0.010620184758536641,0.026031187310327237,0.0002531729029662441,0.00010625168279452498,0.006467803728238263,0.028757389556067756,0.0018450522047437918,0.0007671701244528568,0.025871224932153884,0.025205278601448392,0.004302734101744552,0.002509253199970155,0.005870781027832215,0.01783859625417733,0.005391479117181687,0.0020575181107254916
325.87162267872276,0.003369426112195801,0.03605113632436565,0.0005962572074288231,0.00044715294835625846,0.011433411811156204,0.025977032303471505,0.00023999358870526445,0.0001221273417260196,0.012299694437938876,0.015188020111945262,0.0020104850073207775,0.0005735517050641595,0.014257300795056901,0.02850422905498353,0.004434416991245482,0.002273403704029323,0.005931617506374834,0.01780916292330188,0.005388291633832378,0.0020553100228366695
325.7654755703584,0.003408665813125149,0.03543042257280911,0.0006697763780768744,0.0003893630782883739,0.011033907760392554,0.025639307783729894,0.00021964289479781766,0.00011166667662491973,0.015729108408623682,0.040371338185341624,0.0021345522920637764,0.0007540138933337132,0.020822863348219423,0.006486053707939733,0.004561619448247336,0.0024762800821185337,0.005964007907175514,0.017889497561275607,0.005386558749159038,0.0020578574630823496
325.65939759068715,0.0036616071820694284,0.03621187570148123,0.0004112209285449992,0.00040926238063126595,0.011132368529665013,0.025811839850058586,0.00027957497165099154,0.00011527850892563708,0.012555135162004993,0.01535139641678712,0.0018933255226231034,0.0008561698734287869,0.0235371935941482,0.02894643815281444,0.004316134210817273,0.0025446488888524335,0.005828839569002643,0.017860994937695232,0.005387435289665144,0.0020580531008278706
325.5533886722006,0.0029678422462643323,0.036673666889602025,0.0005248072291012383,0.0003275914379648571,0.011073238562045137,0.025502430000681406,0.00025530135064365906,9.301370952543547e-05,0.020244325621012665,0.025889542678946532,0.0019414096591611344,0.0004984434579513215,0.012261895188946634,0.023701108551326344,0.004366583712139569,0.0022086358978288486,0.0058980541695527475,0.01786119159777663,0.005387008774932793,0.0020565357457799373
325.44744874747806,0.0036246706324250828,0.035389066399015574,0.0005277826358158295,0.0003362078269369821,0.011199338849219375,0.026022384301178224,0.0002565810827024207,9.705340162241076e-05,0.021167704368532422,0.03844237224495983,0.002207571518852952,0.0009705545347233876,0.024676342587344042,0.010699874947736393,0.004620710439869183,0.0026989531063874596,0.005860035856467317,0.01785025381562476,0.005386248499359649,0.002054729606459674
325.34157774918674,0.0030657866598616853,0.035595872570156055,0.0005644800056698894,0.00030854557664623924,0.011235152738262096,0.025226623724072292,0.00024543074543747275,9.933977139251648e-05,0.01685141102616452,0.03245636068812476,0.00168174249157155,0.0008399250452027147,0.027577212935805548,0.026681059656814412,0.004092084375420223,0.0024369860721423883,0.005994961038136446,0.01779512998091421,0.005383431248923886,0.0020537124989103545
325.23577561008136,0.003218802906585959,0.0356212208635189,0.0005570346162187318,0.00035721937722359067,0.010641184137869002,0.02586515893529516,0.00024219945855918952,0.00010158593607721579,0.012241238281231926,0.01442064610469112,0.0019091120565949916,0.0006499784757343256,0.01993241726508682,0.029584269919222417,0.00438688215608084,0.0023412079524567616,0.005919599647061189,0.017956823981835596,0.005382244069213998,0.002054457271516395
325.13004226300393,0.0029929139687849744,0.0355526066369111,0.0005442115444438888,0.00034546152983033394,0.011289892336794375,0.02567425261763829,0.00024790700970583126,9.739790808408135e-05,0.010748313644062505,0.012878865682771232,0.0018486284323580707,0.0005538959241319957,0.012693733070444885,0.02561687779886494,0.004299579423825998,0.0022635969410843915,0.005656853310247737,0.017863091606034404,0.005379773188175571,0.0020540646762341424
325.02437764088404,0.0031704764580636415,0.03576940888019591,0.0005549993451851904,0.0003531845942082635,0.010613183529975131,0.025728279097446252,0.0002483628178493537,0.00010050607749115751,0.022849962754323147,0.01647839690842605,0.002188679155557311,0.000555975724780956,0.012107540612943488,0.02518585072865916,0.004595340321381021,0.0022893497883809495,0.005859298033660279,0.017648004795195384,0.00537924811078981,0.0020553322534502803
324.91878167673815,0.003150894168173644,0.03562738473848944,0.0005427754167975781,0.00035760226780447277,0.011123252818607434,0.02615456579583153,0.00024360014958580483,0.000103946717023449,0.021028528201563028,0.029457956755526205,0.0019675605540018857,0.0007279315057774348,0.013314193772167717,0.010593205633401334,0.004427480340018005,0.002416161961939543,0.005948915471364293,0.01766746303848275,0.005379661341879268,0.0020533682091760205
324.8132543036701,0.0030912524800727832,0.035655763055338734,0.0005443652304397965,0.00035386774818692784,0.011104361818553003,0.02585900691362017,0.00024605669788322845,9.689482965110156e-05,0.0042929354094357235,0.02343945894244703,0.0020626520014556766,0.0004815480591694263,0.014922265172943792,0.014948391530610153,0.004517350420961937,0.002217568741171082,0.006060544765656517,0.01768754922843301,0.00537768318927352,0.002053290299865783
324.70779545487017,0.003241973974282186,0.03560080078058846,0.000547789415662334,0.0003482490127951227,0.011271840250487167,0.025952547475751726,0.00024637126814516433,9.960017000715023e-05,0.01303023631443426,0.018487220034716662,0.00221789691492136,0.0006788817402120083,0.009044026259838904,0.02202629036232142,0.004661928883921248,0.002369803869847403,0.006057622601577206,0.017938525905016142,0.0053761882965886,0.0020521572543321658
324.6024050636158,0.0032032526156478957,0.03559934023684619,0.0005594967389943215,0.0003516271389075853,0.011068929166086419,0.025547013754539594,0.0002415049739091488,0.00010093723259269357,0.015274478748591405,0.03899788621111839,0.0020170086492873117,0.0007769846837962546,0.01836761824704998,0.006260901171078679,0.004488285682856507,0.002449059682560102,0.005849813717289616,0.018010195031052532,0.005375898905718533,0.002052787377139577
324.4970830632706,0.003121213179733512,0.035576414459977564,0.0005528698307625183,0.0003611756023293614,0.011096664895245469,0.0261508634071067,0.00024250794704152318,0.00010240015017304708,0.010636886039113993,0.02308733717240364,0.0018603228026521882,0.0008935494987563684,0.021044329951114465,0.020505639375024646,0.004350436851670775,0.00254860992128033,0.005705181042923816,0.017822885559574245,0.005374648621187806,0.0020499724063835433
324.39182938728516,0.003131921949554982,0.0356345552125355,0.0005521190289098078,0.00036418221684414025,0.011452498918627926,0.025588048739463888,0.00024195064540063425,0.00010092539389899632,0.008807970627975678,0.017839697813154854,0.0018697667890804856,0.00044659508962096217,0.008044308022400349,0.022888467146347645,0.004332700220202315,0.0021756940207351785,0.0058525325961949586,0.017600971305827107,0.0053712586984298125,0.002051826119791145
324.2866439691959,0.0031797017416705336,0.03553098518989567,0.0005482775664246693,0.0003675830132681542,0.01087660398251092,0.025913979367707028,0.0002512328098085046,0.00010143026913498118,0.01850053082615762,0.03347067829423071,0.002075707633400057,0.0007568379405655435,0.017334700212330946,0.003602054313246427,0.0044400208472587434,0.002490460888396673,0.006009507314111129,0.01763154228450918,0.005371937844054187,0.0020521780092591277
324.18152674262564,0.0031589086284348773,0.03554995848425468,0.0005486125903194049,0.0003630671587857075,0.011653143213211013,0.025725206167092014,0.0002455551444994358,0.0001055224118671404,0.023159044427255082,0.020215089438339193,0.001794289680473139,0.0005888687083544669,0.03026812539958884,0.02970069614970993,0.004230508481969668,0.002248373597933366,0.005979672085517361,0.017815134783239248,0.005371194427322687,0.0020515608822853785
324.07647764128325,0.0031084772359261078,0.03560778123345731,0.0005439018723686685,0.00036463568388460154,0.01086597688263557,0.025482467418132943,0.0002450115002251121,0.00010423412912956891,0.024609425095387407,0.010925029140049284,0.0020143726906142307,0.0006317442737621056,0.01955533659460323,0.03342170380705217,0.004457949338903663,0.002351074482273864,0.005836610927699607,0.01783295965578365,0.005370090672351379,0.0020504639793776456
323.9714965989634,0.0031323908916154174,0.03561544120127285,0.0005444881811214476,0.0003627731971302914,0.011319915128797053,0.025874000620313062,0.0002476553631752179,0.0001014787471940646,0.012390702237443974,0.02848633089250797,0.0019833357337936757,0.000562452018943726,0.009916884566567433,0.005380948961167151,0.004398358798872284,0.0022748075142717344,0.005829456293358839,0.01770502807391492,0.005368669893326281,0.0020500359895892274
323.8665835495467,0.003017804389251231,0.03557129272542715,0.0005444893395043886,0.0003610810632859118,0.011044691571417086,0.025289576080564837,0.0002482457199890069,0.00010664711091229744,0.017329313066396155,0.014733090921777343,0.0020975671652233956,0.0006999396021268697,0.017216832112840193,0.026901149458878153,0.004493827911866899,0.002383136745510167,0.005943508628597088,0.017610392762974606,0.00536756788788494,0.0020505319016780234
323.7617384269991,0.003153385842291343,0.03556344842659641,0.0005447690139246313,0.0003637352878668195,0.011010414162278253,0.025853611199575646,0.0002473575744744449,0.00010341881305209062,0.023812300281710014,0.03271395613147771,0.001992939835764444,0.0007505333875793717,0.016672550946241513,0.02129879369549084,0.004390279983787281,0.002424298855872301,0.006015342888295078,0.017781374058903166,0.005367922041248363,0.0020485750065812633
323.6569611653722,0.0030746123146071533,0.035476370754030616,0.0005442801789332861,0.00036567152750028556,0.01099003723043247,0.025285874835353377,0.00024705509254550727,0.0001060938027091267,0.007987761463988486,0.03950973329419744,0.0019929043386814403,0.0007357601975805,0.021282754708565166,0.010279500671044038,0.004410028172025355,0.002441286260326551,0.0058950993514865786,0.017858465792724924,0.005364984682242747,0.002047929546979424
323.552251698803,0.003129555266112796,0.035634832511549884,0.0005517672780760797,0.00036587237949349885,0.010518038076071736,0.026239099871971774,0.00024401181717189214,0.00010751937990190507,0.010421020309747642,0.011195885733542908,0.0020070268280616677,0.0007485556746576828,0.011319785198350998,0.022559162544218848,0.004437003290730211,0.002399337934314774,0.005812766801094148,0.01773986638275527,0.005363803382500824,0.0020490509021346185
323.44760996151365,0.0031757744242190936,0.03544210245561515,0.0005404975519889413,0.00036850115331457645,0.011514357964244697,0.025824570425450194,0.0002437288896003016,0.00010334122349255808,0.008088498910647845,0.028348437692396145,0.001878857460281664,0.0007765296123680245,0.0068819129551340045,0.009400550007174923,0.004332883936357206,0.0025109687485254718,0.005823606490813403,0.017749974100482832,0.005364979749305671,0.002048901697802432
323.34303588781125,0.0029950135365348187,0.03555592596364293,0.0005410661849348706,0.00036533391551106075,0.010603776054288867,0.025589619153963614,0.00024215731131944023,9.969576625160161e-05,0.007907517116357092,0.02789891526759691,0.001902399451305996,0.0007374076158101211,0.009239415186625428,0.008453141799529527,0.004372136332457868,0.0024774119597803903,0.005799869048826878,0.017694009300051577,0.005362731672635721,0.0020450955019682394
323.238529412088,0.003109508710084579,0.03561082922468494,0.0005447050630985699,0.00036887761340589426,0.01117655979789647,0.026196630977823973,0.00025102205927298344,9.561011321886964e-05,0.011187411863721968,0.018250293562658757,0.001909551025961572,0.0006600599571446363,0.00421967787339807,0.010004097273395412,0.0042692130778301295,0.0024555120939035334,0.005903616443483605,0.017728440261879173,0.005360609355367469,0.0020457208461155995
323.1340904688207,0.0030915559612971198,0.035595241990648965,0.0005492225554546865,0.00036597606297827056,0.01101763682724159,0.02569960375103826,0.00025265225078237004,0.00010379894322040557,0.010360637853533973,0.030581336463671605,0.0019808229262030757,0.0008353356250607537,0.011145969068847397,0.0021646489092529957,0.004319357997346002,0.0025170238056217956,0.005830620606439491,0.017726458468641113,0.005358133037309423,0.0020469294109632533
323.0297189925711,0.0031665466622142124,0.03558931386364996,0.0005480786015341999,0.00036239133216756883,0.011262404991966696,0.02624628526951569,0.0002447231134852122,0.00010532813815310956,0.024448577327555607,0.030004915519012156,0.0017018713136446695,0.0008752800490558399,0.02826257291395221,0.016908873364402853,0.004130363228516999,0.0025708523730409443,0.005870121785940944,0.017583181248585787,0.0053581762542800684,0.00204726918644976
322.9254149179852,0.0031855700108757226,0.03551464714789186,0.000539831488716301,0.0003631462675437135,0.011316470044830242,0.025352997003834348,0.00025131930855720714,0.00010335869696736194,0.027864037053444,0.021074801046847284,0.0018511291217751,0.0007559055339017397,0.03621019172273224,0.03779439680913034,0.004221808794002161,0.002469864582968972,0.005965586800976201,0.01765131862276957,0.005357342309680051,0.002045696756990408
322.8211781797935,0.003101037037215993,0.035522137695414874,0.0005399165718407701,0.0003647131676278591,0.01076020706708543,0.025958180544302642,0.0002486149231368636,0.00010695471085029945,0.02289824247877488,0.007734046452531119,0.0017767629844670952,0.0006758016096859375,0.02053317161543239,0.034154877525209765,0.004172362079104347,0.0023641128506149012,0.005948157978858334,0.017764396522355074,0.005357419416611399,0.0020465569098603808
322.71700871281064,0.0031346757386752325,0.03560727781027705,0.0005423026349867417,0.0003661144634207091,0.011468189299839103,0.02606037894471752,0.00024419368746922393,0.00010519126180230693,0.017753018181189816,0.028627014944310067,0.002105171658613544,0.0007319157587407009,0.015116414585711292,0.002490187520586104,0.004558951553890095,0.002433484442788206,0.0058602953706664,0.017728788916964305,0.005354497656524964,0.002043791256754168
322.61290645193554,0.00339914800179108,0.03540484947631027,0.0005392127722772109,0.0003668220263790047,0.011296659547095795,0.02573652584255535,0.000245188649255366,0.00010161963942066346,0.019740194051070983,0.008875264082262217,0.0016761291362690888,0.0009181404424281047,0.028430952834554882,0.037850238555849965,0.004087238969549948,0.002693502616244455,0.005765468005357778,0.017694208873150638,0.005353461318955981,0.002044930421935
322.508871332151,0.003123834046630278,0.03567537870611907,0.0005404619603793195,0.0003685913538531369,0.011516734882311568,0.025512793745262465,0.00024676083837872295,0.0001059592220500946,0.02057378829542146,0.02839616303307375,0.0018996078102951318,0.000476956000192999,0.020869412672234827,0.03534756132528197,0.00428506764546093,0.002171579151058874,0.005816886252619011,0.017606619059691433,0.005351610020707416,0.00204229321157947
322.4049032885236,0.002936826748269747,0.03551403141389954,0.0005390084250477353,0.0003636475132720938,0.011106786124470042,0.025233467621685445,0.0002486533004071244,0.00010767313302916953,0.011739781248654761,0.028856760857668227,0.002177786184362237,0.0008634147475091068,0.0042580880336664986,0.013112174936319068,0.004583024701557981,0.002547887278686026,0.005861764924370564,0.017617159077929215,0.005351182269784323,0.0020464925412900913
322.30100225620373,0.003013455697375951,0.03553795978375812,0.0005390745279643332,0.0003640750229252116,0.010849548314361872,0.02567251129388803,0.0002487486860978028,0.00011091172672917559,0.02871720426065927,0.032988677904440544,0.001975147467713625,0.0009902879912477187,0.020567520995872206,0.025673522425266687,0.0043527293115522316,0.0026537666280712444,0.005853871195469947,0.01767470181620466,0.00535285345931816,0.0020432925598899503
322.1971681704253,0.0030141753347802712,0.035633594839129146,0.0005412709800234751,0.0003631733541325454,0.011026617463685055,0.025767664659367643,0.00024206395582985506,0.00010381987216366044,0.03570811819237397,0.05388503479630012,0.0018259439264575244,0.0009743276927056295,0.04090623191443125,0.028341382866675993,0.0042750031724512975,0.002674065546727384,0.005832820037408497,0.01761548143757945,0.005349163124993226,0.002041219606073454
322.0934009665057,0.002984810911793265,0.035402992718205274,0.0005412197454821853,0.0003689491333856392,0.011281884722213314,0.02604053765418337,0.0002478888935576755,0.0001040206805226831,0.028631802715133513,0.03092432069630639,0.001773957595075326,0.0008435757064228544,0.04139203288153506,0.035650730134409885,0.0041767542603070446,0.0025427124051422864,0.005883811952115187,0.017700312914463487,0.005348164122488917,0.0020422368678636063
321.98970057984553,0.0032085634091477463,0.035403738221723345,0.0005361978247295436,0.0003654402708424105,0.011383990824481407,0.025650863456237207,0.00024543401776100414,0.000104101121431416,0.016691288168528242,0.006544489313836853,0.0018808268808878825,0.000726922635536344,0.022651683082492918,0.034021686708602325,0.004330957847036103,0.002418455924311204,0.00583628583015583,0.017708452905610034,0.005346504952120749,0.0020417572964140035
321.8860669459286,0.003127105035880025,0.035472858187811526,0.0005405923054672693,0.0003647077416472884,0.011270288393566523,0.025653177072123834,0.00024135785113562402,0.00010304191202993292,0.017375035346530204,0.03233347198719174,0.0019064954504001772,0.0008651352334275894,0.013416964524263409,0.019131873745147167,0.0043292400041641714,0.002644260891755136,0.005793500071235632,0.017573692681855834,0.005347393787882559,0.002042824197069188
321.7825000003218,0.003100093564990481,0.03545524743893634,0.0005400369840652665,0.00036492467480053417,0.011335972046808621,0.025221318188577497,0.0002518105934554217,0.00010183187177629392,0.02028329460189232,0.04675283555335965,0.0018680086808444858,0.0007933447498313455,0.030492291676856534,0.01783783682855724,0.00418887511819398,0.0024660953255965508,0.005942275613951375,0.01751571589159329,0.005343794913329107,0.002040977554577145
321.67899967867487,0.003158902980297507,0.03546983270452275,0.0005420751383342722,0.0003647295443732965,0.01077026853443889,0.025584835464746956,0.00024916709695432175,0.00010586887660762074,0.019735859213012907,0.025259765398221206,0.0017040339963952087,0.0007338979970000889,0.03519656633600494,0.037883982384744413,0.004100348304304925,0.0024049538231460765,0.005977382399367618,0.017651711205273053,0.0053449797556620856,0.002041618696334207
321.57556591672034,0.0031519097328996768,0.03540563933733336,0.0005419298861600458,0.0003662450264843003,0.01130875321451763,0.02568727039382355,0.00024407211107720922,0.00010654446942749568,0.012980259823924749,0.013139447417902697,0.0018066875703229598,0.000424504422860763,0.016109875702508665,0.02972042056342243,0.004233706186565636,0.0020909660595756145,0.005903318664359722,0.017739859579917583,0.005342367222888028,0.002039426330655731
321.4721986502733,0.0030843043394342034,0.035446009898505056,0.0005414642998367602,0.000364849014714085,0.01070006322279755,0.025659946902576985,0.00024595333182450416,0.00010177729983756631,0.0075349183173491876,0.017956495781583214,0.0021157197505769715,0.0005759116147563903,0.007756689242253477,0.015894002929214925,0.004550919238898519,0.002289009582066804,0.005809322091243588,0.017777401075363398,0.0053423302179864424,0.0020415261266061913
321.36889781523143,0.0031025758738277313,0.03543872510718478,0.0005413559102909015,0.00036719943343791747,0.011483600230376747,0.026268765147663676,0.0002423363501930717,0.00010500779191948178,0.013492468539766182,0.018460802789627424,0.0022424929298891613,0.0005863282079564954,0.01743479177919577,0.030830248720437624,0.0046932026187892035,0.0022803532237502737,0.005752372241167888,0.01753638365138346,0.005340009356063073,0.0020384319908541464
321.26566334757473,0.0031201371054487576,0.03540467733806371,0.0005400363087632965,0.00036663499610849215,0.011576940265490413,0.025241685862101307,0.000246110389144481,0.00010130715004061459,0.02596022644067286,0.05469728675282314,0.002275080874873921,0.0009984786905403126,0.03233014521325193,0.026537176282048887,0.004681237843543525,0.002720156948463833,0.005864864684261549,0.01752643835284175,0.005338767722125298,0.002040293769686402
321.16249518336554,0.0030999678297651857,0.035411521572934854,0.0005405096275593552,0.00036686901542271126,0.011022705092470737,0.02551783061461879,0.0002474884665759489,0.00010658712752693794,0.035069734940275626,0.055061262244845144,0.0018391959866933493,0.0010481561822624124,0.04843979485831351,0.036756861693657265,0.004243614314893328,0.0026891289006047156,0.005872370932867345,0.017544258251718275,0.005338582928500934,0.0020368508634712825
321.05939325874806,0.0030695854229218396,0.03538960824971796,0.0005408373854000792,0.0003658509456670002,0.011346032101894981,0.025546592369847843,0.0002450446702527921,0.00010580359246459879,0.039157683049481945,0.030460092485600734,0.001596874050801366,0.0008984762408246246,0.052148815289413626,0.05520397531028502,0.00406260835587893,0.0024895058664836838,0.005891272453198137,0.01759352579961361,0.005335819032854774,0.002040064399847135
320.9563575099487,0.003096086476573213,0.03539157423793512,0.0005407341590495217,0.00036615250598151294,0.010894358648005883,0.025479948457349424,0.00024244345674162047,0.00010725846545247297,0.03625967960862657,0.014094896065820157,0.0018742385022738094,0.0003898108630943766,0.043721121142898695,0.05573411453392681,0.004318697916217634,0.0020400712225750557,0.005818340168076664,0.01774020556942334,0.005338762637996638,0.0020374590277728063
320.8533878732756,0.0030568484125912056,0.03539387400601325,0.0005401479459595976,0.0003666509625362019,0.011280979832281412,0.025709852139832023,0.0002422854859852687,0.00010446037653894821,0.03241350663788139,0.032673826914432415,0.002168380524520539,0.0005281845839235671,0.03371458835292319,0.04760880552988928,0.00460399379849011,0.002255007960508648,0.005709505041457178,0.017603857593233067,0.005334584020104254,0.0020384277458848333
320.7504842851187,0.0030606662404097256,0.03540631850074376,0.0005422606963059236,0.00036570352758608364,0.011024066186211094,0.02549625248982682,0.0002441751118166265,0.00010027799533477635,0.023581873663222147,0.038602951300110974,0.002051397865615917,0.0006218537717623555,0.019126642161699212,0.020821499533785662,0.004453246857424212,0.00235590274572177,0.005790444807338893,0.017472436227433143,0.005334947535718527,0.0020364874538098864
320.6476466819494,0.0031054337791990897,0.03539330922797214,0.0005396472288429808,0.00036637884892431913,0.011263057246070816,0.0257275454896038,0.00024867394118348817,9.989098757597709e-05,0.004690188873068204,0.017734551471571457,0.0021834899489652304,0.0006578001083746416,0.003764116487008592,0.016825786244831453,0.004563231957072486,0.002390579048343458,0.005938813519056048,0.017462141992015727,0.005331560068914284,0.0020364164583997714
320.5448750003206,0.003145756790700126,0.035361056810922276,0.0005398590611483386,0.0003649940316753355,0.011028917618922236,0.025603979811500213,0.00024854280520955196,0.00010528744538862717,0.029994003268014532,0.03791439278820794,0.002083853273944189,0.0007689544997882467,0.02554228104069947,0.029406514883009188,0.004458679998538192,0.002450265255882309,0.00588675554475466,0.017653424444310607,0.005333666425086448,0.002037042035871831
320.44216917686646,0.0031209032949103595,0.035366570247848485,0.0005407437657320945,0.00036693428866398423,0.011275235393277249,0.02579429061399418,0.00024574902895103425,0.00010573700247935654,0.02675539830733602,0.042106073631136456,0.00211668057001611,0.0007071224000310912,0.028487705534575067,0.01571474589989112,0.004512766095339218,0.0023851723057527452,0.0057677320912470935,0.017625411960660815,0.0053297786249247164,0.0020345699225870284
320.3395291483024,0.003130717586007999,0.035358203988124955,0.0005393321393036892,0.00036618344699926634,0.011254092600272061,0.02547807652955741,0.0002431213526985532,0.00010568380108334396,0.005468635586364052,0.026109182149845332,0.002071938574849429,0.0008515338815033482,0.0027517572962349234,0.009481589322512507,0.004497695031258341,0.0025261240703725826,0.0057659379324891125,0.017566168692168288,0.005329654734958615,0.00203635989385435
320.23695485142497,0.003158642470270315,0.03539190520138776,0.0005397977796988827,0.0003647993077970225,0.011107591342303989,0.025734438634642233,0.00024178601452246246,0.00010468056496936332,0.036283934556193435,0.0512887146970852,0.0019555333865357897,0.0009484501350875696,0.040081389217473576,0.02595564188699977,0.00439550302103772,0.0026256267490662563,0.005811288355129614,0.017543028852453967,0.005327511156951907,0.002032937533437352
320.13444622311147,0.003108091994703919,0.0353941108919758,0.0005394923091724329,0.0003654679371995154,0.011330904948573875,0.025651155319444945,0.0002455571939369108,9.878314121289688e-05,0.03471112912774884,0.0391330686534367,0.0018654493871840272,0.0007144530136684481,0.04672035818703294,0.04025747888647524,0.004277989071823209,0.0024449970399749977,0.005799571343639788,0.01756080890146568,0.005328156164118709,0.002036001861127036
320.03200320032005,0.0031078634358138787,0.03540715987314629,0.0005405113444697582,0.0003680618411223295,0.011404834173955452,0.025722095084761268,0.0002460413718628798,0.00010024505191757748,0.005423094040102652,0.011104426572374293,0.0018784334532957506,0.0009048934795524294,0.01212143397605124,0.022963684148090854,0.004288734582858479,0.0026344568666594494,0.005803804011990023,0.0174871320242372,0.005326438432039339,0.0020309627384885506
319.92962572008963,0.0030670698393453046,0.03530109061354252,0.0005374847618060198,0.0003655646899519586,0.011472412634712242,0.025355761123031364,0.0002497266807614256,0.00010691050147599733,0.022710194567337746,0.04003344354319686,0.0018327677186522424,0.0008669559559528992,0.029529911139311162,0.01639985357845267,0.004201712648524423,0.0025293830767764967,0.005838234033129177,0.017485590911434864,0.005322632216912807,0.0020353480796822614
319.8273137195396,0.003106365738259849,0.035343653312633054,0.0005378011579806042,0.00036476165862636337,0.010865838743884948,0.02547771400132493,0.0002474876717180585,0.00010528466045829133,0.02260184839469589,0.02672582996957663,0.0016935347952348292,0.0008566995757967666,0.03786430418664062,0.04092838170670832,0.004103440282743311,0.0024797880717606505,0.005844173821996051,0.017567538558157195,0.00532358132057008,0.0020331727388398163
319.7250671358696,0.003111320188359382,0.03530969467370217,0.0005377990560361435,0.00036580926846466763,0.011502053624651195,0.025731869245944977,0.0002460895352955242,0.00010414051443318139,0.017356327498815338,0.0009422647792903956,0.001827566637090416,0.0007087125164891179,0.025273483661407133,0.03452048009250019,0.004241014843912038,0.0023744213978279436,0.005830016962194613,0.017589407637340636,0.005322974381817182,0.002034419299756926
319.6228859063599,0.0030967910238654806,0.03528418992048036,0.0005409060971176447,0.0003696187479409312,0.011266822573978957,0.025383234441514132,0.00024912682592265623,0.00010690779325345356,0.022718758823703746,0.009994800991304434,0.0019103906043434844,0.0005355486630310201,0.02371369689878529,0.0353876236475187,0.004267553434268415,0.0022053487845033705,0.005792661790304622,0.017594347772337485,0.005323490067661371,0.002031882558021127
319.52076996837064,0.0030951967461710084,0.035284516372332514,0.0005444901934842264,0.0003687010862748223,0.01132404658544934,0.02550584590350117,0.00024228990872949034,0.00010629258257397523,0.018651881156436092,0.03403940137600338,0.002011854173631806,0.000622989120597976,0.016038418422444255,0.020667867261749736,0.004453582842524732,0.0022965371204078594,0.005744083285965542,0.017536161685705418,0.005319530882706902,0.002032300829796076
319.4187192593421,0.003122790453052063,0.03529561191113508,0.0005418427818513412,0.00036431512587786026,0.011281184286460286,0.025248482129270285,0.0002447238826740349,0.0001039385158238635,0.019667043237768987,0.03315968241824229,0.0019267481581212386,0.0010089703913647794,0.02991912872997907,0.02389999418790357,0.0043206131164933775,0.0027470896497357516,0.005710380601440839,0.017481911596670376,0.005319474251016169,0.002030519734426615
319.31673371679443,0.003067089548640703,0.03532499712526711,0.0005359374405697501,0.00036255026558938567,0.011108107505463757,0.02571859548046424,0.0002448310749525568,0.00010361708625256979,0.02710580290396708,0.014059789354226946,0.0016635553194206231,0.00036815876845314416,0.03611955347057757,0.04947860187464135,0.004071302921257627,0.002030591755013726,0.0058087885129862364,0.017435294846090618,0.005315809221077597,0.0020305366304908144
319.21481327832754,0.0031033399995762695,0.03532530662051792,0.0005450291943091958,0.0003642141036430338,0.011770122433149788,0.025435507639073447,0.0002430422346217146,0.00010597230958933731,0.02024993869083275,0.045656216130238354,0.0024283392059525092,0.0007524616179700281,0.02440706342494766,0.02816341165114533,0.004860420612389082,0.00245203016762322,0.005835975185877614,0.017501976870947743,0.005318087547769798,0.0020307349534200996
319.11295788162096,0.0031786872776548504,0.035290403209332695,0.0005496623229444424,0.0003589407496452889,0.01117698457753751,0.025076182645932546,0.00023944320041680055,0.00010511913988012558,0.009624234148924795,0.03218149036318045,0.0016358951588853548,0.000985934733442309,0.01939329622406215,0.013688009732528376,0.004030235916088211,0.002680325571697205,0.0058575206510045425,0.017556591712920372,0.0053169229003837675,0.0020291199429421235
319.01116746443387,0.003062751970409985,0.03529142022792403,0.0005365886519251998,0.0003725356440160226,0.011241134359688942,0.02508336749998569,0.00024464388039571625,0.00010865191485193325,0.013514566303492747,0.01780496994591177,0.00195678054526282,0.0004296408965077808,0.01042073248638977,0.024993414838346495,0.0043851786380234795,0.002059287205708836,0.0058039943220609645,0.01752779696478639,0.005315705388897499,0.0020308213816583585
318.90944196460464,0.0030823834153861666,0.03526929466934831,0.0005322348247411206,0.00036249472008118857,0.010901455180245686,0.025116954789047904,0.0002464370142216936,0.00010491347064259723,0.007743843504163759,0.027483062309844344,0.002184785739016146,0.0009566766554684515,0.0034492800649705124,0.010236135900320659,0.004593347395904425,0.0026560152847506214,0.005812951186215304,0.017468190457315146,0.005312719684085785,0.0020278908267248753
318.80778132005105,0.0031327693824953298,0.03523293949858199,0.0005386564795355262,0.000359721667682028,0.010862834509793333,0.02580237593623525,0.00024309641951267153,0.0001009926501484268,0.012729973582992465,0.011154896193997281,0.0017352999136830236,0.0005387782137465735,0.010900839691191254,0.023325121425600014,0.004131337313021148,0.002256930796268403,0.005808320112897564,0.017496816575158718,0.005310673815936377,0.0020314410845890278
318.70618546876995,0.0030734629181621664,0.03525607434928126,0.0005360329857162344,0.0003601460177843353,0.01145320482225447,0.02567259519934299,0.00024820752151655956,9.969057667272505e-05,0.012660891801870522,0.029315358478204243,0.0021873074923559597,0.0007644074629309224,0.009842466742973737,0.015147487440624673,0.004554087171325455,0.002512461800919221,0.005788219892547193,0.017456396351184553,0.005312953837118179,0.002027535069904159
318.60465434883724,0.003108862585007695,0.03530279491340766,0.0005434196282047187,0.00035967542616171475,0.011226733421049037,0.025345525524514478,0.0002441195092657485,0.00010591116282928888,0.004531389123887413,0.02723272251863428,0.001989542754442811,0.0007618473950893713,0.005758446267655389,0.007639218441630831,0.004349248046292247,0.002421200328148496,0.005833235395600139,0.017484800824197018,0.005309661338500885,0.002028901909571857
318.50318789840765,0.003077349703326303,0.035198390465235894,0.0005391548638987118,0.00036698138431637305,0.011317968618638962,0.02545386621170535,0.00024003936371784672,0.00010305715641696761,0.007118901356816139,0.028458446537368665,0.0021316199597381552,0.0008936771636267895,0.003973092832707952,0.01113716558209513,0.00457375161793571,0.002596895230154002,0.005834269794969645,0.017489501190503867,0.005310572026937918,0.002026282217014595
318.4017860557148,0.0031110709141770826,0.03521740457086318,0.0005377112339179398,0.0003621556610247907,0.011231862441157094,0.025437210886921233,0.0002427932908714013,0.00010372723091184587,0.011217605537982017,0.031752493532393934,0.0016084330956121712,0.00086898300730545,0.013372943164788405,0.0034656787784218945,0.003970631008337326,0.002535528835171183,0.005719002767535866,0.01756556129670199,0.005307357949733646,0.002027702097557864
318.3004487590707,0.003048032341635822,0.03519262289179096,0.0005391713771171347,0.0003663698916388468,0.011204619949105576,0.02516907469056495,0.00024582336527771963,9.972291123493471e-05,0.005597622204070777,0.031982861075209236,0.002020973015942739,0.0005889392584985771,0.013221041654604507,0.0047630317579740135,0.004415736156039984,0.002266870827053026,0.005701372439201683,0.017482121600974627,0.005307268183470049,0.0020257215751713228
318.1991759468661,0.003068426435129746,0.03513605470366362,0.0005347848666101998,0.0003641771021793987,0.010857622277629184,0.02562037513519897,0.0002475522729644766,9.946744798073579e-05,0.006182024024653877,0.024833223161341476,0.001930172708622003,0.0006301701741201293,0.012135701901225725,0.008766878509983141,0.00430872031112577,0.0023398079783585276,0.005787110723486922,0.01738542073718986,0.005305494940382402,0.0020266879768782164
318.09796755757003,0.003130503975545645,0.03516511137747348,0.0005375363652995594,0.00036287268309756124,0.01136394797344899,0.025753990154631215,0.0002469942090993568,0.00010647058967663084,0.0073341101334355755,0.014103675134077806,0.002017628215078398,0.0007052634424551845,0.014031958097786736,0.018132524939226496,0.004431303026781369,0.002330212522151956,0.005823453407259193,0.017361945358259315,0.0053055300564089055,0.0020259172226046577
317.9968235297298,0.0031318933077020806,0.03520703521744506,0.0005374454349801244,0.000363369399301346,0.011329622403591217,0.025489770565521912,0.00024127091393077784,0.00010416287109311871,0.01107405751452076,0.024547580608999402,0.0021499708514857913,0.0005636020041597375,0.008328650440572474,0.019648553301097486,0.004560879052705927,0.002252782634195671,0.0058069360698663735,0.017483656139086836,0.005302997972981652,0.0020249239848255094
317.8957438019708,0.003039468468232543,0.03519070667890513,0.0005393074093668693,0.00036323772101935564,0.011633058231346936,0.025584325397511,0.00024376090266676795,0.0001019145497423725,0.02835903878246591,0.04483880614057082,0.0021420370750909407,0.0009518844363370436,0.029957484592021282,0.01829365687003557,0.004518837397579522,0.0026318223775199,0.005683882116269171,0.017475436053904315,0.0053036839604683,0.0020251712678979925
317.79472831299654,0.0031146906677823718,0.035254451014659176,0.0005374027955276817,0.00036510006917178536,0.011332409527681952,0.02502209450300415,0.00024507086544121913,0.00010954317833046951,0.03023958628570976,0.0357987796691399,0.001568982479678505,0.0009167861501087229,0.04067587341954291,0.03686146638659116,0.0039787146635872185,0.0024925378051336264,0.005783905512652612,0.017528534230276855,0.005301800975086276,0.0020238800786444937
317.69377700158833,0.0031265451911043625,0.0352497937522372,0.0005370353763506912,0.0003647173921118002,0.011009539565368815,0.025360939323929868,0.0002396940105509058,0.00010589604620645009,0.01889700815414657,0.006005423489123088,0.0017009830142441836,0.0005239896754571361,0.024767332840694413,0.035627028692210266,0.004154074915285244,0.002116358389838555,0.005698323925706567,0.01736357822701599,0.005300192586895883,0.002024014009074296
317.59288980660534,0.0031857337122247666,0.03520657560137456,0.0005346216741878631,0.0003635392464222395,0.011405670207363976,0.025278278082505653,0.00023995740925400865,0.00010211623947596579,0.009877483471370359,0.016859904640904307,0.0019323156062895403,0.0005929983507616624,0.009461067530384249,0.022260185764211664,0.004353768521375337,0.002303952760048137,0.005794710946641053,0.017377186920560526,0.005298769855036238,0.0020227526611874646
317.4920666669842,0.00316865288305945,0.03498694921668098,0.0005341077449525727,0.00036305887499638517,0.011011954240151386,0.02522620231412123,0.0002431953031990063,9.800496313344974e-05,0.011195399793346387,0.022561824549745143,0.002156922213682432,0.0005191023082178383,0.004535734166622226,0.017153471605133135,0.004553728065924528,0.0022486735356532965,0.005804410648154677,0.017447596212730166,0.0052983579439669385,0.0020235763164611147
317.3913075217392,0.002920407312392335,0.03517111479156535,0.0005335162663563883,0.00036182941367155386,0.011455183027882237,0.02549100319496379,0.0002504631572693033,0.00010051751711271749,0.007920519018247144,0.027067049821855208,0.00198279175418106,0.0007956669368808556,0.011953995055124105,0.0052419570843384306,0.004322309894379602,0.002498045825524825,0.005782280276499843,0.017462719374115084,0.005297277817106778,0.0020228511732409697
317.29061230996194,0.0030840730178632253,0.035149168769944825,0.0005358414010256294,0.00036245741031253525,0.01124574684269076,0.025097454015318273,0.00024609590090909087,0.00010518889710313899,0.013538121938221645,0.01707922698915563,0.0018046766390830524,0.0005731731698379694,0.018992894268746823,0.02503219447887401,0.004180179095589204,0.002235232795011559,0.005672511088976397,0.017483710500364277,0.005295603241448013,0.0020228897472004607
317.18998097082147,0.0030374570564217942,0.035104969376433204,0.0005380291921473358,0.0003645071194421462,0.011374531688737215,0.025474387662914665,0.00024335540666173567,9.866876869504644e-05,0.00948229426792974,0.01797642606373422,0.002160561962217181,0.0006146929559122924,0.010109533066427454,0.022174705451421053,0.0045624177435339055,0.0023544493219828703,0.005771961069298217,0.017369170577233094,0.005294944964430232,0.002020949888587273
317.0894134435638,0.0030986172839005083,0.03516634669469912,0.0005363285050477653,0.00036387844968208577,0.011345609989659722,0.024935513798421762,0.00025320430424506895,0.00010573230088672908,0.003973500579618299,0.027252630976247392,0.0019396901601081906,0.0007200728545510404,0.008224802702491379,0.011343844277968118,0.004233954701430363,0.0023530985443161404,0.0057757253132479595,0.017438261397653754,0.005292616191746515,0.002021542950637577
316.98890966751196,0.003128073517813625,0.03518092280619331,0.0005366342918168689,0.0003629426617978965,0.011256848293135795,0.02523058517455466,0.00023806876797289852,0.00011513363176268845,0.01495110016980528,0.009902271426136172,0.0018066131365419044,0.0007930068027158239,0.016619623049431497,0.029975171356087457,0.004254343138102188,0.002386650743686521,0.00572145444662587,0.017362527959201478,0.00529294665837871,0.002020606039770411
316.88846958206597,0.0031224871107874107,0.03512571359440318,0.0005357285191765484,0.00036368382282876764,0.011123576566525755,0.025052941265712246,0.00024020941538022275,9.760280625182513e-05,0.02209251067271372,0.03342761437069656,0.002053086244900361,0.0005387794620463441,0.01791036761119467,0.027121363110718413,0.004470282233315508,0.0022788744431292115,0.005752103419720611,0.01740245930889525,0.005290654133663591,0.0020206007955886284
316.7880931267026,0.0031061096283049824,0.03505503778811115,0.0005339356566393229,0.0003619990235823708,0.011084469079397115,0.025361429344311057,0.0002452538641223487,0.00010415035058611638,0.01671711532544192,0.037360927689660185,0.0020135529957572167,0.0009122725693341738,0.017882129646902663,0.010705938838135691,0.004381598170320474,0.0025920064897001394,0.00573086185417564,0.01738040950805064,0.0052900816487703875,0.00201993290829499
316.68778024097537,0.0031168967517897312,0.035082018717828366,0.0005372795424530932,0.00036304622206467953,0.011303193252946776,0.025147359147839856,0.00023764109296769463,9.748772749072269e-05,0.0093117556147936,0.034862112822822505,0.0019356875392172537,0.0007780573195196064,0.01454287525536661,0.0025713319048551934,0.0044002933061493546,0.0024688082451974768,0.005764201390898872,0.017541750084247843,0.005289221996953746,0.002019695591407981
316.5875308645141,0.003099940549493535,0.035174898777226904,0.0005359371275872702,0.00036194006441208303,0.011128719923815282,0.02508707295289281,0.0002516505031665019,9.90959468375837e-05,0.01240331599816139,0.03562303273372893,0.0018068700042604784,0.000760888260126621,0.023150454566112824,0.017243672707358233,0.004126317306830358,0.0024323824160328686,0.005612345201056272,0.017365048959692975,0.0052884741356765365,0.002018535905094546
316.48734493702534,0.003122147033678618,0.035128053049802516,0.000536500062854445,0.0003630882201199454,0.011278459153466546,0.025202923173709854,0.00024440720544827816,0.00010454929626954773,0.020950220580130453,0.014521107792224016,0.0018791754684357286,0.0007253807346893982,0.02666574302325087,0.03161751544172387,0.004296436825364445,0.0022842086064980417,0.005721369460677025,0.017361933949287308,0.0052877965385714955,0.0020190645457522547
316.3872223982917,0.0031014722670118047,0.03504999515231081,0.0005357929096980044,0.00036144662139697193,0.011044772079661947,0.02515391647861986,0.00024633791501968275,0.00010297025103440214,0.01863708753001053,0.01050059096166694,0.0018459151250970528,0.0004959141296445286,0.016608198200917926,0.028634025652629437,0.004205024357551517,0.0021404824654013307,0.005713088157607009,0.017434579919992362,0.005286387203233755,0.0020186822300210278
316.2871631881721,0.002984697149864,0.03516072890984247,0.0005346751675893702,0.0003610102679073418,0.0113238973914136,0.02510817038731004,0.0002492280891159148,9.658072166260702e-05,0.012451767157448662,0.017237985025961123,0.0021656723386219725,0.00029895313680225,0.0107128038546322,0.02429528186029388,0.004501400725943717,0.002058909279323121,0.005800443190910506,0.017394362522603155,0.005284485243559446,0.002018097761562322
316.1871672466014,0.0030383396411168906,0.035044809880208146,0.0005338376588631463,0.0003620334333951683,0.01113509590137069,0.024901460073568395,0.000246648257674521,0.00010925861510400993,0.01819830029488553,0.030526404970851663,0.0020095140333115263,0.0007679303912356169,0.01323136210706104,0.022511725364091573,0.004347973473504081,0.0023872857963154782,0.0056921399474094215,0.017436906117124076,0.005283875631193193,0.0020173895715018845
316.08723451359043,0.0031479698513740915,0.03495431423294173,0.0005351717019027391,0.00036298398036346477,0.010828042877823595,0.025245687696966165,0.00024380064244749184,0.00010710628154267824,0.01425067148977485,0.031548832392008515,0.0022116878244833214,0.0006932169589929123,0.010085179869118829,0.009495005728134031,0.004606194083190936,0.002331944180415184,0.005821967149780058,0.017389651495470136,0.005282682928083866,0.0020169098485082314
315.987364929226,0.0031068350073655323,0.03506481309714236,0.0005358357265142449,0.00036261372290765005,0.011249693835553127,0.025165711323571736,0.00024137484443325881,9.989541632459183e-05,0.0058939124421781165,0.03034487828250545,0.001963600527906251,0.0007060216865857875,0.005070685259734933,0.008477911230296294,0.0043408871234879715,0.002404419269694634,0.005716057821212254,0.01748572933552203,0.0052816858061319645,0.0020156344836535427
315.8875584336703,0.0031757597282170984,0.035088659842065106,0.0005332370355540238,0.0003621293582639927,0.010967260669257706,0.02521671303739681,0.00024531104808800066,0.0001018877626293218,0.011688885788351958,0.03591848973550343,0.001914913180719432,0.0007825369055567785,0.014303779951942971,0.0036226869422620513,0.0043093495678925165,0.002430318494328822,0.0056985789335673555,0.01729008500679605,0.005280563010240687,0.0020154520731417865
315.7878149671614,0.003128878132716783,0.03498683374137382,0.0005363270363706103,0.00035971134061346736,0.011358920705243811,0.025218117523787,0.00024551465797053364,0.00010298364400258211,0.008894085404851737,0.026568103629364397,0.002151355363499793,0.0006674970511634244,0.014728531429993613,0.012460013626342317,0.004519577552539554,0.002340411156231843,0.00574141424497184,0.017429820427082986,0.005279505715141275,0.002016154479034019
315.6881344700127,0.0031210157365813653,0.03497807745578403,0.0005354883736587498,0.00036166793261477136,0.011189988030590453,0.02489823336006015,0.00024246814784331295,0.00010167104445145102,0.004525891855615638,0.026215856941170405,0.0018216206002437095,0.0007232760694128902,0.008756474355449134,0.012292865467782861,0.004196070499040702,0.0024020254706845724,0.005716028767315581,0.017313517497868497,0.005278225064247149,0.0020164829869200075
315.58851688261285,0.0032526060681712723,0.03517036132164845,0.0005368515060060569,0.00036128478971050534,0.010861823758765245,0.025275074740627276,0.0002543897005057085,0.00010281538998858296,0.0025565077216821853,0.019156735953298327,0.002178909347266543,0.0005310135283880968,0.00884569417021155,0.01604505275628884,0.004489826994349584,0.002157245170925397,0.005764630482655515,0.01747884587914819,0.005276761741514937,0.0020149996238679473
315.4889621454259,0.00320208092266824,0.03489148996762824,0.0005354487003555141,0.0003637298687596582,0.011073207261131087,0.02497600791288672,0.0002475985858185446,0.0001157088933954083,0.011052625926128377,0.0279236641828539,0.0021836529106567704,0.0007972389172188958,0.0049926431318367635,0.016689458217318976,0.004502174668119048,0.0023676890061947622,0.0056029723158964595,0.01734512700483259,0.005276699742252552,0.0020143288675482135
315.3894701989909,0.0031564752335244773,0.034900610433235967,0.00053307044880217,0.0003613039076574406,0.011145075669076724,0.025317518916523573,0.0002364780414692464,0.00010327689461820478,0.01505059709082899,0.035051803945261285,0.0020451950554117044,0.0007158423398413979,0.017811883390665785,0.00586924810362434,0.004463229992467503,0.00235663375887232,0.005765634151273431,0.017381990218165014,0.0052743800594728316,0.0020132742908046254
315.29004098392187,0.0031134641848956424,0.034828498204237245,0.0005347437759827113,0.000361169902938884,0.011331857779984203,0.025075368402743013,0.000244760018986181,9.345443653604797e-05,0.010595163034858647,0.025718829233243472,0.0019708303881845503,0.000870534949969264,0.016813632147899066,0.015244970698142703,0.0043474257063190955,0.002619391859380813,0.005661060895169677,0.017373452976978333,0.005274632651235821,0.002013720417867785
315.1906744409077,0.002996880663171722,0.03492419964479647,0.0005342914287638905,0.0003610707953315361,0.010847213843057044,0.02516094752602725,0.0002471341865543449,0.00010030635436377193,0.003605833842941869,0.02724533178560971,0.00192902002495198,0.0006528905821525212,0.01500778626331611,0.01309021329382918,0.004276918838801181,0.0023125041427903416,0.005757067590222495,0.01732032744823768,0.005272168533866255,0.0020129806497010566
315.09137051071207,0.00306458305242275,0.03501190149672619,0.0005355693498345736,0.0003593425835640935,0.011221990450437506,0.025412985433740872,0.00024206910570294396,9.35009439532646e-05,0.017015984362041943,0.01098930980477087,0.001737549190757206,0.0006629137111104552,0.02436114533626144,0.029622214941403158,0.004138048588216702,0.0023841942741627984,0.005671416079841116,0.017350665510356425,0.005271425916310189,0.0020131102919771038
314.99212913417324,0.0029751161265688607,0.03494234609137313,0.0005339318356474102,0.00036188188440933286,0.011403880759467723,0.024940359723710198,0.0002530779635911173,9.83366898023749e-05,0.01023378175768872,0.018636031041665238,0.001993393281846079,0.0004074951082371245,0.010362467407401692,0.023909590346621698,0.004284040300058592,0.00213006535540183,0.005762481155045287,0.01730351868179347,0.005270160916016932,0.0020123344634439978
314.8929502522041,0.0031283367698514302,0.03493804851370994,0.0005338919614696849,0.0003611778326641505,0.01095136803698174,0.024899601358739337,0.00024448894073816413,0.00011036095744933086,0.010276584515857543,0.019006023463578856,0.001867505060965542,0.0006554350974432312,0.011749100548316661,0.01984199698809696,0.004235177454165218,0.002244767847522854,0.005632723091418062,0.017442274329215492,0.005269750614261594,0.00201137038845381
314.7938338057917,0.002979604972398418,0.03485009587676484,0.0005339539385342008,0.00036212595776265123,0.011071089116040626,0.02492978452691753,0.00024092934678121073,9.974262812435854e-05,0.021518203470972448,0.019390727622477885,0.001905637469357938,0.00044409897691310903,0.01755489828709155,0.027567087171511608,0.004276504509013339,0.002187773946612449,0.0057433274339034794,0.017279335837211883,0.0052684644320423425,0.0020111323264300662
314.69477973599754,0.003061017477671642,0.03489580580078422,0.0005323540091910654,0.0003604303567374686,0.011037059664030912,0.02512803272720966,0.0002476962643675987,0.00010385288760129327,0.010201255425165836,0.030371770715849754,0.0021243056671731595,0.0007569430886812673,0.005763584287322801,0.009213384859055079,0.004420140805920183,0.0023877488439974733,0.00568852511802578,0.01735284452121583,0.005267147048556918,0.002010670591661188
314.5957879839573,0.002945277212095258,0.034912634226027486,0.0005332604014350665,0.0003614027562449012,0.011131997415074686,0.025101051107582543,0.00024301874998917,0.0001000278278225132,0.00878523661648987,0.025657488601054393,0.0020490339723093914,0.0008518019858089171,0.003762744864917983,0.012973657473656086,0.0044189371037137905,0.0025481031301117832,0.0057010074697828915,0.017267213464456303,0.005266835804113988,0.0020098673355300324
314.4968584908806,0.003069231731559497,0.03522527215177682,0.0005353180484710155,0.000358381648858762,0.011071040838590769,0.025032840663986453,0.000249619891051037,0.0001044764144538165,0.01179020276548342,0.035875215926415696,0.001844796940042933,0.0006615033627610485,0.014162893533730216,0.003486937791857958,0.004154959476619705,0.0023097629444397104,0.005751037368801462,0.017425704727612637,0.005264544345346025,0.002011013472120195
314.397991198051,0.0027468708123514892,0.0351364160734327,0.0005324422581308973,0.00036074855605590036,0.011086955933125022,0.024860620288583445,0.0002397491857424146,0.00011329968290836144,0.009640540173112595,0.021222114583076813,0.001952889857941681,0.0008383948384798928,0.015665161535327463,0.020162275154833195,0.004350824977437501,0.002436339661187672,0.0056333301716437615,0.017331138195358628,0.005263398098300514,0.0020090913625187786
314.2991860468259,0.0029627965190114703,0.03541114053268744,0.0005346231658602949,0.00036406360014705247,0.010749926320403464,0.024989381604955768,0.00022969524384175666,0.00010292365685237476,0.01264202764138767,0.024605869457282013,0.0019415882843376816,0.0008245328728300234,0.002854770234932905,0.013162917063584348,0.0044523238805742335,0.0024579722070218516,0.005776833968941129,0.017339931658075604,0.005262847301572475,0.0020091828372700623
314.20044297863654,0.003208060883948479,0.03504226365335689,0.0005514159787165728,0.00037268461631007955,0.010980131393459061,0.024691094219073353,0.00024409165040923883,9.573320697678701e-05,0.005463299416978764,0.027604158418922345,0.0018575986139488722,0.0006959388062445381,0.012630826891581105,0.013534277894722531,0.004202206380508387,0.0024528951491120583,0.005649808032134261,0.017324129316240236,0.005261926998031621,0.0020095467094754355
314.10176193498745,0.0031007100110548623,0.035128005128003306,0.0005267910180047987,0.0003597375318788428,0.010741382411589489,0.02472853799123001,0.00024991941822607723,9.905815624808585e-05,0.017189954590790545,0.02539338056752751,0.0021649139753733265,0.0005143153523857545,0.0074879601497389835,0.018150089341593956,0.004489033123313504,0.002197381870676827,0.005778859679974211,0.017250557541891615,0.0052598221126837034,0.002007469160581193
314.0031428574569,0.0032759043945235792,0.03488701016135667,0.0005300620724189635,0.00036086969690299906,0.010875433726436602,0.024984938771934997,0.00024762540117669453,9.996635979156113e-05,0.005062612179505746,0.03036489743624412,0.0017037277929143081,0.000641677392060471,0.013872657218625056,0.0064789174040261474,0.004035699249259006,0.0023281883413550143,0.005599030383650832,0.017318018952132145,0.0052596525502407775,0.0020090146985291724
313.9045856876962,0.0027354277313899407,0.035083537696953083,0.0005296532805511897,0.0003555349060888054,0.010911274408115743,0.024984364044962504,0.0002473458025861098,0.00010642456258840378,0.01148493834084448,0.019307890512837305,0.0019104568446640302,0.0004998695877402501,0.006849939757809953,0.01814774667987499,0.004228254377870081,0.002145300584845094,0.0056534366367121,0.01722027269415428,0.005257629744925887,0.00200626999638573
313.8060903674302,0.003298525388854584,0.035267187349285675,0.0005262075012845915,0.00035727649932509246,0.01081425024058333,0.025075446162033544,0.00024405241737871956,0.00010509465231350105,0.011036853988661565,0.0337385622285686,0.0020310477223658917,0.000872326406007598,0.012785839551061844,0.0026521131313321116,0.004387956536792874,0.002533919155381376,0.005665234301352569,0.017422296760447334,0.005257418145719512,0.0020075775074449432
313.7076568384567,0.002885150065432366,0.034747239640415685,0.000538556095013062,0.0003583713817105384,0.011060097641928238,0.024752315551823476,0.0002348700870647362,0.00010652280694968026,0.011477671699062256,0.02185894389142266,0.001809869672138621,0.000710283682394103,0.017101682038546465,0.021506791043793265,0.004276768302405796,0.00224557716426986,0.005742786188907011,0.017264951503393702,0.005255691308528447,0.002005850807973502
313.60928504264666,0.003218192873798363,0.03555738827231088,0.0005328068751673469,0.0003597429252208857,0.010992267304566782,0.024747446083739015,0.00023192984200322959,9.114270393799331e-05,0.009648706388061196,0.026784886973673473,0.0018329992633858876,0.00043005392747885176,0.003337822436828718,0.013628474052426738,0.00427809904724695,0.002201613835785381,0.005658439769351002,0.017422312480302377,0.005255329481343295,0.002007128455870104
313.5109749219436,0.003700559185330185,0.03486856287376526,0.0005342433567348998,0.00036133935702991336,0.010676724160567403,0.025193053128722928,0.0002482753419762349,9.147660230132034e-05,0.003866842460485177,0.021415385483717787,0.002058359846957952,0.0006141763900691989,0.010731137373227598,0.013117735088231134,0.0043651766911661114,0.0023971370482428816,0.005635244476318604,0.01711699584045284,0.0052545138769541115,0.0020050917690967365
313.4127264183642,0.003291547841613689,0.03502139674896621,0.0005337040437033233,0.0003603268589858067,0.010861647825763853,0.02499265014920446,0.00024844435924245887,0.00010091116803286984,0.014049020987911236,0.023882273209771456,0.002035385081580706,0.0006112395250582141,0.007191343004175768,0.018044248176634234,0.0043383523234022305,0.002316932362843218,0.005714573469093126,0.017311130763917878,0.005253591668785633,0.0020059905186903437
313.3145394739975,0.0032896013774788803,0.03450264644037939,0.0005257279828287388,0.0003545967863432654,0.010746346171143766,0.02502238990822961,0.00025341031172035664,0.0001032595787202577,0.007122426558763609,0.0327312159336852,0.0021765165846103214,0.0007389326043292431,0.01044706669478886,0.0023421372483781212,0.004451684377238046,0.0024105158601754866,0.005704743020860687,0.017197006000240548,0.005252070486350913,0.0020048950354647184
313.2164140310054,0.0028733416890224135,0.03485612407460942,0.0005299966209297989,0.0003579207373860301,0.010833763080664045,0.02498823035346852,0.00024679350868441776,0.00010664704711108144,0.0088063007049659,0.025062282474161646,0.0022696344524824356,0.0006744961729027058,0.0017184607892734324,0.010906681431759787,0.00460325674350214,0.0023132231252953133,0.005859534229798784,0.01730216043779747,0.005251072121908782,0.00200587181928526
313.11835003162184,0.0030288415376592067,0.035169829742165065,0.0005329772069676105,0.00035873120284494846,0.010863051257632525,0.025096797109927148,0.00024349854256642566,0.00010128285949218044,0.012304621618053794,0.03490274916346248,0.002124861119285414,0.0008028772965106004,0.01985030991880714,0.007347629758188389,0.00446378626370669,0.002433037718620926,0.005623933193965563,0.017307672601713956,0.005249192286940355,0.0020044719613074346
313.0203474181534,0.0032202973532611786,0.03506179411794166,0.0005280924345657948,0.0003598006220383304,0.01091934939198047,0.024895428262160037,0.0002460078394884592,0.00010787858247240637,0.011435596603714182,0.020560750835860415,0.00164746216256081,0.0006201299668384691,0.019345802431994397,0.022745210950666603,0.003964180877292537,0.002217071604544981,0.005759753356490706,0.01735054392369628,0.005248680207328792,0.00200354003498518
312.9224061329788,0.0034293023403922846,0.034490908073323855,0.0005302174700583686,0.0003586859989029733,0.011021130552265706,0.025185223292221934,0.00023735694337368468,0.00010346525308028789,0.002566122255430808,0.023348018697274608,0.001985489499593788,0.0008051723394323278,0.004603416476804973,0.01058298665076115,0.004386123394135019,0.002497491639989582,0.0055724273255547425,0.01726685763438855,0.00524762084877309,0.00200233178595277
312.82452611854865,0.002793852577075255,0.036108766975610614,0.0005329556697161634,0.00035671103449831713,0.011154761232837254,0.024542345410591967,0.00024310820782274075,9.609068043198865e-05,0.011699555265887026,0.023195699079096774,0.001827420441648653,0.0009793855729915686,0.018623929740960873,0.021014538819343606,0.004194245817352106,0.002670668658610566,0.00583678978981915,0.01726217580842865,0.005246661995033796,0.002001599673220897
312.72670731738594,0.002013833553540173,0.035032705175685096,0.0005319971874716094,0.0003582842681600627,0.01100956124205118,0.024977538055473626,0.0002497169347832306,8.757072888390109e-05,0.016029055172389138,0.016806064779249903,0.0020929468932314003,0.0004929205035910117,0.011155770156070806,0.02316919450503655,0.004415093101068641,0.0022595893769911807,0.005618216252164808,0.017364455620016678,0.005245520140206972,0.0020035884059049556
312.62894967208507,0.003284701951460437,0.03464401770795813,0.0005329437758640788,0.00035720799113409863,0.011025237190844065,0.024900650946328626,0.000237429313337637,9.909170364197528e-05,0.00040021243274013365,0.027063889966724215,0.0018871867733407878,0.0006168921649014312,0.00734016646462646,0.009182185628025875,0.004303685876554132,0.0023111240227145493,0.00568540524980237,0.017229928547303066,0.005245143850475028,0.00200251762409716
312.53125312531256,0.002938103206975062,0.034783876714977055,0.0005327561404962548,0.00035987976471776086,0.010765136898033533,0.024960242478535316,0.00024057533171558415,0.00010667111061126905,0.013780755263689931,0.018527215076158,0.0018785601008583566,0.0005618399622773566,0.007682399726531143,0.02013158375562869,0.004274199258587784,0.0021765626959835676,0.005726469501727873,0.01737848329716641,0.005243173614794004,0.0020031515342248565
312.43361761980634,0.003411538837615487,0.03476561954301137,0.0005310109402159673,0.0003585589231576466,0.010786337358085176,0.02487026474897645,0.00023730500903663477,0.00010742686198784803,0.009178437731216915,0.03467541177868014,0.0021949504717165853,0.0005583333822326439,0.010801770309070709,0.0028514036712358327,0.004592560866484136,0.002163320254823887,0.005610167353479606,0.01721606188189624,0.005241539355362871,0.002000075364777973
312.3360430983761,0.003237605972165641,0.03459792661327639,0.0005301585601351428,0.0003569483842498884,0.01078229256678046,0.024887587958081513,0.00024193568817098613,0.00010087918419606702,0.008034262518536563,0.020676599252243317,0.0019468723967080211,0.0007922603964724382,0.011143124134264422,0.017428380050495317,0.004303417719207487,0.002439523207404687,0.005708224402515043,0.017295111833220717,0.005240603892981016,0.002000097378147221
312.23852950390267,0.002943402797105321,0.03469160720652136,0.0005314187031770011,0.0003584033296048022,0.010697296305320552,0.02481079526092831,0.0002460682657559605,9.842210005608863e-05,0.011123187606744238,0.029263037781427616,0.001990856562023936,0.0006713765645592736,0.003959552785867775,0.00827001983295487,0.0043445137681538196,0.0022939707187270885,0.005581766809981202,0.017265391756719782,0.005240211309026038,0.001999610174041178
312.1410767793384,0.0031910727497448813,0.03487945489336009,0.0005318213847546818,0.00035761874720074196,0.01087338944182288,0.024700797435832835,0.00024587657079137073,0.00010077994623330965,0.005593042674146028,0.02474612496072088,0.0018211257687169437,0.00043573150785604733,0.012227179471787935,0.0150339817290831,0.00412271071517536,0.0021054838612974943,0.005741733550364383,0.017260553069298232,0.005238876832923418,0.002000640983144754
312.04368486770676,0.003218204650076195,0.03467335436225953,0.0005302821741917206,0.000358033606739853,0.010811878753852958,0.02505568409741624,0.00024109925637910907,0.00010040496786728978,0.009731398245042466,0.021692107140656988,0.0020542621225380143,0.0005872938427475009,0.0022200204778061003,0.014253968954233849,0.004401222986826517,0.002254388948065668,0.005611835561815869,0.017241785489212652,0.0052376203937528065,0.0020001726445083236
311.94635371210234,0.0029280798152371977,0.0346363814742091,0.0005306168460472864,0.00035772540362341543,0.01065224072180751,0.02485270961266872,0.00024020744737071633,9.574064585081489e-05,0.003558135477210069,0.026175048395440038,0.0018788698873013672,0.0007225957939969133,0.009285891335462641,0.011850802210781337,0.0042533277606661085,0.00242032160013901,0.005701070774790239,0.017252109250655342,0.0052367392035090376,0.001999053936556019
311.84908325569074,0.0029674845230907446,0.03486356116127461,0.0005310781884173768,0.00035800931027662374,0.01062582447212596,0.024855153582292316,0.0002495453754844395,9.117449954311315e-05,0.013831006902887731,0.021884553170663963,0.0017736153513550617,0.0004937899440839942,0.0036487390576732154,0.016463179546130555,0.004043247877593791,0.0022521090448222526,0.005558814297934872,0.017265684061677094,0.00523634234909406,0.0019994106924675014
311.75187344170826,0.003156983696573602,0.03480002943851,0.0005315576586843758,0.0003573661793475449,0.010962632514556163,0.024921366231528023,0.0002506543794305836,0.00010055223030970334,0.007799925798788721,0.03175172938169709,0.0018225518659032876,0.0008245536894972424,0.013033218220049698,0.003180934581289414,0.004074624429250646,0.002493297534888554,0.00568719957169787,0.01727341808148582,0.005234232769161273,0.0019979494954232247
311.6547242134622,0.003060288021681101,0.03482666056102384,0.0005319524623314121,0.00035338903904270544,0.010774260274913827,0.02471908832266075,0.00025038256693284215,0.00010235127739088311,0.008397497890411823,0.02265602901190083,0.0017735629655844481,0.0006473852944768893,0.00951258891292814,0.015908602353135296,0.004052768398842455,0.0023244393179834752,0.005638804446121366,0.01731558427382398,0.005234045224802715,0.0019985990617302075
311.55763551433023,0.0030519843904562058,0.03479321252421482,0.0005289186090938865,0.00035479664085878086,0.010654398096334448,0.024680396848649956,0.0002477953946972171,0.00011122036568828416,0.003981285854173942,0.03021712003996291,0.002192376874767329,0.0006308482970958425,0.00847078254085963,0.00787376752348709,0.004473030359284315,0.0022279109116253785,0.0056605448482864645,0.017207467411886012,0.005231878782569631,0.001997172851060003
311.46060728776087,0.0031428968282773764,0.034808276083668044,0.0005300003672968999,0.0003536975849528326,0.010630752336375105,0.02488245117059584,0.0002428181975100343,0.0001044948124126493,0.010803232870998054,0.015008967517437797,0.0022094802503394542,0.0007002523472112632,0.01720545463352355,0.023792996133184457,0.00452354254188501,0.0023073541414767385,0.005658018131753668,0.017299236618777115,0.005231987560781866,0.0019970138174873818
311.3636394772728,0.0031183790738265093,0.03468084901273449,0.0005276753839812147,0.00035687566069270404,0.0107192167733608,0.025176299325346763,0.00024011279179743,0.00010746981918751056,0.014859430219598279,0.020159418767561294,0.0018556330075217063,0.001052896883326528,0.007561961370981032,0.018272153887665888,0.004176608039730861,0.0026572958525982494,0.005623862634314639,0.017196860320057118,0.005229771474153331,0.00199594315240383
311.2667320264551,0.003056926602815326,0.03475868264039244,0.0005350422491237912,0.0003486710921586591,0.01094488619242081,0.02512264653365584,0.00023205042678993906,0.00010161671291511606,0.004917046272228206,0.022696406414155147,0.0018508977302779403,0.0010255369969281928,0.0027251488704686942,0.010000068707413497,0.004330511551213777,0.0026536933258807026,0.0057073583014827295,0.01728093886532299,0.005229975948563591,0.0019971355404188136
311.1698848789671,0.0030830203664955814,0.034785501268085356,0.0005408719463150354,0.00035467105724454253,0.01085172483617839,0.024993488643498107,0.0002375158906331049,0.00010023426302121417,0.01252477919255103,0.02666609124581083,0.0017581007478489582,0.0004626671341558886,0.006521495907495123,0.011517915446492076,0.004145453850077851,0.0021095318727970304,0.005595820138706184,0.017236769391634797,0.005228826387372664,0.0019963317805845367
311.07309797853816,0.0030968180706588714,0.03474299806787171,0.0005198135729129285,0.000353753487392534,0.010810177447755948,0.0245525669434369,0.0002403518279781304,9.899393458986168e-05,0.0037129788890678363,0.03660238268583575,0.0018264881577231078,0.0008530421793020168,0.015002630565694973,0.00602393473546676,0.004197140330345039,0.0025491410370562725,0.005723758029644874,0.017251333458026985,0.005228420682621826,0.0019962380516040153
310.97637126896774,0.003011951511353163,0.034773304358347294,0.0005268635454296601,0.0003604769368055938,0.010924078509549092,0.024682956862372547,0.00024715624203634507,9.619349327005317e-05,0.005169071204160978,0.02330548565810383,0.0019082814308932358,0.000654018333922687,0.007473035310809942,0.014555892065790936,0.004236375322624252,0.0023522288715501914,0.005634240655577841,0.017249384487004825,0.005224946750429119,0.0019953194044826797
310.879704694125,0.0030947119545762384,0.03483099832231821,0.0005323024508078541,0.0003520493011849368,0.010770595935793426,0.024952051039078667,0.0002487402873705333,0.00010359723304807021,0.0044920596169383915,0.02817801787156674,0.0018897225046913815,0.0006190832469750297,0.00953995191838156,0.005514103953390443,0.004159225955152555,0.0022930832173777838,0.005752929376557118,0.017189151664428224,0.005224311445640043,0.0019958168235103234
310.7830981979491,0.003185651869891641,0.0346955310830237,0.0005863997898633433,0.00037286998629632853,0.010612110496303083,0.024902377014707856,0.00022475434587435777,0.00011098568870279828,0.005738868594491373,0.020084181495889766,0.0020120583223867164,0.0008119334624894948,0.01046538377173674,0.017433213413506773,0.004460047094731491,0.002387173406594552,0.005622786682979851,0.01726881682015369,0.005222470946381057,0.0019927216849868878
310.68655172444863,0.0031051663805707016,0.0347289441622018,0.0005257346010028708,0.0003495557315563567,0.010849475149465982,0.02520366857082732,0.00023507291654169574,9.442504318372353e-05,0.007666468710695144,0.022642967566288117,0.0018482379807941022,0.0005605003073151173,0.0029318188324449,0.00955464909739142,0.004269067306105341,0.002259619926170928,0.005665232566583739,0.017249621621851695,0.00522364858176233,0.0019934830156194444
310.5900652177019,0.003179329816628074,0.034601816748544595,0.0005320552393228785,0.0003477038180363701,0.010476110028220204,0.025001781561802393,0.00024215498224643538,9.26134492791976e-05,0.0041474776065275765,0.026385974515983263,0.002333766216120523,0.000457574664568075,0.010032166187243778,0.010585456899141433,0.004679265093606964,0.0022011363707819484,0.005635374540403489,0.01729259664467869,0.005222708342137651,0.0019915778788063498
310.49363862185663,0.003051423154703302,0.03471179290571774,0.0005257625156002498,0.00035280767671156803,0.011196799882023151,0.02492139805042807,0.0002457172820418013,0.00010083542589327839,0.0005207963885990407,0.022230758040603055,0.002115546303088164,0.0005903989049282892,0.004205377148650662,0.012111341523403724,0.004425555361981796,0.0022283447463235426,0.005638948753702176,0.017165410891848837,0.005223397861957978,0.0019957763388594504
310.39727188112977,0.00320232377341413,0.03470274816657586,0.0005282291144061647,0.0003583828707991342,0.010682204938743514,0.02501907393416829,0.0002347299246854608,0.00010260865206639364,0.006770051907392084,0.026193088935398134,0.001890855236912269,0.0005526891008034171,0.011573908039442433,0.009488262089612716,0.004305311713641177,0.0022057836432312653,0.005699156715778163,0.017249129592043447,0.0052183972689119505,0.0019927345638170147
310.30096493980767,0.003046875251031455,0.034591593221690864,0.000529052042409326,0.0003566429287404077,0.010594560535256764,0.024259812613273715,0.00024059835964957143,9.211241510210356e-05,0.013779798243168736,0.02574478090113717,0.0020654163820312808,0.00047731199190998287,0.010369427818430076,0.018732789382702543,0.004405188383357532,0.002214873545884405,0.005594473753205933,0.0171629349851721,0.005218999848867239,0.0019951260164885144
310.20471774224575,0.00315932762537524,0.034771708999089296,0.0005291715782504689,0.0003579118800302373,0.011092966842841364,0.024962030502127655,0.0002467306719181421,0.00010388864112190764,0.002148711425700143,0.01835812941627656,0.001955153687199901,0.0009413551123939604,0.00652833249527993,0.015625682063458456,0.004218017595795349,0.002548733195687591,0.005633224108407263,0.01726951611585514,0.0052159700058914266,0.0019882782421885774
310.10853023286825,0.0032671718550966356,0.03456823209560659,0.0005289667206940869,0.00035730916681137146,0.010739416761914759,0.024829393232795254,0.0002408337493216329,0.00010215336855458982,0.00866468837530905,0.017581140388474047,0.0018368633961718156,0.0009348098653424636,0.00748324409974229,0.019285034818499046,0.004189359696718569,0.0026133793468561847,0.005573349968803355,0.017196872600840022,0.005219913624683972,0.001995274585613036
310.01240235616865,0.0031518522992303086,0.034543185364931166,0.000528924591181461,0.0003572726906748304,0.0109355242966891,0.024845189203444768,0.0002461883569828525,9.99665534001417e-05,0.008380524419341704,0.027022856456638492,0.002208276458446081,0.0008081904634575068,0.0024194008678737056,0.010506650959946172,0.004544441327685779,0.0024630041161389504,0.005667777566716815,0.017272543548033665,0.005213942138287852,0.0019898842241380618
309.91633405670905,0.003110646781039459,0.034532979630384195,0.0005295203669915872,0.0003504441429978134,0.011081263994114781,0.025001910454675695,0.00023377029685421532,0.00010643995866072225,0.0018458590910746893,0.023307357243281104,0.0018599564020062855,0.0004934868260705557,0.006923498992565021,0.010028275682711115,0.004250400417247575,0.002077021327634461,0.005636584205011707,0.01722784090603369,0.00521429732800101,0.001994507936824888
309.8203252791202,0.0030502974708344678,0.034562056497474895,0.0005232039871016358,0.0003521339616788892,0.011341611706501676,0.024921337141912334,0.00023166917744568694,9.739887909023582e-05,0.0010838966447216842,0.021411184694669273,0.0016835384067298892,0.0008645151752033312,0.0036700191104667036,0.013453145106915925,0.004094514439138668,0.0025610440318920066,0.0056873271088402465,0.017237835641673555,0.005209345385259374,0.0019826032417646915
309.72437596810164,0.003128957390407608,0.034649569012569256,0.0005290533165192761,0.00035453087041518576,0.010458458764347955,0.025051783878359084,0.00025022822959405136,8.15861671631239e-05,0.011097737016193524,0.022452598008769382,0.0017587204027706095,0.000602851154744815,0.003956509729495895,0.009693878195778303,0.004043570638213189,0.0024209411353216213,0.005616241759475887,0.0172127719670306,0.005218100718282936,0.0019901722551947908
309.6284860684211,0.003143146393772478,0.03459044133212247,0.000524866132469701,0.00035582112997214685,0.010661332711490926,0.024534341245861808,0.0002542614013808847,9.383825025731988e-05,0.004614886710236466,0.02895094172263887,0.0020606312938842475,0.0006174610238946186,0.007708079141471283,0.008955517516933126,0.004283236416663294,0.0023858888067940904,0.005579068540830108,0.01719254591037659,0.005215669171357411,0.0019877150530898573
309.5326555249149,0.003200397980610444,0.034478830136845884,0.0005262306928462701,0.0003548273759537026,0.011135510560426352,0.024908826211568667,0.0002525448670450158,0.00010990994428239489,0.003493104364193381,0.022842367885302174,0.0021230773184908623,0.0008226668381034305,0.009145083727991695,0.012110605587376673,0.004357635055868906,0.0023930635818736217,0.005539187795349757,0.017218166016730593,0.005217881233234185,0.001999956047034399
309.43688428248765,0.0032261593104044566,0.03483776081413226,0.0005283957089315171,0.000353313689176365,0.010759435282644903,0.024888240743940287,0.0002374604149064919,0.0001047994564348786,0.005872833104826955,0.01803021988849188,0.0016932374915760542,0.0006662702703483536,0.005069437162071281,0.016219889842528618,0.004054193352762621,0.0022889246318138,0.0056229410941498175,0.017211442342063465,0.005200824875628464,0.0019928375474104836
309.34117228611206,0.00300802008084311,0.034688335787840495,0.0005287522662727054,0.00035624092539279155,0.011123927785741013,0.025135494998496297,0.0002430913556871477,0.00010261357320323796,0.004473211324107893,0.021278032256522975,0.001955498901684955,0.0008600822596964901,0.003609810189226552,0.009784462040369432,0.0042732009387736105,0.0025391526485208558,0.005562222652390563,0.017268458682356783,0.00520403706487052,0.0019899554658856207
309.24551948082876,0.00315203797066285,0.034592692598398395,0.000528380356108421,0.0003561915432466126,0.010508969123832706,0.025111496198106504,0.00024492984409217784,0.0001136830306347138,0.009611658379687686,0.018001020097521244,0.0019431938006326723,0.0007314184924510387,0.002712017959430682,0.013367755940389237,0.0042579371561227205,0.0022334731128224555,0.005630083948772137,0.01721435605618405,0.005200845760093775,0.001981013020371797
309.1499258117466,0.0029750283739502395,0.034549570209770335,0.000527328403843309,0.0003578518689849248,0.010688338986165618,0.025090630798883143,0.00023166621198470434,0.00010743033618361778,0.007243342187194241,0.023375519267612367,0.0017020000736770013,0.0007029004329722195,0.0061424779891562165,0.007329321528003045,0.004121347764773052,0.0023235559373661757,0.005605615993886055,0.017243276499395697,0.005213061322407142,0.001984803414808742
309.05439122404204,0.0032437433814161516,0.034476299542731514,0.0005237800896190119,0.00035538955361583786,0.010248377775812868,0.024715147383153863,0.00023488888593396648,0.00010125642329454524,0.007815559849714512,0.023602376236663426,0.0018449890450361688,0.0007975282464242262,0.00819645595627624,0.015472950385145713,0.0042611386737137725,0.0024747428286088116,0.005641052903765548,0.01717998661852692,0.005205843735045717,0.0019898971674192933
308.9589156629596,0.003199313214909351,0.03461541034853956,0.0005255697679650648,0.0003530764004759219,0.010784237126964188,0.024735726052514447,0.00022774591744797123,0.00010433842624025772,0.0073477493463812065,0.025233140767665994,0.001889838037042518,0.0007206778047007198,0.0014868591721450123,0.01091799652802808,0.004389355253707292,0.0022935053289592938,0.005574234100149921,0.017105765340988677,0.005204984370996444,0.0019875219700049808
308.86349907381106,0.0029969627994799655,0.03460729752289418,0.0005272495298413507,0.0003519806193349999,0.010884376097778009,0.025072637431746717,0.0002328914605811482,8.625119751221779e-05,0.004611226168148778,0.020566226661648437,0.0018433391631456435,0.00032040503347590733,0.008374755164875925,0.01127870928695327,0.00425674653461345,0.0021080443501753972,0.0055313902369672815,0.01716000293112072,0.005203518142572773,0.0019872877486469434
308.768141401976,0.0031585983408544574,0.03455817275716288,0.0005265463635770067,0.0003494308660828549,0.01057416819861515,0.024897274255816997,0.0002505889085426726,8.948514149674543e-05,0.00855523567698852,0.019753666955867853,0.001972305555698135,0.0006097735931878422,0.003058782650790063,0.01460640823756996,0.004208452814041523,0.0023638539020878215,0.00553931664417531,0.01711305806632361,0.005203520307278135,0.001985411058916591
308.67284259290125,0.003080320856103862,0.034581663728747304,0.0005260038956173998,0.0003542401091946358,0.01058930589420349,0.02473613943511828,0.0002485917669240248,0.00010309420496958171,0.005786579493592304,0.026237565786562167,0.001987249377938653,0.0007770615550961581,0.00619242265040754,0.008600720964007429,0.004236882121252529,0.0024133258270313913,0.005626113123396026,0.017164816469798966,0.005202442002841884,0.0019880929394967667
308.57760259210124,0.0032175051465332186,0.03428665810571857,0.0005270458114556505,0.00034862655980074763,0.010866172468348907,0.025142031188187003,0.00024806632519961064,0.00010040676774765454,0.00524101774690419,0.01867885941314079,0.0018118895370393979,0.000785657317653402,0.002590691978008606,0.01303327212124664,0.004062917130026026,0.0024457829437557854,0.0055917329954923035,0.01715823694963816,0.0051976431978658,0.0019856597613018283
308.4824213451574,0.002759991844591158,0.0339151753659944,0.0005201033980883794,0.00035088335895370353,0.011048948935495384,0.025024238957952007,0.0002427176142847652,0.00011292533017553126,0.004931395529209983,0.027982995528560227,0.0018911090743700923,0.0009166848953798434,0.00945217335569216,0.004236517696811909,0.004227674573104644,0.00247888354064135,0.005629726238318437,0.01719138091377128,0.005201140125007255,0.0019835586987678585
308.3872987977182,0.003018871258833602,0.03477169610248962,0.0005178483436645006,0.00034567032320154757,0.011019927418106538,0.024880127567517802,0.00023056146776383434,0.00010165021379951713,0.005033498372530326,0.021357209432900526,0.002072520099362614,0.0007127449872559476,0.012566568415668073,0.014792115209454093,0.00450864794174699,0.0023873217055619383,0.00560137418210136,0.0170805909023834,0.005201923676726973,0.001987659172265478
308.2922348954994,0.0029703924896537187,0.034554965111340666,0.0005354003408496538,0.00035548189540675476,0.010523696410845019,0.025138918375292096,0.0002346494602797739,9.206374873615394e-05,0.005712247260766168,0.01687907510352074,0.002147569511816405,0.0007888780937975207,0.00789048581392279,0.014622475737766717,0.004554195297831263,0.002517282488122557,0.005576044369443456,0.01716149793695836,0.005198125691023103,0.001986371764890335
308.19722958428355,0.0029153141807447,0.034367835287600505,0.0005288228948121217,0.0003449713266559288,0.010857792574484977,0.02513100785346139,0.0002444038990431762,9.049195719186483e-05,0.004410583833594697,0.017596288859843434,0.0020310398377404327,0.0005078393894703033,0.006156584518669403,0.013591599229380582,0.004364879192525268,0.002206447709820366,0.0055656462961592885,0.017100892658131545,0.005201488110933312,0.0019794594318641137
308.10228280992,0.0032974127458348912,0.03434072341315259,0.0005372451773490731,0.0003497288279191833,0.010501793925474368,0.024827980882463012,0.00025010011708627336,0.00010193427192677404,0.007759813321979579,0.020093690441277224,0.0019128688375727456,0.0007108975952944001,0.003946911936919888,0.01449172558319609,0.00412523680031025,0.002330063675814992,0.005584851664447242,0.01714422900224964,0.005193318201503353,0.001983851457132903
308.00739451832465,0.003197228608486214,0.03473936778859919,0.0005367638904422324,0.00035279224544988307,0.01099553356141441,0.024656408836254157,0.00023191128267354712,0.00010800512132352603,0.0016956502523781264,0.024093760557214794,0.0018663399167891178,0.0007737077093478632,0.004162183073856559,0.011038076688566035,0.004283144679364763,0.002358645986478898,0.005630631242765568,0.017124901222300308,0.005194711544732373,0.001983424887321459
307.91256465548037,0.003112113710015742,0.03455741416237818,0.0005343115271030734,0.0003532594907636597,0.011049874774973878,0.02474293299275095,0.0002376647954233158,9.346301034182184e-05,0.0009837830317687944,0.021637015122200995,0.0019314828564655705,0.0006030983222314266,0.0067145831374425865,0.013485578437685459,0.004277511844874376,0.0023118177646862434,0.0056069732524762885,0.01716214871239767,0.005193582692948301,0.0019828768867465258
307.81779316743615,0.0029936685634886725,0.03479945019369314,0.0005269283010671418,0.00035006739043781697,0.01057239846911354,0.024929780823093505,0.00025278913525912536,9.439466668724369e-05,0.006642532433711908,0.015654013530374933,0.0019820259297313697,0.0007605497064218523,0.006797027083520238,0.016696041182505696,0.004187044770977536,0.002479593972437983,0.0055911716437040595,0.017106685888901237,0.005191395799107075,0.001981283737317452
307.72308000030773,0.002835166836091893,0.03439505487052774,0.0005343058274470687,0.0003444282184864008,0.010578825566199778,0.024550763137181485,0.00024274077188097282,0.00011101587639744061,0.009796645989310264,0.024933374656247117,0.002012565000297711,0.000864252676214971,0.001876472588421604,0.012453316033993666,0.0043460692684738535,0.0024251176589584604,0.005588326685111742,0.01709594967108549,0.005191997986843279,0.0019815807371188774
307.6284251002769,0.00315996455554405,0.03453081563219981,0.0005307277720663279,0.00035108829595818027,0.010951931121777997,0.024847152766139954,0.00024338406291377068,0.00010482656336756834,0.0020439727329737436,0.02089199498527762,0.002182407181689467,0.0007335992092839187,0.005366217095881574,0.012514153964353913,0.004479576847878337,0.0023272824676065073,0.0055936484045948885,0.017062497706380186,0.005190686328095864,0.001982640286122236
307.53382841359166,0.0028514220333432706,0.0345126323264378,0.0005310323474165077,0.00033527320441201143,0.010727131504187356,0.024953121040034113,0.00023698302254213284,0.00010098629376217574,0.009373618026708325,0.019065338745069764,0.0018136899211573388,0.0006788286077772594,0.0006735775088207696,0.013194142736430091,0.004185786374970421,0.0022577375895239797,0.005598342398092407,0.016980622533009127,0.005189875853543249,0.0019830183094909906
307.4392898865663,0.003068906868432165,0.034392713594756694,0.0005481773371445856,0.00035562504329226445,0.010932288912538564,0.02471771508975263,0.0002256452320867644,0.00011499031408383707,0.003909089223908252,0.0262156682056103,0.0017015234703996573,0.0006634048278443131,0.006795464797721264,0.008091637273630811,0.004147745426214983,0.0021396839512431956,0.005683057118084775,0.01719258015292805,0.005187697617761241,0.0019819275986830325
307.34480946558085,0.0030489632868369175,0.03460709619636265,0.0005334488190044679,0.00036847650546239873,0.011254133763007636,0.02480725655133933,0.00022811283174442929,9.659815376816912e-05,0.0030041877012897842,0.021266494354567473,0.001695376814894457,0.00047188307587605856,0.00602364591488164,0.012182481000421005,0.004090005094074393,0.002197418745909365,0.005616857360372933,0.017043512919677442,0.005186736728830181,0.0019808454748998575
307.2503870970815,0.0030083794111018065,0.03449477210415877,0.0005680405848705617,0.00036158327679030157,0.011081846015694162,0.024872886550396565,0.00022457705329619257,9.375186128295754e-05,0.0049789841660506364,0.02216145546729084,0.0017636051111910248,0.0006908830141581129,0.0075086121057732266,0.010200018292433425,0.00417821903061015,0.002456216845697756,0.005502744660057917,0.017292761678630197,0.0051850555326815205,0.0019791775195907063
307.1560227275799,0.002953080336371878,0.034536745919951296,0.0004337467115533817,0.00038216373662514335,0.01105431702175241,0.02459416339266572,0.0002563917743061586,9.202822899854107e-05,0.004834390921214933,0.0225561633729949,0.0019533892361173495,0.0005538545782421776,0.01100552446635515,0.014042713782109126,0.00425960568330874,0.0023166005717109705,0.005554112513808242,0.0170985186267505,0.005187063852317948,0.001979435747117886
307.0617163036537,0.0028671560441899,0.0343529704145288,0.0005022636100195752,0.0003791440845683371,0.010525198242056633,0.025382257107928224,0.00025108373772449297,9.719642240995009e-05,0.008647847525911146,0.012135334690429659,0.001909091399735402,0.0008906474180461434,0.005588619202336055,0.01567321984760639,0.004152418991049051,0.0026313875326864455,0.005615494514858349,0.017194666801952464,0.005184594375280269,0.001980354665622336
306.967467771946,0.0030564223277430424,0.03437074892628081,0.0005378171810266279,0.000350596717141509,0.01095897213228996,0.024081568428291133,0.00023572353510641636,0.00010325041540740866,0.007957002791580925,0.02913044235183882,0.001976404433001812,0.0009216117386946042,0.004721271969461852,0.012662652425799528,0.004362171169483661,0.0025615413699678746,0.005708869186270443,0.017088537011300056,0.005182332894511094,0.0019805020151790103
306.87327707916546,0.0029882398202542705,0.03431507565846849,0.0005238544379257072,0.00037537641777062746,0.011584387260135784,0.02512407971243462,0.00022564667589064914,0.00010087354407978717,0.004300605908526319,0.021289278796492072,0.0019007229000726877,0.0007433949974980714,0.002669762769834686,0.012758385139194445,0.004419546392307704,0.002334327386145303,0.005544895014870894,0.017022486647056974,0.005180275212955266,0.0019777127382092016
306.7791441720859,0.003009871787098052,0.03441736600304375,0.0005188521605367378,0.0003512694801517092,0.011122745300444443,0.025148977036334015,0.00023875083137003494,9.11633641214424e-05,0.006412789892773691,0.020153318452600297,0.0018110026584205628,0.00045257050134450255,0.00409934814550184,0.008451755365886165,0.004172224941591659,0.0021326361395921705,0.005560331845793032,0.01714858156871398,0.005181453193440157,0.0019765064116128465
306.6850689975468,0.00302844673374862,0.034366948448221225,0.0005297114375107308,0.00034832749305678117,0.010946575999482143,0.024828405105439565,0.00024273318658743715,9.153729722746612e-05,0.0023726985014952103,0.0188125681104785,0.0018808957271409805,0.0005511363043914772,0.003958602206477612,0.014711759371232147,0.004186039792281646,0.002293658045505441,0.005585141131605988,0.017056192966371394,0.005184180224644811,0.001975240885623528
306.5910515024525,0.003108638663881116,0.03443076471567022,0.0005293677160753034,0.0003538632570873081,0.010979384728529813,0.02470394607554401,0.0002506183496070859,0.00010366298444069588,0.004531468897309726,0.02544039667295722,0.0020761893377164754,0.0005949558684858713,0.004404928836345836,0.008743899012217369,0.004308047787301235,0.0022090959805003167,0.005603793615023818,0.017139030774561425,0.005181289609075068,0.001981237364847714
306.49709163377264,0.0029976757520557935,0.034409656744233075,0.000527480890843924,0.00035331458677217704,0.011100359927355972,0.02513657582332113,0.00023940112376650196,0.00010635853862754192,0.007324435552466154,0.01845750962360779,0.001755565619229407,0.0006154374803852598,0.010010918061651629,0.012042204426197252,0.0040556974504891066,0.0022085695840871147,0.005576524949782188,0.0170714168159744,0.005176508115420485,0.0019790859780955262
306.4031893385417,0.003034543809084462,0.03428892809304293,0.0005342556937017743,0.00035341514721766296,0.010677374761340189,0.025164448786559164,0.00024353353371562352,9.979616094859566e-05,0.004916269774137303,0.014686467876756601,0.0019628429618938174,0.000766666113189882,0.005991789118970895,0.014862804366278385,0.0042298571370931,0.002444600520105094,0.005579408008086627,0.017195345997517084,0.0051737028404756245,0.001978119370148602
306.30934456385916,0.0030446391724296444,0.034281461396686114,0.000532354604782861,0.0003565738004011371,0.01099326998388185,0.02472211316440632,0.00024007144069453415,0.00011141699801095637,0.0015476806651853717,0.023264537333652625,0.0018390220787388239,0.0006879727371494959,0.005561508946696794,0.010918102197811731,0.0041402009887926,0.0022187041042647667,0.0056118062947125,0.017091975049415373,0.00517483984532927,0.0019706292995797766
306.2155572568892,0.0029752953480431787,0.0344178178863462,0.0005200143489370576,0.00035466559339944443,0.011098231472447229,0.025036052315344476,0.0002351127402458327,0.00010584951314212124,0.0027081076936687886,0.01823572051264734,0.0017367169441958117,0.0009401547194991768,0.004878770542771804,0.012107449624095908,0.004100938332956455,0.0025738162982180887,0.005617070941726507,0.017094166265509442,0.005180645306748072,0.001975189860251387
306.12182736486074,0.003002922162812698,0.034203102368340434,0.0005233985655198267,0.0003496082875447132,0.011040221981666827,0.025160650282945216,0.00023394815301256046,0.00010198121858150415,0.005904380271447223,0.018759166809340574,0.0019329222188853778,0.0007510533858117976,0.005970155300839143,0.010503174143750058,0.004345406567178049,0.0023837216741096103,0.005529528912577555,0.017044113024134645,0.005176904380487371,0.0019773026201793144
306.02815483506737,0.0031386868316286344,0.034272648613396565,0.00053260273676556,0.00034725060303590453,0.010928838439238416,0.025382364537877934,0.00023865771181405066,0.00010126741908433634,0.008278787997292399,0.011821077429387268,0.0019658420253392283,0.0006176112370881121,0.006901930378025305,0.01493437334065918,0.004281892429417613,0.0022583218796271374,0.005602608881344122,0.01710717660583177,0.005173883821324461,0.0019794258025953
305.934539614867,0.003067687108334888,0.034423448899111884,0.000516076716312558,0.0003346779677043629,0.01070552735000162,0.025291774054912952,0.00023343823962623846,9.999058144376241e-05,0.008275760972510343,0.015813792023502606,0.0018623368205277866,0.0008356576382588154,0.006219467145597468,0.011097767649523057,0.004250290035677862,0.0024934535652326893,0.005483317442281537,0.017097181368278366,0.005168193990354171,0.0019736710364275556
305.840981651682,0.002905837740055938,0.0342848613655112,0.0005062636553614489,0.0003566343495348643,0.010244234834383668,0.024852479362345022,0.00023026781211980804,0.0001021293396271299,0.006995766729969072,0.020064458496570188,0.0019325312867369785,0.0007999272135700672,0.008647072367692491,0.015077905870463083,0.004372507443461116,0.002442724608816185,0.005704876549888988,0.017155542168848303,0.005174915234352611,0.001972683289400457
305.74748089299914,0.0031219365927426025,0.03432596279001932,0.0005251083934412152,0.00035859052557543213,0.010614846920310528,0.024241779705474427,0.0002291230659413348,9.472002459042863e-05,0.009915446380166856,0.024728922440469387,0.0018929299389532815,0.0008542836694600221,0.005921225638369275,0.01459346847265756,0.00433086737308669,0.0025551110229767916,0.005436345405978441,0.01701454073947522,0.005171131915320972,0.001978112294253538
305.65403728636926,0.0031057317376625955,0.034507898090733506,0.0005213070006797377,0.00035007987261760246,0.011130752754264065,0.024715792391316906,0.00024082790801595503,8.647727693049016e-05,0.0022029580804682476,0.017714453348341347,0.0020202173823311233,0.0005572064839904468,0.006386614262655291,0.016268661724960876,0.00435090471628815,0.0023233533900015213,0.005664518212454072,0.017135328187597148,0.005166964688677668,0.0019735855356600384
305.56065077940735,0.0027211107195111066,0.034461832620045665,0.0005385944680301374,0.0003560532078323954,0.010986732591774686,0.02429302936691914,0.00024831191103981355,0.0001043610317492853,0.007615952602531478,0.023548414286882046,0.0021491685849796024,0.0008421129482406863,0.0029733431320684164,0.01613233639224914,0.004398251247822597,0.002464962429886781,0.005357221223333026,0.017070882361727754,0.005168541240040406,0.0019721389414140856
305.46732131979235,0.00309033804873249,0.034305157638222734,0.0005505055171640706,0.0003602688609336835,0.011130267766154615,0.025053940195649924,0.00023050986728201584,0.00011026284285636693,0.004730845158005147,0.018428995546744258,0.001911604660225465,0.000646904997525186,0.0040630773025592095,0.011330469118456737,0.004314817774224099,0.0021161388967304187,0.0057802855375099875,0.01724637675189981,0.005169823602415443,0.001972183757918925
305.37404885526723,0.0028090275552613894,0.03477649500323886,0.0005629474821150391,0.0003251662728372231,0.010888674792113601,0.024285612525357846,0.00022132932288137182,9.268656146907314e-05,0.006801409336964362,0.023334206534769496,0.0016142042713805295,0.00057009685182614,0.002686950576600212,0.014914235894275553,0.004054675728392247,0.0022464153519244747,0.005485174285117474,0.0169804527222323,0.0051678638864932555,0.001975280961225968
305.2808333336386,0.0037414043899255656,0.03472720066236427,0.00047264293980796355,0.0003609129859173694,0.011221258738377418,0.024739709274116728,0.00024044325248422224,8.737919503961157e-05,0.0035012748485117786,0.02498362016720086,0.001964024054220561,0.0005498190413950929,0.0050084351117240765,0.007833411667866903,0.004341611673151721,0.0023090597536484765,0.005805719721252182,0.01703655495391658,0.0051653612467607735,0.00197163664707976
305.187674702777,0.0036131198674731677,0.03263911210985394,0.0006601801342103684,0.0002894721522893429,0.010850141457941895,0.02514361304584782,0.00023532737976042243,8.168978904399054e-05,0.0011068712814936126,0.018718795762972813,0.0020146789267433867,0.00034988472682281457,0.0076785068908118885,0.013834462520242882,0.004235529617792449,0.002051261626643949,0.005277901376540027,0.01677678266283512,0.005164973899589461,0.0019697894020548213
305.0945729106163,0.003194000171450294,0.034333758352260504,0.0007161447290693088,0.00044855070470369756,0.010966742745844998,0.02517552938342208,0.00023180890021891735,0.00011523157478551756,0.0057453165356833695,0.014958280573016,0.0018129316310596584,0.0008351250511348313,0.0030354899628064454,0.013509276454452655,0.003991536043558807,0.0024200390160424193,0.0055468027700647324,0.01719067225562788,0.005165172700105361,0.0019727636479524124
305.00152790515403,0.002997406460899444,0.034155913521453835,0.00037889108618023283,0.0003046340373387076,0.010773638167569212,0.025015657708952744,0.0002523908752923007,0.0001055447369878729,0.007115535502561125,0.0187613145888391,0.0017951551907713756,0.0007279404996018787,0.0030660268922374488,0.01119761271082146,0.0041337488017524435,0.0022657176936414277,0.005259512841032752,0.017077282373735694,0.005159970561824983,0.001973775276696332
304.90853963445124,0.0031111659437060694,0.03399978507415544,0.0004568155341545354,0.00041364232734733254,0.01070057461172566,0.024839645939111588,0.00023913248814905305,0.00010731301995977795,0.007078012986181026,0.021673796943926397,0.0016570860474680712,0.0009187728044337809,0.004905122707259128,0.010271820237973288,0.004010025600674228,0.002589541669417201,0.005731206868667463,0.017391192551502076,0.005162358967156399,0.0019702892154824883
304.8156080466322,0.003362240184221509,0.03403328917134599,0.0004701473616803,0.00036417217077292554,0.01062883641793292,0.024573759185419618,0.0002385024169606453,0.00010012419825719436,0.0025716289544565206,0.024527967312583474,0.002007994247215719,0.0009325314879765156,0.006873080136568282,0.010751610044219807,0.004429687380915867,0.002596462638925458,0.005485268439333954,0.016960350691746177,0.005161117115867978,0.0019700035734103102
304.7227330898843,0.0031784550443972456,0.03460157417817744,0.0004888178457821624,0.00042491377769787427,0.01091804684975402,0.024657698858658098,0.00024365887964326174,9.877166884491463e-05,0.0035781459868863513,0.020977464325221424,0.002113331583102166,0.000489571191430737,0.005068943723136022,0.011613912449430892,0.004465203542336054,0.0021974430115696375,0.005672189281522334,0.01726649354654835,0.005160649479500635,0.0019717879054891377
304.6299147124582,0.0030386995321345553,0.03426255056504219,0.0005277997909044418,0.00036815698453644436,0.010670936650936916,0.02433992359917641,0.0002451937337614278,9.591555188702171e-05,0.0036861973195992897,0.02477072487282875,0.0018759968902120824,0.0004998282197617615,0.0057856502740073635,0.012559021315811797,0.004135063648200474,0.002192607634859469,0.005546774633812226,0.016990015733829893,0.00515766217746146,0.0019713152191882014
304.53715286266754,0.002790332366509774,0.03449406187318857,0.00048007128583717684,0.00037560344908578843,0.010995840298949896,0.024694558585573477,0.0002516037299017112,0.00010805695702335082,0.0023164558275553917,0.01855807503274221,0.0019454359234609272,0.0007386791551274211,0.005679915422200629,0.014218336197040042,0.004166451367610879,0.002323543073484137,0.005677529572214822,0.01726324978871253,0.005158199173139614,0.0019713336423674956
304.4444474888889,0.0026928358462082512,0.03383725988041025,0.0005173891984037613,0.0003782102639361368,0.01087687784938428,0.024940778690801402,0.0002469379775058569,0.0001106797411063202,0.0030482348510195035,0.01907898313473158,0.002080711381488506,0.001006257509080355,0.004993127685880431,0.012407730413264284,0.0043441705767575094,0.0026112530398502702,0.0056588154742729,0.016891056792675618,0.005156138710708857,0.0019688456658999076
304.35179853956186,0.0032568841761049724,0.03424188352812714,0.0004837415723792607,0.00036343679012520026,0.010635864285223133,0.025092746111055074,0.00023115393484193333,0.00011666701552185362,0.005760320222999301,0.016053239137867006,0.0019150575981870185,0.00070938154299775,0.004141058542060947,0.012527122634362273,0.00438828396880234,0.002138631369967202,0.005476000201953213,0.017075245086819655,0.00515644335250791,0.0019692674381115833
304.2592059631884,0.0027939995453837127,0.03409580369064373,0.000498938647112197,0.0003761512801619415,0.011119386778860391,0.024424267526731356,0.0002245533138380965,0.00010682841109408953,0.003277614020020903,0.023489207953877177,0.0016814252729109539,0.0006955823256235584,0.004160720426556578,0.013345813595479686,0.004145236167377585,0.0022730523658784246,0.005639210009029778,0.01708690572207511,0.005154865225137891,0.0019689660333790508
304.16666970833336,0.0030559358124465424,0.03401509217658858,0.0005119475816311392,0.0003874868624985393,0.010790765812026851,0.025050501510187513,0.00023427334109873876,8.980002732015321e-05,0.0035487701184298438,0.017738025091168303,0.0017929126793298775,0.00042583974596953225,0.006309966317913815,0.011340205817230824,0.004165241559344465,0.002180824052318258,0.005611422710538725,0.01698828407789441,0.005154573336364286,0.0019700126999574797
304.0741897236242,0.002978496654779168,0.03427226292697304,0.0005237246858465237,0.00037868307150711646,0.010690699375231065,0.024270641650708597,0.0002464553988698462,9.469094667051054e-05,0.005317548962659549,0.02556305457498104,0.001843084983659048,0.0006214546984590342,0.005313070807993281,0.012053068016905666,0.004053174656359766,0.0023080981439585614,0.005603562586543373,0.01699491472753884,0.005151916461286979,0.001967933168147706
303.98176595775084,0.002920144120863818,0.03408239046132364,0.000522992251223548,0.0003633284207354819,0.01074570411577168,0.024608959921851904,0.00024033303307809535,0.00010056053400090208,0.002615716219637097,0.022629595352162826,0.0019195178823041643,0.000846584277977931,0.006024136136274312,0.011789879435970096,0.004189175257803079,0.002557933695970947,0.005411390447708812,0.016890585674310604,0.005151473205655414,0.001969943627149945
303.88939835946525,0.002885683090967142,0.03418438683123391,0.0005175381751655495,0.0003701992838876656,0.010514379275841399,0.02452030437383993,0.00023502452247338247,0.00010356766359785872,0.005979311249303609,0.02234851937278991,0.002285141956783805,0.0008882672570239545,0.005589945304960542,0.0127771165769101,0.004696755319476675,0.002500040336733634,0.0054879905173259086,0.01722173169634044,0.0051520329839769485,0.0019597180017935072
303.79708687758205,0.0028570423187904577,0.03398130131841735,0.000513746998762556,0.0003639159151130472,0.011357975747522888,0.024513187624154897,0.0002344824208435392,9.99840130143313e-05,0.0053330666795969655,0.02256786200616554,0.0021133302379756727,0.0006132760532919748,0.0052923533964931825,0.013543520211759892,0.004535464926488563,0.0020885763720334895,0.0056754400155767225,0.016874591396684527,0.005153197925611777,0.00196588390424298
303.70483146097786,0.0030523229049434267,0.03402897610795138,0.0005171871310883175,0.00036663138541606323,0.010788426936280682,0.025239949928972445,0.00023937202830114199,9.438752319094515e-05,0.007906357860245008,0.012009167621931263,0.0018967107509119312,0.0002857654209898174,0.005872700876153868,0.014970094889443952,0.004188456049231695,0.0019330053353478673,0.005385091504907964,0.017072279119957158,0.005148390896978004,0.001964720927320612
303.61263205859143,0.0030109845038795236,0.034014502873342865,0.0005188338694046464,0.0003624846144407733,0.010305740497822404,0.024364086221567507,0.00024341208234454785,9.826105926674508e-05,0.010992926291235196,0.023245306857897455,0.0017291043750333045,0.0007072934151265885,0.0029830554783067307,0.014091637535410657,0.003949388010857867,0.0023391581142131403,0.005567207549838244,0.017139842116344776,0.005146312542713708,0.001977495051651904
303.5204886194234,0.0030344916687806804,0.034109417847470694,0.0005134067625078406,0.0003663279390515407,0.011129116305422692,0.024210989108894,0.00024086289215231424,0.00010370817146205612,0.00429964999867209,0.02613621962032932,0.0018316074379165007,0.0007902278192103393,0.004885918666935543,0.012327054588103606,0.00412355429945241,0.0024343573404809454,0.005613211937830391,0.017027856084118085,0.00514305658423549,0.0019649868522508625
303.42840109253643,0.002961181341702977,0.03400684635713328,0.0005183597908797876,0.00036720592273854937,0.010889969329169684,0.02453700677764868,0.00023804964371560477,0.00010758688816545264,0.0011339634258396964,0.022172916287570586,0.0018501860256434864,0.0007283047338371159,0.005427466570437518,0.01252061825710139,0.004163678586617904,0.0023066303442539605,0.0054282986125470545,0.016884778001844264,0.005147288744756522,0.001962895973553636
303.33636942705493,0.0030424214994775878,0.03402107246972932,0.0005205788053134735,0.00036184478896449356,0.010968440211295259,0.02445302910554338,0.0002316898138035344,0.00010489679369212707,0.001083438203948887,0.02359887213494817,0.0016630968519751254,0.0007863899778864631,0.004678541868213864,0.011596316838396473,0.004022197015528809,0.0024083137607493867,0.0055218728417291574,0.01707110411802549,0.005146269140151188,0.0019613649619054886
303.244393572165,0.0030284336288242454,0.03417995809811512,0.0005187810970501309,0.00036083895525138634,0.01058929675997806,0.024351135687556546,0.00023542735686060047,0.00010174856498798907,0.005698135809563665,0.022716037298287976,0.0019563187182324365,0.000814909730769534,0.005479612402048763,0.013691041489841396,0.004301362407504508,0.0024872640281497116,0.005389722916079251,0.016895459572202138,0.005148780486281601,0.00196550849698088
303.1524734771143,0.0030831375380046986,0.034076604321721535,0.0005180915563161552,0.00035799611142266224,0.011552328226021114,0.024340179691780723,0.00022935160480941043,0.00010308859242973771,0.006815424962581876,0.025727861228599706,0.0017890633750479916,0.0007947963410733452,0.0038770550918168466,0.012233163129322664,0.004189406541880709,0.002418528528438811,0.005446152245060714,0.017158744729610736,0.005143324896106536,0.0019666252473103216
303.0606090912122,0.003073716495148397,0.03401910609497542,0.0005182638556030563,0.0003622818616390976,0.010951442973158528,0.024667947553123865,0.0002336717601031091,9.254916524751699e-05,0.003204100498080278,0.021895042732610975,0.0019950512814836266,0.0008024535603825196,0.006484944720530273,0.010888534595663097,0.004353174331724879,0.0025549567776341864,0.00542814112741686,0.017032730795112708,0.005142389418109197,0.001964542764568145
302.9688003638292,0.0030514256396685225,0.03399774948706018,0.0005186223107864419,0.00036007372451697634,0.010856656298540964,0.024378911280191876,0.00023927475262468012,9.664391240052485e-05,0.00419031066804594,0.023243192819556086,0.0020578343583098303,0.0007048097580543047,0.005390180652785107,0.012849283002118463,0.0043957061430630094,0.002349759518274865,0.005596026400497817,0.017090511470101877,0.005140900649489451,0.0019627609598415405
302.8770472443974,0.003017387188126953,0.034072486987151804,0.0005170221899382494,0.0003587460525510928,0.011021755531708727,0.024350547363361428,0.0002401154778243859,9.963144240176391e-05,0.0034660951800145876,0.022782307973574913,0.0019790860887431106,0.0006569653650699255,0.0042097718870628,0.014758583796834727,0.0042889678217398995,0.0023138184521664853,0.005378609466005698,0.016916730142635002,0.005142656556979869,0.001962562083962609
302.78534968241,0.0030097159711956587,0.03413024477443783,0.0005200016440642864,0.00036140747559905396,0.01129157784487205,0.024199547310045068,0.00023446182849253347,0.00010114935928771398,0.0038029523972545267,0.027557060813032747,0.0020802033991048235,0.000778940816646027,0.003380068356921616,0.011643172874806935,0.004456040281424353,0.002400861962887725,0.005543767825202179,0.01706211500234513,0.005140074703760687,0.001964720195587991
302.69370762742136,0.0030617109719712106,0.03407971135224504,0.0005202391502723574,0.00035566960102383614,0.011147822020527276,0.02432050667528609,0.0002323604263114739,9.774572496540582e-05,0.0012463188040671936,0.025508992584599936,0.002025275725247822,0.0005335545687767593,0.0030298438575395324,0.011782155286767773,0.004426942890830877,0.002084967010936307,0.005264793821310628,0.01695578056514462,0.005137188260321722,0.001960758242744892
302.60212102904694,0.002918473844789497,0.03410418020706518,0.0005172124837244655,0.0003559772756768723,0.011351608660547418,0.02450537222782383,0.00024027834771060114,9.486139501975229e-05,0.006282090952528755,0.02619365185306175,0.002019418569472802,0.00041927650608127314,0.006194775199967483,0.008845762402971313,0.0043171705479851195,0.0020812229788882758,0.005568952804786752,0.017150990512538027,0.005139587777564973,0.001960510392462704
302.5105898369631,0.003002342510164223,0.034155613200304774,0.000514197773213148,0.00036306071985091646,0.01114252314995177,0.025191392500449973,0.00024100051175369314,9.620296648385803e-05,0.00904080765059956,0.014246645660217716,0.0018205179869890573,0.0004897551943587585,0.00793353183491283,0.011940277422773808,0.00408945996946107,0.002144555337433507,0.0053336934510918475,0.016956618013309138,0.0051383100369490915,0.0019635406181662597
302.4191140009072,0.003070189684364744,0.034008005045700465,0.0005323655760051367,0.0003593569258165265,0.010425516857608706,0.024535160602179543,0.0002414680545133902,9.993102356823053e-05,0.006362618901119233,0.020374893739414052,0.0019080192585581915,0.0007325418075400849,0.005154128106472942,0.013652682754568555,0.004156570748640733,0.0023873927806679278,0.0055173444107404195,0.01702454902464521,0.005135174477911933,0.001961504878143187
302.3276934706772,0.002911957333732727,0.03401640321702846,0.00051449315809951,0.00037384992306563965,0.01072783427438747,0.024560564045344513,0.00023845248791323504,0.00010119228225016603,0.0034215154948405565,0.021320162680803247,0.001944714036230925,0.0006183250070638132,0.004934851373760906,0.012174025790536575,0.004272164570635899,0.0022237147529910583,0.005107948706942941,0.017000031244734166,0.005136787664496616,0.0019566354336110437
302.2363281961318,0.003056259196545197,0.033980450347104035,0.0004824971946641767,0.0003721367083395527,0.010538905183209076,0.024237667045434758,0.0002469865674782811,9.788897617270191e-05,0.006738778478850434,0.025738080295410345,0.0017804288480323875,0.0005553331029632377,0.003527019020125451,0.010931261928301446,0.004017505626744195,0.0022045891724801737,0.005581260569430649,0.017411209508589237,0.005132997648165954,0.0019620241364540518
302.1450181271904,0.002841153252505183,0.03403758057959432,0.0005035335680813365,0.0003653197372157255,0.010791658682546577,0.024563358325282322,0.0002470846972643194,0.0001076675846940483,0.002655804970172764,0.023740677568921936,0.002009420405970202,0.0008034419630887291,0.00745747381920977,0.009000591504149058,0.004243450568999516,0.0023992454648559215,0.005302060446609676,0.017172226222170125,0.005133203458343707,0.001961918261646407
302.0537632138327,0.002900042992870235,0.03425235767582929,0.000509879489468772,0.0003359136727169161,0.010855388688369392,0.024660714085346817,0.00023672143519903896,0.00010947993843235673,0.001861962086317093,0.01897355343029535,0.0018314029022852838,0.0006426742515842228,0.00694373922834355,0.012509072363975207,0.004168153138196305,0.002148690411138992,0.005775100109314997,0.01716776424187546,0.005133463644069238,0.001959586475278981
301.9625634060991,0.003109037950262451,0.033851989483563154,0.0005209624938984617,0.00036253498274052076,0.01037251401809198,0.024632484890281383,0.00022780371423088808,0.000106446544047773,0.006025246945521133,0.020756439134507643,0.001825705267358572,0.0008039907501373882,0.006108772076428997,0.012436480457119713,0.004210046655652577,0.0024029865726216916,0.005308842584301483,0.016612124595649758,0.005129202283943276,0.00196281926470644
301.87141865409,0.0031582584077715823,0.03414602263437749,0.0005576423867168887,0.0003530773821533562,0.011036912818045138,0.023863060085592785,0.00022216482418944066,9.76559694648579e-05,0.008604665097134725,0.02824994935543554,0.001827821782640354,0.0005756037053137263,0.00614988646853008,0.012815665389699703,0.004255728724680965,0.002194834773351932,0.0052196457721312775,0.017001087144843885,0.0051298483752372104,0.001961349826041921
301.78032890796624,0.0030529428874423656,0.03403977911403244,0.000498154337505946,0.00034989775853099003,0.011116574354920488,0.02456689845523299,0.00023973770010597592,8.934082014557286e-05,0.002642487022237475,0.020790270614031423,0.0017736770425557994,0.0005201943504138278,0.006381043491421983,0.012766226860453044,0.0040532418306004295,0.0022499887383699473,0.004906844570426532,0.01696075500556729,0.005127716339353855,0.001961168089944958
301.68929411794875,0.0031060031780901004,0.03397719699343081,0.0005316125899957794,0.00036332589321767247,0.010832582315037972,0.02433757467991591,0.00023775408511051666,9.736598785782446e-05,0.004532461935990573,0.021578824555542626,0.0018356920793749633,0.0006813476528824307,0.00457586110501536,0.014212825289851135,0.004112625664362336,0.0023722805005400942,0.005218094025634622,0.017522996017243372,0.005127116800240828,0.001961312655552815
301.59831423431854,0.0029883077170868725,0.03408506190138491,0.0005178404769431952,0.0003511964411633421,0.010722848659982562,0.024581815156275198,0.0002430368091651218,9.71377005810021e-05,0.0038357937530209187,0.020922744366440135,0.0018932897447823858,0.0007144462451068254,0.00415267479400519,0.011635532824573573,0.004141018930825242,0.0023945718431028474,0.005318678565762541,0.017136623672316557,0.005127747304020418,0.0019590624841132652
301.5073892074164,0.00301321964205456,0.03404738423703327,0.0005220666567680572,0.0003663661418272434,0.01077349473844485,0.024074109430539368,0.00023866955645581356,0.00010734071982278356,0.005171349803011287,0.026602945180568653,0.001955359453965987,0.000801219278933304,0.004915439272296995,0.011393157663295354,0.004250560308567186,0.0023971159552745496,0.005192906526541743,0.017264948895605415,0.005127222377147942,0.0019603021473494488
301.4165189876432,0.0030221880347861404,0.03402304604100634,0.0005276292856550336,0.00035276113940890054,0.01089345888602589,0.02482332875950903,0.0002317946087933001,0.00010489250239166158,0.004585814381961481,0.017351046979647313,0.001858326399288885,0.000843670980065956,0.0055137933439082425,0.012299273261960075,0.004215491744837625,0.0024342716641060974,0.005098812624384989,0.017211130926311366,0.0051257774331636115,0.0019577924257696507
301.3257035254595,0.0029675519845554204,0.034008545859366274,0.0005216949370318726,0.00035676184049494565,0.01037731410467404,0.02420253939348987,0.0002279468685885871,0.0001009304888366201,0.008627118610747572,0.022904111558021523,0.001992555501990106,0.0007337525640607576,0.005239493662226877,0.013954339548280993,0.004396517448034715,0.0023685438660789567,0.005012634373463603,0.017369628847221458,0.00512468470034524,0.0019601330363160758
301.2349427713856,0.002988770769227889,0.03396586320580473,0.0005234911121285271,0.00035454339157819356,0.010716731717284267,0.024222624549707895,0.00022599083914227023,9.27045226574521e-05,0.0076325938815796895,0.022856407401525138,0.0019061355789587692,0.0006417765761137323,0.0026169359897027507,0.014036356127232794,0.004340232398602228,0.0022958438004360886,0.0049965964004519805,0.017384266887770512,0.005123555993190154,0.0019575452255092014
301.14423667600124,0.0029916648476516977,0.034004775994329065,0.0005204298717633829,0.00035197133084693017,0.010628303074310811,0.023701577394966693,0.00024139636053534009,8.789056747699623e-05,0.008770316277729773,0.030311555912479245,0.0019847491944400292,0.000465284535490063,0.005059191820541344,0.011544243884293095,0.004264605337698106,0.002197956313364027,0.00476468104453985,0.017398291219537964,0.0051232931284773235,0.001960156141913369
301.05358518994586,0.0030142417644070194,0.03403163392067969,0.000520171026022529,0.00035483717430123614,0.010962369257297887,0.024176729404408133,0.0002453214902936877,9.619453240621895e-05,0.0028897012802107207,0.02413283400552937,0.0017551089949083241,0.0006145113484929849,0.006017216532944108,0.012319636534609954,0.003958109598338394,0.0022759348030907006,0.0046397850532566435,0.017659051607962897,0.0051232512046263095,0.0019616465277607956
300.9629882639182,0.003086532991582264,0.033940233500987266,0.0005189375059842824,0.0003558097406446304,0.01088094746812895,0.023907333773679408,0.00024510526999713567,0.00010721071458417284,0.005441875668494332,0.028296523539328287,0.0020736894363266394,0.0009616014955278935,0.005957381518340658,0.010995102593690917,0.004315860437813775,0.0025729770501413582,0.0042766585206157025,0.018118507474564168,0.005122403236770012,0.0019478623766043758
300.8724458486763,0.0029903801004969545,0.034040597462793046,0.0005212655130037772,0.00035578734591440697,0.011058265914285315,0.024565220287392366,0.00022846051010036713,0.00010846053924406393,0.0011881973113214747,0.01916502677167116,0.002093706489586611,0.0007717503036840916,0.005544464572176667,0.01162320662258757,0.004528095902371777,0.002260679202227659,0.0033075145697721753,0.019305701752090187,0.005118597363738882,0.0019514109707496857
300.78195789503764,0.003122356203819989,0.033773510583572794,0.0005195052046665314,0.0003542260416608568,0.011095143934244775,0.02403899159560409,0.00023018986167797263,9.62737709934679e-05,0.0053803607138062,0.02132860150718543,0.0019030589477385224,0.0004757197239266809,0.006630137099706711,0.009764340300180351,0.0042715861245898636,0.0021090108291243912,0.011012781084241573,0.028678533778940318,0.005116006209402949,0.0019568810493846103
300.6915243538786,0.002862309062605891,0.03402783786941426,0.0005206007080507462,0.00035491785417747615,0.010842274439142124,0.024514812088755843,0.0002331370006921283,9.94890597398082e-05,0.0012295625364280875,0.024081196261499137,0.0017836022331017955,0.0005592862571902443,0.0030921154454824663,0.012987321702588142,0.004108906011717137,0.0022035237200397247,0.0114787570723236,0.012684868675976277,0.005118220619406303,0.0019630396089494245
300.6011451761347,0.0029328753790987916,0.03390246017340185,0.0005188042099594589,0.0003509771300592104,0.010399354204890455,0.024372979552994917,0.00023518576613957271,9.104312637357956e-05,0.006399719483013517,0.02357151141928346,0.0019056625860211437,0.0006239721439874426,0.003506608646395561,0.012118348962665743,0.004221087670476883,0.002347654919845871,0.007640560004167579,0.015428774893384529,0.005118486242898914,0.001958000159079388
300.5108203128005,0.003048821726576513,0.033899300681751926,0.0005160897769378767,0.0003557194475667294,0.01071008402012493,0.02416016032562643,0.0002426118156475154,9.644268302209028e-05,0.003135334668192698,0.02766672469001669,0.0019726922385509943,0.0006537934057267987,0.004242577722870209,0.010072455644684904,0.004225617727424635,0.002324394950711759,0.006882600465898371,0.01587415235605388,0.005116765737643803,0.0019539910370611644
300.42054971492945,0.0030022881424711986,0.033938245746244565,0.0005169478558862338,0.0003531731496295421,0.010778549460124612,0.02449999494368177,0.00024078332060700292,9.825263551033158e-05,0.0019433353630721227,0.021509817488737173,0.0019494171492791547,0.0006266674487358131,0.006053849448476404,0.011792891451877941,0.0042289643614400905,0.0022700792483551367,0.006648926847095707,0.016000867787277984,0.005115890828043758,0.0019563745434449608
300.3303333336337,0.0029648185982871864,0.03393969900859582,0.0005143270405989806,0.0003538449241711272,0.010589993892420444,0.024397502066912793,0.0002435186676157129,0.00010382500802257473,0.003041108753073221,0.022399271078508313,0.00195523353927195,0.0006146566309019958,0.005746588809626206,0.011758150709553493,0.004193135830856335,0.002196782433031617,0.006379069256541488,0.01624836343660451,0.0051128201466089885,0.0019529080577562032
300.2401711200841,0.0028619572515113196,0.03392013970045167,0.0005187484224967559,0.0003549145307028967,0.010417462455159928,0.02419405608194935,0.000234094126910322,0.00011038509257371084,0.005635192698746243,0.025491111583539918,0.001881381389193083,0.0007094317157855255,0.0055666803135227955,0.011673563581854746,0.004217200462869729,0.0022403135573375926,0.006237405795046208,0.016322411715719742,0.005114072606815988,0.0019537906477342932
300.15006302551024,0.0029509473497776185,0.034037571441417266,0.0005170414873506066,0.0003513905423458691,0.010681073841827062,0.024053347649840618,0.0002312461750687899,0.00010263799677668094,0.0033288271232908445,0.025221548573302808,0.0018525073994343888,0.0005955410578829851,0.006070704713461193,0.012999605676213907,0.0041987746704051365,0.002192957519426141,0.006186280883036517,0.016382469513112684,0.005111470298061671,0.0019523519065575594
300.06000900120017,0.0029856978658200604,0.03397116621479972,0.000516606939044689,0.00035510919936303004,0.01082824577531371,0.024329767295221967,0.00022802162837558203,0.00010157620847790277,0.001595013803511852,0.024955704355962647,0.0016645742091531963,0.0007084793880484143,0.005193521832452228,0.009369462438922688,0.0040274220523872735,0.0023341343569260936,0.006000814596875575,0.016408790830685374,0.005113701249312226,0.0019529710010761639
299.97000899850036,0.0030603360620593736,0.033975377046656687,0.0005180114430906656,0.00035054299963524,0.010316140818229971,0.024346738953361556,0.00023172486428183143,8.90710897618869e-05,0.005204550485078996,0.02438664264716493,0.001822602833748892,0.0006765028512354537,0.0067092063414590135,0.011538585680401631,0.004145395729842976,0.002433147727426039,0.006021346033550076,0.016478729849261745,0.005110934729666737,0.0019530638388669166
299.88006296881565,0.0030396366421494786,0.03376359285928824,0.0005131931308576679,0.00035330256811591455,0.010336699755068795,0.024314265019410232,0.00024276852520585846,9.494742108174065e-05,0.006186871383620844,0.02311347362950197,0.0020691787822811505,0.0006772896241140119,0.005189709690988437,0.012175091266193561,0.004325162046832307,0.0023671990315648566,0.005853297497493304,0.016522335900302113,0.005110790856097879,0.0019508716488325197
299.79017086360915,0.0028930898196945325,0.033987518080526795,0.0005149509379177533,0.0003549837072482627,0.010605898475654458,0.0244106164247002,0.00024090438624157338,9.736612618251874e-05,0.0027653583874972768,0.02100227102010047,0.002064669206748021,0.000663431246818754,0.006451914651428542,0.012890556459736503,0.004353109166352502,0.0023101147974730774,0.0059435404840431,0.016573008359497002,0.005109147059029257,0.0019519476533296227
299.7003326344022,0.0031164763905206843,0.03390142446866305,0.000515333884512919,0.0003552091851419302,0.010614607705895783,0.024064516921080973,0.00024134533020740164,0.00010373666259259404,0.004944976734813449,0.025173472075275993,0.0020567900492871253,0.0005414828067366288,0.0058568340635818785,0.012014556976628916,0.004317600329220437,0.002114138810517917,0.005912708628029107,0.016535834425662057,0.00510795027722785,0.0019509223932381357
299.6105482327742,0.00294093093080787,0.03378253477276037,0.0005177296617493745,0.0003549238364385967,0.01054311155871609,0.024536242743542526,0.0002320606447384024,0.0001021878694885538,0.003837104811103235,0.018445702540195483,0.0017510162548915885,0.0005754505148532803,0.005598481880821729,0.014075915368352988,0.004082483028730036,0.0021737813904021503,0.005944960797231601,0.01658164399162532,0.005108233801040667,0.0019527951091747834
299.5208176103624,0.0029162816649360877,0.034035597088283555,0.0005169016188011385,0.0003522235636232061,0.01019834322817772,0.024260734319890707,0.0002338518060846158,9.775378747492645e-05,0.008296730376346359,0.021722366451080933,0.0018841771828445888,0.0005321568196977708,0.005011776446999021,0.012896094059676169,0.004187245388648477,0.002183999868001836,0.00582147704359414,0.016569243286433114,0.005098643424184342,0.0019591263954891126
299.4311407188623,0.0029869269071841286,0.03392548521005528,0.0005158927681950722,0.0003519540404467171,0.010486219254130496,0.024137571728708587,0.00023569477147508775,9.82486077329476e-05,0.00684601361535384,0.024382736088127032,0.0017085254413806504,0.0006918556546065748,0.004817233654916493,0.01285020782270783,0.00397392428742435,0.002328745377145357,0.006067403979891319,0.01669082436416331,0.0051071578144593266,0.0019494783761723313
299.34151751002696,0.0030079240268252034,0.03389556931746074,0.000513867215015514,0.0003545716772348985,0.010808993128381898,0.024094740209272304,0.00023627923695428347,9.235712310695289e-05,0.005496857541995131,0.02388058409229425,0.0019114353679703642,0.0007635825205212012,0.004229714398728215,0.013392718904960715,0.004201105024571209,0.002491594214491294,0.004932004581821168,0.01630964003577517,0.005106433830140023,0.0019494560622345313
299.2519479356673,0.0030351271025827174,0.03391692036139719,0.0005189113501635032,0.00035391739326157037,0.010296561093157184,0.024363775164829758,0.00024157670544801803,9.895670429869276e-05,0.008432949348485614,0.02291582954970445,0.0020297232976821287,0.0007129445723242841,0.0031114124244606043,0.01084063780801679,0.004290715155040035,0.002338380169787947,0.005589650544063664,0.01636443379043393,0.005114372785236335,0.0019384998259438474
299.1624319476519,0.002952700882565886,0.03389031063384649,0.0005125636858756869,0.00035385695260853626,0.010653953804834857,0.024189117672560944,0.00023725903691005425,0.00010239412186520999,0.003542150379460535,0.02617750889155333,0.001943617084339462,0.0007582617253608491,0.005590234746569809,0.010158105208153856,0.004241679242542555,0.0023827262012023048,0.0055126774360666035,0.016414558677610946,0.005103325801418198,0.0019506853051759804
299.07296949790674,0.002967311620435684,0.03386021920179187,0.000512745456863754,0.0003473159112965617,0.010550160120831707,0.024796805047401924,0.0002365221726430214,9.870819684877944e-05,0.0033235623339042805,0.018799741019524033,0.0020522856459962422,0.0006335557662828215,0.006220415510136015,0.010186114294742133,0.004368583496745573,0.0022464193923353677,0.006438589162728854,0.017062226127577386,0.005102008928306665,0.0019510135345407295
298.9835605384156,0.0029671413729234295,0.033906882813536,0.0005179682673174621,0.0003520189149708036,0.010653476594221594,0.02408430523987125,0.00023692242261248372,0.00010139364357072781,0.005397312614607813,0.026709851711875728,0.0018685231136943425,0.0005905618473852235,0.00581358531078055,0.010740724093097358,0.004151210599624455,0.002180046608537039,0.005633957286426347,0.01670296157005706,0.0051006916532999194,0.0019500065713326993
298.8942050212194,0.0030491748710661988,0.033821279079899055,0.0005140520513762515,0.0003512346265820664,0.011071198594507184,0.02491447120962363,0.00023610502906126516,9.825962885151902e-05,0.007088715310229167,0.014500803131173395,0.001886476396773226,0.0006675703171017914,0.006826537466856463,0.013738849348697735,0.004172837691154743,0.0023026005471701713,0.005862788381762109,0.016846195548215873,0.005099558127578416,0.0019497492031973905
298.8049028984166,0.0030199666673942005,0.03388929099702291,0.0005159085185743959,0.0003535918871079284,0.009670919634678516,0.024382824913240484,0.0002359462480260397,9.937934416402871e-05,0.015123622397694648,0.024670515229786708,0.0018003186535550308,0.0006890286686161768,0.003991123520696419,0.011778413824267489,0.00409048359496747,0.0023386886260139696,0.005779028445831165,0.016543156189434423,0.005099830830371615,0.0019507126215359556
298.71565412216256,0.003003740987427748,0.03380614440923872,0.0005170591633037232,0.00035282984459845593,0.010863826126783651,0.02366159413776772,0.0002361573774537235,9.966502230476074e-05,0.006812828059331435,0.030504268466405547,0.0019233067364986044,0.000823386549915898,0.006386780703982176,0.010804617114459916,0.004227293639872192,0.002468858952995948,0.005773810507185494,0.016657664372163025,0.005099703045851296,0.0019504515066952543
298.6264586446701,0.00304629009020802,0.03382966560903031,0.000515495585008325,0.0003505693874081869,0.010375854601398787,0.024590121006638148,0.00023446927550702706,9.848986464143103e-05,0.00675092950951502,0.019488605386558274,0.0019163815549851004,0.0006754093047118423,0.004775213090787758,0.011752935014135914,0.004233260039830511,0.0023140236434043195,0.005635085633304386,0.016510915418611577,0.005099327082765849,0.0019509407530303728
298.537316418209,0.003010081188190331,0.033877370313690716,0.0005158123612529304,0.00035294863774045247,0.010055488171732373,0.02399752012630411,0.00023675235744554862,9.284842157947163e-05,0.011298991450116704,0.028782565313907438,0.0020553605025581375,0.0006884856561608889,0.004082562993061705,0.009113536066319053,0.004358591241914557,0.0023656552419715413,0.005681780673989854,0.016658598475427732,0.005098490938980568,0.0019494404118288375
298.44822739510596,0.003050035596667174,0.033751162434234136,0.0005151422245269104,0.0003526897285685436,0.010474693693603081,0.023876805600691067,0.00023876930615923813,9.889114984311633e-05,0.008469313421190018,0.02695460028014131,0.002050764142451739,0.0005496139787337511,0.004807428314807262,0.012217261242798904,0.004334207636161658,0.002154583814526099,0.005845269164001976,0.016690008680811125,0.0050965692987271684,0.0019502206122885824
298.3591915277447,0.003022093136405906,0.03378919428063763,0.0005157865301744046,0.00035111102379295576,0.010765829750599192,0.023935908994307448,0.0002391874396438093,9.703804056789807e-05,0.003512428303280611,0.027932524431064944,0.0019182531350898965,0.0006055202616256524,0.004614362761485345,0.010429578899996683,0.004176133345219028,0.0022490809951027516,0.0056469592075599154,0.0165804898427869,0.005098624159303223,0.0019496671067232559
298.2702087685655,0.003018200973781308,0.033777528400823556,0.0005166520478164981,0.00035155227841875776,0.010649248181841759,0.02444285471561216,0.00024176014229707106,9.789359787389463e-05,0.0017594800598165915,0.02100374685560138,0.0020987674974393146,0.0005278304012641444,0.006201871360883771,0.0112304402159728,0.0043432025570211905,0.0021461535107434974,0.0056173590547351675,0.01681998155918869,0.005097211989604089,0.001951772773944384
298.1812790700656,0.003054871542253561,0.03378558906848967,0.0005148576445724335,0.000350999894991131,0.009771907680134258,0.024020149716529746,0.00023831620064063182,0.0001019675299693603,0.012624724846873662,0.02764977914602979,0.001741573390463455,0.0005421280909491356,0.005166868508024632,0.010443822743140839,0.003997800872593211,0.002124209746779286,0.005614521460239728,0.01656311328928942,0.005100612964305188,0.0019548261810929386
298.09240238479885,0.002997248161831663,0.03379286696095541,0.0005147936813422317,0.00035160140335224017,0.010631307660034135,0.023600290285437687,0.0002361729108431302,9.903536323752607e-05,0.008166198814289911,0.030506386522606097,0.0017552189623287293,0.0006620298879694231,0.005755761893556451,0.01144187507182774,0.004022928696250772,0.0023134430758641206,0.005626011621777414,0.016603234607521503,0.005097877508951537,0.001955373626372518
298.0035786653755,0.0030773587941448984,0.0337419051670215,0.0005159419201984067,0.0003506277665298131,0.010375645060311188,0.023607073258161318,0.0002377882841835804,9.911749382043286e-05,0.009056790540098215,0.03059128082747757,0.0018134807137382414,0.000759638638172577,0.005753832561220337,0.011421754994141671,0.004078686074971309,0.0024190953019282125,0.005633825795922208,0.016542653357996307,0.005102663258222151,0.0019590703750034908
297.9148078644624,0.0030513860495104766,0.0337724326053964,0.0005146383561745904,0.000348995932975376,0.011265563777342506,0.023608356119309937,0.00023812025858038776,0.00010397586888023102,0.010418756917070992,0.03230115444628721,0.0019893596438485565,0.0008151869540132796,0.007176520065641272,0.009609329664568166,0.004283596963993718,0.0024836420012774828,0.005586133089700833,0.016710869586120607,0.005107275308021687,0.0020013186502614104
297.82608993478266,0.0029960701588592157,0.03377564682811366,0.0005145152958268087,0.00035345518256764695,0.011145663694526397,0.024147699839530544,0.00023566886328478233,9.742125576079492e-05,0.006487959253175518,0.021988402907869856,0.00197346422490712,0.0006204036331066686,0.006097206718372768,0.014620853824142336,0.004259172337814968,0.002181071383638625,0.005655035240137402,0.016707135095188133,0.005061466010819256,0.001875005628188951
297.73742482911587,0.0030056291128487556,0.03372052621188157,0.0005148623605177983,0.0003511543205613601,0.010996697680096812,0.02436737247254898,0.00023381258998784898,0.00010121341038955393,0.001606532501449759,0.02282392560531521,0.0018957202158194713,0.0006431177492743744,0.004940784191505551,0.011374744248839747,0.004170582940218494,0.002242724027151097,0.00560700069180071,0.01664058070489283,0.005071774290589613,0.0019185836659807321
297.6488125002977,0.0030557347984346396,0.03372823421710753,0.0005148309356624917,0.0003521443276955068,0.010292047863694045,0.0242756831359504,0.000232937405804825,0.00010180308576737233,0.0054716082543825525,0.02317370376868399,0.002037544315395249,0.000750143387938579,0.006333090709644047,0.010639778113657647,0.004358808441975148,0.002320886201444003,0.0056256220774434,0.016624462039700087,0.005078605484966784,0.0019287824502379042
297.56025290121994,0.0030452882425303037,0.03377684029983079,0.0005136598100370118,0.00035098049396711063,0.010582687755347283,0.02405614793557109,0.00023286878471910066,0.00010022702233499688,0.0058616655551356365,0.024098157695781695,0.0019307774053634085,0.0006267492776292861,0.004915495860686877,0.011933832207690329,0.004231477584375221,0.00221815253288274,0.005637324046546516,0.01663195723268667,0.005081412675226198,0.0019379147639600762
297.4717459848305,0.0029742667888372817,0.033749463097464245,0.0005140367179890753,0.00035095715039828535,0.010362001168041958,0.02427883593962661,0.00023326004589588152,9.861921426927553e-05,0.006060904958644643,0.022784985241888465,0.0019011316034468436,0.0006808123183622664,0.004534882630162502,0.010598537703905626,0.004207432010845569,0.002273794474274907,0.005622595463394221,0.01659123940238462,0.005082985840648955,0.001936154657067427
297.3832917041332,0.0031043286998861234,0.03367304522871904,0.0005136133280416188,0.00035054546101986585,0.010706124886832771,0.024215027039308355,0.00023477608218463642,9.429942106529023e-05,0.0011766008109705768,0.022920692523443628,0.0018303331264021944,0.0005566751658020452,0.005571042975263351,0.011210829558556,0.004124174423791171,0.0022136879427169967,0.005559824235436376,0.016670492431518837,0.005080439226093606,0.0019373990345785957
297.2948900121879,0.002983354530904896,0.033753017607660925,0.0005143984314385039,0.0003507120207187397,0.009873451362180694,0.02401388773307305,0.00023966770424901974,9.612960816214182e-05,0.011634632775680743,0.02695004458357955,0.0019224575551906272,0.0006272070557226231,0.005033817480875556,0.009875066790934266,0.004158269602020769,0.0022749415230004693,0.005546948668428899,0.01662765421035708,0.005080105667778772,0.0019369737773187428
297.20654086211,0.0030319065464238983,0.033740695277231024,0.0005129755759587364,0.0003514437343233246,0.010413818023275637,0.02363614464144913,0.00023743278133059862,0.00010162935169579782,0.00877814988001941,0.030092272988642893,0.0019428070399896613,0.0006356863166471969,0.005083712501552541,0.010441852526383359,0.004207741255029056,0.002235330118372013,0.005587582258322057,0.0166664197361906,0.0050789924772852105,0.0019372226943804212
297.11824420707075,0.002986288955781335,0.03373613762312972,0.0005141571204617313,0.0003527140414741976,0.010120662882040263,0.023883734221636074,0.00023684196635124512,0.00010004613046573645,0.008936680190382627,0.026141781089903757,0.0019114031238755224,0.0007258793110404151,0.005181717223828152,0.011798221839682078,0.004174705412017716,0.002336297012983999,0.005596138759219252,0.016601204856249906,0.005080170498768343,0.00193634218332012
297.03000000029704,0.0030709197895347653,0.033715092244735095,0.0005124902284113985,0.0003508408520456615,0.010622685727764196,0.02402239808383227,0.00023395797203949788,9.661666862714069e-05,0.0031574077129987487,0.026475948167511757,0.0017956002087121325,0.0006068341234547248,0.004620563130047113,0.009232972228600374,0.004099243719829916,0.002234927045627599,0.0056188173789549324,0.016684300305611247,0.005078616272050757,0.0019363958158768655
296.9418081950713,0.002891390981248911,0.0336793672566459,0.0005150951434159801,0.0003507643726855426,0.010274901158344788,0.024012082251925734,0.00023766400426585937,9.421954345679575e-05,0.005560173779444911,0.02538799079283599,0.0018203750233055844,0.0006743379965832393,0.006871971616303348,0.01058825811039849,0.00405774933934921,0.0023456589711546025,0.005627884335656308,0.016640028977115834,0.005077277445524853,0.0019369751206749206
296.8536687447314,0.003109005394512,0.033682771978830774,0.0005130391800082394,0.0003527573437834785,0.010777715717170613,0.024353957967005686,0.00023666578224865306,0.00010209424175641787,0.0007400141375725768,0.021768761727993094,0.0019233308512333533,0.0008527754547287656,0.006082514757183988,0.010283859202693136,0.004186975028591406,0.0024576578638000317,0.005564932494005847,0.016711980228955085,0.005077204613385186,0.0019364648650113112
296.7655816026707,0.003106173687167993,0.033611734300571613,0.0005111667746530404,0.0003505433660573878,0.010280261474643792,0.024109963514245183,0.00023318904698647015,0.00010064905678320423,0.006335304369246047,0.02336436720560422,0.001817370194850237,0.0008150380311637047,0.00572859452770943,0.012276241769176563,0.004138775612069209,0.0024429342794366595,0.005602766064080421,0.016594945494467963,0.005078445616887205,0.0019370671581178838
296.67754672233764,0.0029612228099802915,0.03372548888818253,0.0005117735774926135,0.0003522098125972599,0.010458007194085826,0.02424417249748935,0.00023491955864753987,9.693564545572367e-05,0.00471524939951579,0.0219783806302306,0.001966984590633571,0.0006802003093957569,0.004982362090336918,0.011320966895756318,0.004259160684002086,0.002316995493513967,0.005540323314493842,0.016679552514009505,0.005072599304421463,0.0019403213734123044
296.5895640572361,0.0032958898076085423,0.03364561247283534,0.0005125578721355283,0.00034996531675771293,0.010291910796606773,0.024186967606689636,0.00023490071126055213,9.699555422834963e-05,0.005902296095656671,0.02254440722254722,0.0018159163305184192,0.000661448137202083,0.005171090548732441,0.011797936849115839,0.004102651522150156,0.0022924973356416543,0.005552469005248872,0.016645849206124195,0.0050735290513469755,0.0019359465148842637
296.50163356092503,0.003033875404605658,0.03331602075522742,0.0005136716970149062,0.00035073179006675883,0.010575931901019004,0.024225956973513343,0.00024258611533072632,9.974164138485243e-05,0.00248823590399512,0.02386971719849946,0.002065405993860532,0.0007120801115221654,0.0059257465709113555,0.009980387441422033,0.004284408700997481,0.002334167253780516,0.005546527196624514,0.016600692661590925,0.005075135893701568,0.0019329494792195113
296.4137551870184,0.0027421016279141398,0.03388121779130788,0.0005135876428513304,0.0003492920073767383,0.010614254388266903,0.023948801152641266,0.000239108598812931,0.00010523035001885706,0.004128784269565023,0.024761297832959526,0.0020226679573068463,0.0006620525898963084,0.0050418972064818,0.011348871017951708,0.004287760404736122,0.002197420019713651,0.005689682898898665,0.01665463038705209,0.005077359177469188,0.0019344710361464664
296.3259288891852,0.0029025012851828097,0.0336461741532687,0.0005135791000925083,0.0003505266450672253,0.01049799030160109,0.02431637483425209,0.00023180513012979937,0.00010166605497166991,0.0041528834651894395,0.02098262518919949,0.0018971884940765626,0.0007277363904483097,0.005185246516989623,0.010861982637452009,0.004209812338168546,0.002311106825224881,0.005580948446275151,0.01666172213639455,0.005072261913109068,0.0019379726352161924
296.2381546211493,0.002987854216126508,0.03357481646504459,0.0005123093669177039,0.0003511705206733543,0.010218164719042626,0.024131412447662027,0.00023059807246822534,0.00010149062941598783,0.006150254781223774,0.021886328938895208,0.001932123274305284,0.0005522651826509979,0.006121939092515387,0.013172873785851772,0.004270944724713943,0.0021078121483193574,0.005602071095749465,0.016652558573079488,0.005069969238339967,0.0019362063337446847
296.1504323366894,0.003014162502671442,0.03375437707154717,0.0005139237413096767,0.00035005901478061527,0.010662954250638443,0.024110464115362166,0.00023285926521996134,9.713126466482992e-05,0.0030858800405791746,0.022865852738693185,0.001752289828298385,0.000586875883371751,0.004102810816192955,0.011514923029813147,0.004022244863824218,0.0022094982673355936,0.005537001725170166,0.01664040646234074,0.005071227578847579,0.0019360264710039635
296.0627619896389,0.0027634677929870293,0.03361768569851173,0.0005121628520275139,0.000350741811168893,0.010269388907079575,0.02426374215659534,0.00023868347006020707,9.356717120423725e-05,0.006115699046568181,0.022078312009562683,0.0019341671104494028,0.0007007172646206661,0.006200241710617627,0.010625775210523011,0.004179162578894893,0.0023886643735215557,0.005616053445645321,0.016599089300181606,0.005069581847287293,0.0019352010644059867
295.97514353388584,0.0029971121287519224,0.033552154983121106,0.0005122405219146342,0.00034908338519159436,0.010542012838156204,0.023953042319587937,0.00024254863611062387,0.00010199604346985185,0.0027690070911814448,0.024213823396927868,0.002028184799537722,0.0006690978386826504,0.005646463267702675,0.012130889016396754,0.004243868488169916,0.002251490438670994,0.005573579807106764,0.01672280974748781,0.0050691911120489186,0.0019353992169925775
295.8875769233728,0.002853064548105436,0.03353007928298534,0.0005126807936049088,0.0003499681080960903,0.01053624529693302,0.02434470712066052,0.00023232203175203327,0.0001051764776245183,0.004107371089833743,0.02196212207978768,0.0019405032810027357,0.0007369242166120516,0.0058106000422872405,0.009689712028355366,0.004245403398911752,0.002299038163196612,0.005472973728079304,0.016576075781481625,0.005068010275082438,0.0019349567854785139
295.80006211209707,0.003110503026662216,0.0334757352794661,0.0005128713386382002,0.0003489817064381707,0.010225929931458677,0.02386140701261729,0.0002371795052032035,0.00010367573136743059,0.008560442641264548,0.027583427810298218,0.0018242612829685338,0.0006824869324452485,0.006187903312052909,0.010512944947674963,0.004074244145048361,0.0022388382744510157,0.005626862693123099,0.01661508015312633,0.005067406915738673,0.001935343502742426
295.71259905411006,0.0030447331533143994,0.033705968184711235,0.0005125742062971857,0.0003505424578655714,0.011173397321994218,0.02413611957210947,0.00022850513538797781,0.00010419167324183943,0.004405604839357785,0.022295334884865126,0.0017756514010190832,0.000777938232689806,0.004831765271874837,0.012617567312160417,0.004094507371906422,0.002351880791019073,0.005555798880610408,0.01670710254516793,0.005067209270197978,0.0019350532203266026
295.62518770351767,0.0029273914969738706,0.033479517678145006,0.0005134702742187413,0.0003512967630450945,0.010033872905443273,0.024621576523574294,0.00022715051246678983,9.751175960822518e-05,0.010213379396294003,0.018651592138841107,0.0018242903786093883,0.0006776207637510835,0.005140521986010169,0.009987994772305426,0.004172117241774203,0.0023068254274134434,0.005537467457363543,0.016664798034232868,0.005065933119723822,0.0019354152708660536
295.53782801447994,0.003154103154573328,0.03352799756889914,0.0005126488208684041,0.0003492414170260984,0.01044910361404874,0.024015989831711295,0.00023640276520846265,9.184193040592879e-05,0.0048409237089004405,0.023593408905165467,0.001915092827132513,0.0006726114344464603,0.005948494958726777,0.011872407343449756,0.004175517984031431,0.0023553918993701145,0.005370574262657959,0.01666955810732999,0.0050656465694882925,0.0019344883763849617
295.45051994121127,0.003035301996697631,0.033636581390910913,0.0005116378620613765,0.00034989873946822295,0.0106340542121693,0.024464692775796118,0.00024102309486111542,9.816889198216275e-05,0.001230612533728397,0.017891335092711406,0.0020838945144080762,0.0006135354926558196,0.006888785386304177,0.012804210221866305,0.0043255626906756476,0.0022293457896760192,0.005527421090737293,0.016402928795542303,0.0050646499192573005,0.0019353447010363874
295.3632634379799,0.0030057319172598403,0.033487927933996374,0.0005117631383335812,0.0003484082565498484,0.010367587386169195,0.02437246780265371,0.00023826098504670071,0.00010070862574614354,0.004425235820032604,0.02052850644193167,0.0018813516076149098,0.0005072357290485469,0.0061929548541049895,0.010442990483288174,0.004123347139528258,0.002076453121275693,0.0056120788108961995,0.016581208581583202,0.005065440757400573,0.0019354570072751764
295.2760584591084,0.0031043901342950844,0.03350688994329283,0.0005113808834845339,0.0003499537436877263,0.010169568563464598,0.024255157469729324,0.0002364418918147451,0.00010118937792157886,0.008006410347240847,0.021323218943374377,0.0017579267335544803,0.0006131316959694376,0.004099584232138718,0.01146227599453944,0.003987744111106173,0.0021870081801557916,0.0057109125192383895,0.016521901028958792,0.005060005058341699,0.0019366451645249428
295.1889049589729,0.0030362913090597925,0.033512427291232376,0.0005137631617091082,0.000347451539982081,0.01024097114375402,0.02399370734804904,0.00023194962186964317,0.00010229045440149244,0.007654166539949683,0.02598383411185308,0.0017200554520395656,0.000810537453421802,0.0045514234933536,0.008768092187646091,0.0040003431808716865,0.002405893735318735,0.005581081857485185,0.016792357377718083,0.005064945571844645,0.0019380053166988276
295.1018028920036,0.0030870194575877137,0.033548210316463704,0.000510020035773711,0.0003460594079512565,0.01054875282035488,0.024342056969448644,0.00023439503242237805,9.576769351704692e-05,0.0032293801632847095,0.02001876598321593,0.0018902573526514818,0.0008379478283272081,0.005169401997342422,0.011573651492708642,0.004182653529556094,0.002524007699169339,0.005522518744290467,0.016634444144959726,0.005073413366476342,0.0019565464330540427
295.0147522126844,0.0030489218705128133,0.033416792833834606,0.0005090724120352316,0.0003492390461187601,0.010092242389034327,0.02425605006774402,0.00023642393099941613,9.95455231946879e-05,0.007870667210811576,0.022868469615744708,0.0020150981173271874,0.0007370916231493554,0.0064710314394800005,0.009153559795449462,0.004282355596001134,0.002309449260005782,0.005523698344588319,0.016664884968952416,0.005047288388030536,0.0019091208504519118
294.927752875553,0.0033451121630772916,0.033354953128838696,0.0005109019319536609,0.0003458377089050875,0.010278954567126512,0.02432894691538063,0.00023281113321653357,9.931391426432324e-05,0.004329183451499874,0.02046507705006933,0.0019174556849940723,0.000697845067100802,0.007171071415556022,0.012298391921362227,0.004213490499733405,0.002287527474010634,0.005510403988949717,0.016522386128817797,0.005051026110646277,0.001924996337758071
294.8408048352005,0.0033820080987302017,0.03352821180194816,0.0005143010598677721,0.0003507243478157624,0.009909604999541613,0.02419607779872345,0.0002350763132522068,0.00010347197627871094,0.008576041810482963,0.022872494977748858,0.0019589445203470786,0.0007211261983208167,0.006344235956629764,0.010928762967104525,0.0042389344821333426,0.0022742501690588817,0.005595238527928863,0.016700986567970446,0.005055721436763278,0.0019236809190471907
294.75390804627176,0.003456814193396496,0.03370460658667578,0.0005100005539787969,0.00034843153311428954,0.009881278236829548,0.024089185000159632,0.00023194288567132999,9.866413999186167e-05,0.009465257247740257,0.023650564525880075,0.0018426090794563545,0.0006883656678228657,0.006927276792443705,0.011546753801768644,0.004151345430860204,0.0023014692152345507,0.005539448647132629,0.016567012849296035,0.005055867255297806,0.001927295219047548
294.66706246346496,0.0030375312895121157,0.0338144171574051,0.0005112565746897983,0.0003504203227106075,0.010124923038630617,0.02360416811382006,0.00023465365524445798,9.829352525528794e-05,0.011923172993601763,0.02654749682399477,0.001957361618565939,0.0005930059451762558,0.003861798611628079,0.013077767810502955,0.004236784914455023,0.002193893195434541,0.005532736521524002,0.016656619339614858,0.005054883553979747,0.00192737438991503
294.58026804153167,0.00334974299201978,0.033227073530264065,0.000507346269315138,0.0003492657160357558,0.010502367994563062,0.02395411087203106,0.0002331681206139291,9.863784647230602e-05,0.004484958319337789,0.025493944255158062,0.0018052801298708472,0.0005422094429653496,0.0033806327349936304,0.009869460430050605,0.004088823415818664,0.002134708454087612,0.0055393712093587556,0.016530873503669094,0.0050542015472778016,0.0019284133045684006
294.4935247352769,0.0035504094958323904,0.03394839081796077,0.000511391140778156,0.0003489055111357189,0.010198933665278166,0.024245876921675586,0.00023648853584787383,9.616300650887742e-05,0.007397207414019013,0.018999032116944335,0.0018768112598206946,0.0006060371116623747,0.003928561581552325,0.013392921015057228,0.0041164425147658945,0.0022386089423455813,0.005595624041389123,0.016612192294707877,0.005053511149402038,0.001928076936829829
294.4068324995585,0.0028913263129537285,0.03307743550143892,0.0005097214239031915,0.0003489574614354377,0.010406746516524464,0.024012676617403795,0.00023471798492285157,9.858835617864487e-05,0.004511985863124938,0.02299335482191005,0.0019315728259151155,0.0006562222154499127,0.005262918075362776,0.012185958227546256,0.0042144438048911945,0.002256926071625498,0.005583220985459742,0.016601949989151835,0.005052969938138649,0.0019264695262693695
294.32019128928783,0.004342269100746024,0.03356406195829482,0.0005106084273126276,0.0003487051135797818,0.010082172854400285,0.024164547224163602,0.00023717306816163232,9.826689321191281e-05,0.005421647540683405,0.0214069381295258,0.0018690743245254678,0.0006749050235281266,0.0067510934792845215,0.011748210778127672,0.004112784576689267,0.0022909012649539764,0.005555804937534534,0.016639270799406723,0.005052556426191002,0.0019276170597948392
294.23360105942925,0.0034570060401451193,0.034034371049885284,0.0005099211343992178,0.000348208662086862,0.01010704288915881,0.024001707313877654,0.00023460511595103237,9.919847700358593e-05,0.004971716461294669,0.02291057747918324,0.0018282242234469832,0.0006884212075897057,0.007903261668179255,0.011428002233068207,0.004099062791527025,0.0022956796092444835,0.005503480539493136,0.016610276864655743,0.005052182361652027,0.0019265484460286347
294.14706176500005,0.004180295027961927,0.03388724925665944,0.0005082343664918886,0.0003500859494858796,0.010350455366597622,0.024152456208796455,0.00023455961911930898,0.00010435969292946134,0.0027591264096903205,0.020513439336334482,0.0017620806054725313,0.0007558737647087716,0.0059983304766721085,0.0125798286335993,0.004019727897790314,0.002328481715725218,0.005486612508757434,0.016567778038853495,0.005050231281714347,0.0019268408781060334
294.06057336107034,0.0036144211558433747,0.03566788159438693,0.000509331554654283,0.0003493075250155949,0.010372232358044594,0.024544254176630774,0.00023718919976511396,9.890677857541066e-05,0.008054337343278024,0.013135164518459209,0.0019084099683860515,0.0007225887752179595,0.004292027722788798,0.01248424179756383,0.004150046745935543,0.0023459691061862168,0.005557021168243317,0.01656269983452021,0.005050354701654517,0.001924516163439993
293.9741358027631,0.003849405627434337,0.03162723162732521,0.0005093626639630044,0.0003499864643782585,0.009680308679088654,0.024205915826266154,0.0002341570575288787,9.923834889513147e-05,0.013302863851520552,0.02431363445158846,0.0018991083938726106,0.0006578933749560544,0.0037521285571680547,0.012066993172323945,0.004171804903893919,0.002260032024678068,0.005524491212922234,0.016538181582094625,0.005049371485572904,0.0019250689851956868
293.8877490452542,0.002435807667116694,0.03159467751135727,0.0005098613506273235,0.0003488249294505357,0.010937697354033656,0.024393018768825075,0.00023352997380519716,0.00010492732574985848,0.0016059560370047135,0.020771916109111235,0.001927943222043464,0.0006981028949526737,0.005412818074948068,0.011555802473776399,0.0042008937135387435,0.0022424457653728446,0.005594608079041023,0.016553311128464337,0.005047715310713546,0.0019239294387746687
293.8014130437721,0.002887115856156816,0.03414634254447531,0.000508173631576152,0.0003464754582094141,0.010084916169399901,0.02436134041855867,0.00023041141147952797,0.00010120279208217203,0.007140810260984692,0.019134273608489023,0.0018506379882717657,0.0007086475306665249,0.007289795822296985,0.010600223275070798,0.004167349216522396,0.0022780534572037726,0.005530839503325471,0.016602354238438723,0.0050462196817487506,0.0019234300741270856
293.7151277535977,0.002003943740472076,0.033311789006454366,0.0005099446546858996,0.0003482454295904639,0.010449104971968003,0.024254937475308616,0.0002346974410459985,0.00010023017854213162,0.0037103179719439796,0.019889118152187378,0.0018905833454615887,0.0006638264782428052,0.006532332767159887,0.011683833348480065,0.004157235849759791,0.002251418778682522,0.005570111406653312,0.016577100977111917,0.005049532683857376,0.00192114810100681
293.6288931300646,0.002764699691850357,0.03326369752895257,0.0005090813271091236,0.0003487915530639335,0.010306078021949383,0.024111455579953516,0.00023714655876259537,9.889785858329022e-05,0.005206467281233232,0.022104848193645766,0.0018897723111655465,0.0006495416470707089,0.006375517844937232,0.011065782216718296,0.004132670312005813,0.0022583326826625095,0.005549067296244751,0.016612069696872424,0.005040219852170985,0.0019309222298163724
293.5427091285589,0.0029911488115540214,0.03331603272299613,0.0005102888853401529,0.00034881176080992583,0.010976524232225037,0.024129899018907768,0.00023122190969221743,0.00010518191259694031,0.001692674299684713,0.023386037684034886,0.00186165432913072,0.0007042974313635279,0.0037661293410330824,0.009585384375015363,0.004150061513481766,0.00225136425278505,0.005526104333704048,0.01653318564617546,0.005044024184832658,0.0019265228084571228
293.4565757045188,0.002932049547981804,0.0335269433386207,0.0005091584475461954,0.00034702050912248947,0.010486458259980617,0.02459195360745401,0.00023220612406990812,0.00010181594332629269,0.007382051304426136,0.014966474777555179,0.0018501406904273753,0.0007085122068880969,0.004700107094479033,0.01226404292877085,0.004134597611490648,0.002275135755961476,0.005550497804851513,0.016548431766937013,0.005042803508089042,0.0019252387254672112
293.3704928134351,0.003006160081588864,0.03335424226834108,0.0005097281698780898,0.0003490896684491636,0.010523216955409555,0.024491511390750474,0.00022099014927408174,9.824737742652975e-05,0.007521578655480488,0.017467961436629906,0.0017680914322961972,0.0006797110736279044,0.004273239699177237,0.011056395070039662,0.00415414808523615,0.002296220320153444,0.005485183516173389,0.016528077036818863,0.005042710679977618,0.0019251029999610419
293.2844604108505,0.0032511925804407436,0.033659812244627656,0.0005097535230514068,0.0003491182506115269,0.010268621188493407,0.02463696156946239,0.0002345804236608763,9.309724250900206e-05,0.010170310635685208,0.015526178216751644,0.001868871935221461,0.0005722244968970295,0.007578352428937031,0.01150606027577791,0.004127019886954397,0.002219648409356338,0.005603648518945939,0.016566633059302414,0.005041503863874683,0.0019244437914569719
293.19847845236006,0.0027161346647970115,0.033670997719107025,0.0005099683774675448,0.00034842670516569194,0.010386533107235123,0.024289549834976137,0.00023158682701290777,9.336423244752688e-05,0.0033418305258956886,0.020052170401008537,0.0018467151728634897,0.0006092867496764849,0.007586754150910385,0.010080810355141382,0.00413426732403972,0.0022530994283529765,0.005451898138902292,0.016828619989950288,0.0050403946740629445,0.0019237998172512178
293.11254689361084,0.002703179938618091,0.033283832811716874,0.0005092925616157471,0.0003487598411715929,0.010210963382174509,0.024436019562178588,0.00024073823457981184,9.628874645270196e-05,0.0076945770902659355,0.016963131073255987,0.0019144034075981875,0.0006079980446823815,0.005201718074774164,0.01336499704320772,0.0041203799888444624,0.002233619060395091,0.005281743970257282,0.016499085095722506,0.005039998613307109,0.0019236652129231335
293.02666569030185,0.003010964799793407,0.03350384145840076,0.0005080750395218143,0.00035007372103450354,0.010567724996190044,0.024118028984633014,0.00023688524356376735,0.0001053460602519375,0.0015666071207400302,0.02095231044667938,0.001956565641737212,0.0006608764983283621,0.005711052473850511,0.012086417922360718,0.004195574336790555,0.002196689242466413,0.00565887922312008,0.016359868964704278,0.0050392826474092885,0.001923157971117099
292.940834798184,0.0028904361117542327,0.033287784466734076,0.0005104198417280356,0.00034747204533839453,0.01040682948713511,0.024417223549841403,0.00023055356279483557,0.00010518830170284714,0.007275436498804319,0.017564119721960817,0.001802189708638617,0.0007112133922201828,0.003501369232379985,0.011360771848633319,0.004086060635257794,0.0022539714459862774,0.005146902518991528,0.01636525231528214,0.005037903916673459,0.0019235671986165214
292.85505417306007,0.002487827358557875,0.033325321062527044,0.0005077028576846944,0.00034736016771407647,0.010630446400037012,0.024145628045918056,0.00023453846310872933,9.914182553274788e-05,0.0016490851556950333,0.021133937525763338,0.0018172603011841803,0.0007097158897570694,0.005347338658391973,0.010632938223034507,0.004065087108081488,0.0023028014670871512,0.005369406614738065,0.01666955510687353,0.005037402745691773,0.0019231747948752996
292.7693237707846,0.0028563967465371587,0.03349090717808848,0.0005071742092104743,0.0003477067116649596,0.010581391460689886,0.024541634437476957,0.00023018585943246301,9.76568648196112e-05,0.004052147644280986,0.0176327916576463,0.0017945967368893508,0.0006645677193484676,0.005183100071323158,0.009915819021992367,0.004092681491970187,0.0022710401598620045,0.005403222064729845,0.016533508885803443,0.0050361846682534725,0.0019223779620301611
292.6836435472637,0.0028848004695013574,0.03350883188122223,0.0005077512507525824,0.00034854375794663356,0.010478107858497468,0.024304618237377663,0.00023533646951770797,9.782120239966509e-05,0.0029095507557987768,0.018036428268769354,0.0019146613342938075,0.0006780476443589405,0.0054124090893297476,0.013003974812761965,0.004181175551651679,0.0022850168466739995,0.005472987395634536,0.016564556039016805,0.005036334872265871,0.0019224885362260215
292.5980134584553,0.002810262731390398,0.03347260658236353,0.0005099775011595862,0.00034942691724620126,0.010638296752351893,0.02416491492761213,0.00023994159858513057,9.882418787772901e-05,0.0014429318053161345,0.018132103645338113,0.0019348817110594113,0.0005977775126079559,0.005201016065781647,0.01436408259968697,0.004153853937784359,0.0021931217157078143,0.0054677521604630614,0.016564774220522605,0.005035165165484897,0.0019215524321220703
292.5124334603686,0.0027916634698337043,0.03358762342516235,0.0005083801794443104,0.00035125164809520404,0.01077189199009241,0.024252095095136324,0.00023633369539814003,0.00010006876706596705,0.004685512473612301,0.018727645685141073,0.0018718128945702235,0.0006131365895970489,0.004231033667882154,0.012186918162415671,0.004108305222058827,0.002214369582219709,0.005548972222307048,0.016573125041913477,0.005034162534142111,0.0019219590432302985
292.42690350906435,0.003204059223282239,0.03317604612483234,0.0005083594749171437,0.0003470318516104538,0.010449603402885255,0.02426228440156146,0.00023572646687795,9.695626224251484e-05,0.0044946586526486195,0.0188074505710726,0.0018560191258644079,0.0006260206115135891,0.004894312002382844,0.011630042283329532,0.004092479239593427,0.002251219009160958,0.0054883310084228795,0.016586336502351334,0.005032519796946708,0.0019218260817160022
292.3414235606548,0.002291071828807379,0.03320281558277105,0.0005101379979808562,0.00035111272449398645,0.010453022556268232,0.023882067186426825,0.00023077557357301166,9.950862015932215e-05,0.002344715302348964,0.021769250872625896,0.001828781281944367,0.0007189938056199139,0.0060556348407829605,0.013174497903819792,0.004107511236040799,0.0023275547209470884,0.005477726620020952,0.01654608615307914,0.005032555166546665,0.0019192560356237562
292.2559935713034,0.0029146796930634277,0.03368908379284689,0.0005246585362595855,0.000358621007531288,0.010719752060022847,0.024129116408326438,0.00022852358103400846,0.00010074226988994185,0.0017894130625607206,0.01959383691272539,0.001933535229658953,0.000696406340593373,0.0062144971224397955,0.01258963140502081,0.00422203885667867,0.0022967390517327027,0.005434522633139505,0.01651863396775047,0.005030391820574539,0.0019206323792002739
292.1706134972247,0.0027355883833992487,0.03243639885836718,0.0005031473966930677,0.0003477070749221444,0.010710751157274188,0.024262795908433644,0.00023026590024169603,9.658693925559843e-05,0.0027164722170438032,0.016624512141312785,0.0018581896989764335,0.0006270614800332073,0.004341848132112307,0.013860497808188921,0.004160770975843919,0.002218609902473381,0.005465044606849533,0.016518698403719414,0.005031634769874815,0.0019214360638354694
292.08528329468464,0.007336636141792252,0.02699759164742799,0.0005049481640060637,0.00034656540820169755,0.010659736140269084,0.023992440589361907,0.0002332977239825101,0.00010165737492079727,0.000923515877245838,0.021220262970083,0.0018792878391996077,0.000678213118825856,0.006192257474953658,0.010969627343705298,0.004152284922305323,0.0022454304633296755,0.005530325668097719,0.016503386777765024,0.005030787776211443,0.001919674546825659
292.00000292000004,0.002666332800019358,0.034416126440479686,0.0005037709660473419,0.00034580206417171686,0.010574841185816867,0.024195138886543868,0.00023257128828305682,9.915136734985794e-05,0.0016480421362069565,0.017818947592330634,0.0018714553981564472,0.000681697152320538,0.005897113108080927,0.013598571702970687,0.004153866695986498,0.002273160367096597,0.005521932155642877,0.016525428435867268,0.005028257532087041,0.001919356090039929
291.9147723295389,0.0027962444952385453,0.03331908328456523,0.0005102569131923824,0.00034322482079846657,0.010384850562334574,0.024149976234983328,0.00023392294456662678,9.878729960982999e-05,0.004499048340064041,0.019591961001261694,0.0017590285205646553,0.0006788195950113753,0.0051351863764269685,0.011740469450979457,0.003999000826009328,0.0022749010546171946,0.005555551874115416,0.016550646311366404,0.005027956118162398,0.00192003224888025
291.8295914797199,0.0023923564405295963,0.03397191761929871,0.000509380817439618,0.00034951740671911984,0.01077654533763608,0.024181491338376663,0.0002343254498399853,0.00010582146293621622,0.0019152037355531437,0.02062786027260149,0.0018382314621860892,0.0007055267396387516,0.006231245312016392,0.011770802497817931,0.004074962240655853,0.002240797121823949,0.005537855426623773,0.01653819959076178,0.005027341581942732,0.001919099107300186
291.74446032701286,0.003325640803307697,0.03367828625487802,0.0005065772306645415,0.0003475752506301916,0.010515256932222068,0.02427913643392471,0.0002308815317569955,9.937881926131399e-05,0.005780766052976003,0.01867689747193017,0.0018669333625174352,0.0006245247435362726,0.003517064296183792,0.011380324659585958,0.004163802955851139,0.0021917683513355823,0.005477579785517883,0.016538388953613797,0.005027301388619886,0.0019191997756231325
291.6593788279382,0.002759715991760847,0.03340984905582401,0.0005067999652954959,0.0003467383080039154,0.010558672696272987,0.0239171871007203,0.00022793657215430246,0.00010079014390262262,0.0023337164130480784,0.022517431350766594,0.0018617790658562274,0.0006593137304238037,0.005016631559207183,0.011001070666617053,0.004188088777947957,0.0022389601891775733,0.005456711824701201,0.0164920980701624,0.005025728917349245,0.0019176476359879986
291.5743469390671,0.002917923696698811,0.03365880069958309,0.0005032873909263468,0.0003472615619529884,0.01061197054954204,0.02400961907496698,0.00023372127138820943,9.905154181395703e-05,0.0017028345731454736,0.021187281997260738,0.0019266809966306747,0.0005843870390402399,0.0043169646163913255,0.012223733647781778,0.004195806110021322,0.002178614352932385,0.005452888498311531,0.016494144829840966,0.005024897224934538,0.0019192151201682705
291.48936461702135,0.0029348894108597195,0.03337634182088011,0.0005077170968618032,0.00034630861570785057,0.010690639392322242,0.02428295690268715,0.00023630618651508567,9.542258163883381e-05,0.004344147035474602,0.019791147640412645,0.0018732511222697018,0.0006131702294860856,0.006121275009182592,0.010007955666022824,0.004095686489777313,0.002231984680305973,0.005525115960511365,0.01647579892291623,0.0050245588522857595,0.0019181291765731116
291.40443181847326,0.0027850576891205354,0.03351589830492877,0.0005061994891682131,0.000345451212982686,0.010245856473713483,0.02393388371043426,0.00023728793033376438,0.0001039224713022136,0.006009706705218344,0.022079487582393004,0.0018749916717985993,0.0007342731915927533,0.0044417761811882915,0.011957822946594884,0.004102438560854664,0.0022893583606662005,0.005522158652203635,0.01653204952261044,0.005023828572059568,0.001917637233069031
291.3195485001457,0.0026881451914676155,0.03359801189073595,0.0005078825491496364,0.0003446730808951226,0.010947748065982182,0.02394631749116179,0.00022905018086437172,0.00010252501181743955,0.003656671317237972,0.0235313116706979,0.001752551929023764,0.0007196860824008457,0.005412158393489193,0.009760794916924944,0.004038816109555574,0.0022916609364978242,0.005521884822540772,0.0165078120932127,0.0050236320461787,0.00191631319969137
291.2347146188119,0.002994320646027675,0.03366800342887,0.0005063534694033292,0.00034600253552128523,0.010474931787168823,0.023956402671407105,0.00023030766303768597,9.785834444136535e-05,0.003159798499536054,0.02254162858817208,0.0018832097741845175,0.0006353386874762668,0.005935163514822722,0.011683114964973079,0.004163264291407979,0.002232889465011837,0.005486645974657728,0.016559857660199875,0.005020921042388501,0.0019162449971221267
291.14993013129555,0.0029960482800191596,0.0334382928997937,0.000506899692597684,0.0003474196260647608,0.011587771058265183,0.023955911199814214,0.0002323454402155354,0.00010760582836794605,0.012797380177401943,0.025583554295609687,0.001902872179474763,0.0007392532390062616,0.0067110240863376336,0.012075149750367798,0.004169302734925563,0.0022507471265936613,0.005466675365221885,0.01652009567232036,0.005020882105590995,0.0019174005548534476
291.06519499447035,0.0031179500078335563,0.03341337175684937,0.0005069040900011914,0.0003461065770855302,0.010651491833955985,0.025183872674932044,0.00022657429173425638,9.774934046238859e-05,0.01134268457299344,0.007967872516003961,0.0018680037481341913,0.0006615620972760725,0.007071294702157761,0.011564446626638749,0.004190594911401531,0.002245802097278014,0.005442145105915591,0.016510318215176418,0.005018878359592975,0.0019159622136258549
290.98050916526046,0.0030058687116003174,0.03343444999153625,0.00050638448718272,0.00034445363125946467,0.010445939165213917,0.023691941372749017,0.00023197205946593578,0.00010184875524737598,0.006056185651856295,0.024446649439028644,0.0018532345082321996,0.0006643954438795449,0.0058544552582187916,0.012329867575725566,0.004147262945453089,0.002210112431350326,0.00547070401517419,0.01646261763225954,0.005019695338437155,0.001916085599597142
290.89587260063996,0.00294261087448367,0.033586508025992036,0.0005058649051078319,0.0003459136662903539,0.011460484774455505,0.02419352504424519,0.0002269267470531306,9.927193236803395e-05,0.010211334487404952,0.021937425844716207,0.001730941235636612,0.0006700000476241029,0.0062743106579904884,0.012504772917284267,0.004044681329924455,0.0022705804604508575,0.005499197028301156,0.0164368354796512,0.005017320050731683,0.0019148325309591178
290.8112852576331,0.0029913063093210336,0.033402313451012855,0.0005072991290418018,0.00034519727297011417,0.01055313949468491,0.02472175251217661,0.00023401589295893234,9.31951911656055e-05,0.00927984816530305,0.009983366567417603,0.0018632324565192226,0.0006115858233511428,0.005482954256741765,0.013891463284775677,0.00410963179066451,0.0022594307883999844,0.005513543572430661,0.01646559065941162,0.005017518331312126,0.0019155195829920096
290.72674709331403,0.0029600428787991875,0.03342385945030096,0.0005055685183627365,0.0003463847433473756,0.01040717324422709,0.02408750712618576,0.00023212548588977011,0.00010231917860641963,0.004222032119865357,0.020691371919798775,0.0018220782378325308,0.0007178208172902205,0.004498487827223886,0.010853737692446486,0.00407823083980668,0.0022868274939790824,0.005459708509226448,0.016534224593815202,0.005016159280146152,0.0019143510877038697
290.6422580648068,0.0030065568378663237,0.0334829136094339,0.0005073099989678751,0.00034708712707049073,0.010719564164977791,0.023868498338859383,0.00023002815084790493,9.386975695752233e-05,0.0001357711771091319,0.021175182027543964,0.0018278610429492026,0.0006083491466925463,0.004195698252316791,0.013136686303722415,0.0041011946179486366,0.0022509044571957055,0.005508132582702058,0.01654700644056164,0.005015072279088727,0.0019147012403673558
290.55781812928535,0.002985608183893877,0.03335698258235971,0.0005081297711585582,0.0003467300948864827,0.011554670743234094,0.023972014649021222,0.00022281364148663837,0.00010106948537182408,0.010593271492519964,0.023951771628610247,0.0017101425167616847,0.0007173845794022913,0.005636733692680804,0.012632865501554848,0.004042481765975527,0.0022742396695532422,0.0054799047761233,0.016522878748966324,0.0050138611150364,0.001914608433998222
290.47342724397333,0.003051558751035144,0.03338672839214413,0.0005038998605291423,0.00034640777291250523,0.010984221938971733,0.02529919561582939,0.0002348387756380416,9.1301545744094e-05,0.0163102742698033,0.005130814614653666,0.0018723299190662244,0.0005037248586116109,0.004273447526299115,0.01254588567570637,0.004107131212700346,0.002144585946627039,0.005509570408338588,0.016450126283722884,0.005013265389566339,0.0019135628765342063
290.38908536614406,0.002995304606347244,0.033303505754586384,0.0005053331895087986,0.0003429574232957995,0.010643267092131368,0.024572118064638927,0.0002347976457156768,9.397073247866e-05,0.005188899391691417,0.011917179375763174,0.0019124551394809894,0.0004982451446972585,0.005863162206898643,0.014100817718712392,0.004143852087346831,0.002114720249670119,0.0054406158356959744,0.01645250697589534,0.005013448371559762,0.0019136302523265303
290.3047924531205,0.0029101169864208494,0.03332685003280519,0.0005074419985404516,0.0003457432976857139,0.009978596803550732,0.02507445696908727,0.000233709639284829,0.00010035868462554952,0.012887891012367177,0.00987517997479448,0.001883125672636061,0.0006795909893549066,0.00404575352075762,0.011583169617816604,0.0041198687237158265,0.0022320450311287834,0.005461753320337809,0.016443983832434877,0.005012729829463139,0.0019135802192264493
290.22054846227513,0.00293030529284605,0.033342693210933826,0.0005048297610349814,0.0003426086228528286,0.009922846529754612,0.023766794433417854,0.00022877181214264102,9.620872652434852e-05,0.009362169080237041,0.020795768826288148,0.0018024703434325695,0.0006286775009357951,0.0049487746701705505,0.0145796901188789,0.004104284871808987,0.0022275417196949633,0.0054698498736305634,0.016465998189902572,0.005011481365246995,0.001912312951483105
290.1363533510299,0.0029747360691081723,0.03338625251795447,0.00050805268586944,0.00034754375472641685,0.01022701101966406,0.023704992916205026,0.00022862828328443517,9.673391741032655e-05,0.004601273375037465,0.024313000917966277,0.0018645300048238497,0.0007025698477787475,0.005974416353231339,0.011128279999613262,0.004166270557327733,0.002317460414195114,0.0054678801380497275,0.016498416028044655,0.005009394395910849,0.0019124262640412462
290.05220707685623,0.002922142143984168,0.03336423879902886,0.0005121258468218813,0.00034195439144449753,0.010984272002559,0.023729278890697193,0.00022435366862036402,9.655209446313037e-05,0.004061768531974183,0.022213716243525954,0.0017871813467335,0.0006287737271414526,0.005278989707678143,0.014167192104623583,0.004119512863218843,0.0022474752106008034,0.0054757656506621444,0.016472444745734848,0.0050090124578687735,0.0019127786560954698
289.96810959727463,0.002992292671244157,0.0332830469416694,0.0005011382422647649,0.00034421508200833625,0.01026461167024465,0.02440615586405646,0.00023622832704458328,0.00010018773739230707,0.0046469570247746035,0.016762074611817966,0.001908980097554156,0.000682599041490772,0.007130714621563163,0.011086395046940352,0.004130285062985464,0.002268114096247131,0.005408446503398369,0.01646133388763541,0.005008181342860455,0.0019125523647367253
289.8840608698551,0.0029817944808706856,0.033312849255171195,0.0005055074558346737,0.00034382561776680665,0.010652830477241757,0.02354081340891408,0.00023191316775484803,0.00010219669950374222,0.004901596733108446,0.026221110912924384,0.0018837891319222332,0.0007276961784574408,0.005249666868826721,0.011272598583874884,0.004130983552652543,0.002283781483777353,0.005470785428789874,0.01645335314011069,0.005007363102419008,0.0019122294835599595
289.8000608522168,0.0029691528265640386,0.03340817603405966,0.0005060353288934654,0.00034557382141790793,0.010390177679614348,0.023728933516681185,0.00023039339794219657,9.66307718741278e-05,0.0034480180878530523,0.021494146902898064,0.0018255674011994226,0.0006276969013772099,0.005445832466838684,0.013662525225456953,0.0040986280080635915,0.0022355880024540766,0.005512628543549772,0.0164609832847684,0.005005789082678922,0.001912552321396295
289.71610950202785,0.0030981113810519046,0.03327446391419294,0.0005060613709698351,0.00034986085698988115,0.011124910556494947,0.023671281978666064,0.00022936677671456866,9.798013143733024e-05,0.00617420009472367,0.02509899071759868,0.001798179435941631,0.0006290585522913192,0.0050924225604115905,0.01216293282055279,0.004064552411766068,0.002234024712774756,0.005497373637255613,0.016492001656300083,0.005007323093378031,0.001912353182397068
289.63220677700554,0.0030256753914349476,0.03336825840058645,0.0005019881639730071,0.00034924702076670196,0.01063339031085797,0.024164070766851606,0.00024061684076156963,9.706825317476594e-05,0.0033257466134439862,0.016498422918747944,0.0019492439494649422,0.0006004715044632406,0.0049970853459962725,0.013257975847462623,0.004116556897966089,0.0022069685399467944,0.005447683500775487,0.016445060069086664,0.005004920393066516,0.001914733307275546
289.5483526349161,0.002858655249114631,0.03338691497207533,0.0005034656157944436,0.00034535125328063755,0.010706070552316965,0.024201792459998848,0.0002352158858123187,9.64454626872114e-05,0.001290159742659276,0.019910105800775277,0.0019352400655199724,0.0007111148256801711,0.004706006918147062,0.009527072804967599,0.004153874255818916,0.0023104412038088768,0.005465967660510711,0.016445590337085036,0.00500480934231764,0.0019085412416573317
289.46454703357455,0.0029410981686374587,0.03325605338108205,0.0005013933191274004,0.00034173165923828084,0.010298163530650377,0.024068527256820505,0.0002301304110811461,0.00010067462822791681,0.00400069977238364,0.017941651896460343,0.0017460854617109103,0.0007269065046042247,0.005003457102308579,0.01379014266891198,0.004018989717818708,0.0022800298782645755,0.005488897897308561,0.01644319284160548,0.005004020842157128,0.0019086595843406556
289.3807899308449,0.002914331653598263,0.033270258555676224,0.0005045609917929133,0.00034430636432970487,0.010649148450862978,0.023973388257831855,0.00022552499857566566,0.00010232811534689513,0.0004688389873977794,0.020809432855482854,0.0017668783721981275,0.0006746341936874846,0.004844127915162552,0.011388600719379001,0.0040747378257710316,0.0022148671758042016,0.005477452395083123,0.016445020638980224,0.005003004630918828,0.0019097601395062882
289.29708128463994,0.0028767935603704426,0.0332946190117799,0.0005073715277153035,0.000352371438025648,0.01037864607629826,0.023715395975370066,0.00022172849102353667,0.00010060376150503535,0.0036759810768760785,0.02349957239517278,0.0017250024970978288,0.0006923990223832807,0.0050455246936236785,0.011198028639101989,0.004083293101765513,0.0022618453786477895,0.005446257345583718,0.016475436026704142,0.005002849216369073,0.0019095531919725948
289.2134210529208,0.00291900446788757,0.0332623423549473,0.000502820064415693,0.00034241462700618735,0.010775843243372484,0.0236899620648697,0.00023065053948180569,9.906356002862796e-05,0.003216918151641687,0.022829785735223478,0.0018808190008862676,0.000633732794982407,0.0071032839908665305,0.01276121469395734,0.004155816670260307,0.0022096864332765464,0.005457685983405214,0.016444942145556002,0.005001476324419361,0.0019085863774637717
289.12980919369767,0.0029021590949694976,0.03315151675812734,0.0005043190880073999,0.00034470538719269295,0.010377787167251133,0.023894992590594095,0.00022955835233731732,9.451142210669486e-05,0.004365763943715981,0.0208074886334106,0.0018113629119546593,0.0006718423617360027,0.0046433993151730945,0.011999347001444388,0.004091106083585182,0.0022979303914453294,0.005438459470460382,0.016436178497361602,0.005000703843359283,0.001908927583748663
289.04624566502895,0.0029023878314696624,0.03330360558007211,0.0005013964398242378,0.00034376776021338115,0.010464883200867362,0.023787919000794806,0.00023025450073474639,9.606343993937199e-05,0.0021930685607751987,0.022392851280370354,0.0018139727701956736,0.0006383549143125552,0.006370772455944804,0.011892614446529257,0.004081035367624515,0.0022355561257149546,0.005454716482860398,0.016427859701202904,0.0049998589809041715,0.0019082930474837428
288.96273042502173,0.002938058513490132,0.03326657408739241,0.0005050650151540695,0.00034272221506623316,0.010708875934105916,0.023849762128768555,0.0002311676993774371,9.624004334933832e-05,0.001704740991790485,0.022378457050252036,0.0017874302148194357,0.0006510877874303244,0.007044640812675213,0.010198116684606818,0.004037569984096213,0.0022515432980256987,0.005451737329483604,0.016385294957796115,0.004998369175531299,0.001908172825494852
288.87926343183136,0.002988017644154583,0.03321865423931759,0.0005043593526335111,0.00034242947275707,0.010650880694775385,0.023871851929079972,0.00023200006836107917,9.537017558638878e-05,0.0021877066344175773,0.02098277378568799,0.0018585355152998314,0.0005692734114653556,0.004455634393315577,0.011570671611146518,0.004103485025510846,0.0021712703603255796,0.005460017186938826,0.01643785959954662,0.004997488050230055,0.0019079538500946778
288.7958446436616,0.002993193766154828,0.033259241571701056,0.0005057229328304091,0.000341834664598674,0.010630303531259336,0.02374078447585815,0.00023152117769428962,9.740179367388005e-05,0.004067233294283213,0.022922568079184292,0.0018707604053113344,0.0006859558220183138,0.006875879762654291,0.01144957969740295,0.0041208301343879,0.0022731795746380843,0.00542961873567596,0.016412816847371364,0.004997021563612966,0.0019081913521830662
288.71247401876445,0.0029320928375222233,0.03325012852540571,0.0005054943280883664,0.00034502868104807144,0.010576490816808679,0.02376645844974964,0.0002279750568868242,0.00010072904653978017,0.005160579944582007,0.02127377132262199,0.001807449253230758,0.0006531891670607313,0.0019941869202407428,0.013861683813384233,0.004097269965106412,0.0022149012794364007,0.005451009069395669,0.01644298792229082,0.004996928085397445,0.001908278530206587
288.6291515154401,0.00297963149332848,0.03323208910887085,0.0005055399505129287,0.0003432320489330671,0.010395138392626693,0.02394738213022679,0.00023146307107968137,9.92550597064007e-05,0.0016656620549559307,0.0180293283770096,0.0018504384031670302,0.0006349734675066464,0.0068884277638558075,0.014268823230249937,0.004101853569415501,0.0022068425796908653,0.0054024077428683,0.016405521271331235,0.004995894639331565,0.0019070978489609707
288.54587709203696,0.002929284048400941,0.03321621647776284,0.0005049204791551476,0.00034398469456163713,0.010450263078038083,0.023539840457262536,0.0002308303192540124,9.610872261747982e-05,0.0052924114360814985,0.022931398248350554,0.0018657136446614353,0.0005956985906026113,0.004163371169343891,0.014014484384782335,0.004120823329366407,0.0021972824704889647,0.005448842107780899,0.01637130730742272,0.004994189097801201,0.0019068990110103889
288.4626507069513,0.002905381679596967,0.0332521411200209,0.0005056260155678607,0.0003433009098599917,0.010538419440018694,0.024044811930240363,0.0002288336066328027,9.637164943583028e-05,0.0018194171938827935,0.018568864544484958,0.0018210680914106634,0.0006185375363292965,0.007348295555694682,0.012641995224884814,0.00409771253400139,0.0022108378038582024,0.00548076457624628,0.016413056076752894,0.004993578929634664,0.0019065716165473734
288.3794723186275,0.002983943164002402,0.033187847116355335,0.0005037593114676358,0.0003430769040700953,0.010185826423144206,0.02356259575528506,0.00023575528603571438,9.890656559441618e-05,0.006902435317084643,0.022726745659023988,0.0019586794501082563,0.0006647159667402024,0.007475681410519977,0.013531549077509388,0.004178460172327713,0.0022419593116571558,0.005437556958027109,0.016439135959349458,0.004993555558414855,0.001907360139659661
288.2963418855578,0.0029047261378904216,0.033169500465585575,0.0005054016387016596,0.00034279637416443747,0.010504591068801278,0.02386737359978642,0.00023353510398953106,0.00010225190376000246,0.003387404380311463,0.01978996413511513,0.0018851762708608428,0.0007520683107526243,0.003967440565197791,0.013447797397595744,0.004114750212281811,0.0023074935690939385,0.005486041354723732,0.016437094096835383,0.004993012370411179,0.0019065702667533512
288.2132593662825,0.0029312411333602345,0.03323190510327165,0.0005047225061042167,0.0003442458890364245,0.01014635784373733,0.023824692941602554,0.00023099062675228135,9.193164073957915e-05,0.0064512993796237055,0.02306095667578054,0.0018462455923263035,0.0006319534689199833,0.004354832310343267,0.009881262497548914,0.004097353511162265,0.0022692920387442747,0.0054288938622051655,0.016351877386794354,0.004991100423351929,0.0019051353386495083
288.1302247193893,0.0029941595472535165,0.033251197789097485,0.0005051523778315549,0.00034332982853834575,0.01039131534202948,0.023491556129084296,0.0002276018172220444,0.00010288902320268691,0.006308521826930545,0.02370393694186613,0.0017450221625995807,0.0007184176612539747,0.004345943187579945,0.013571900819774744,0.004024857525614639,0.002258976162688964,0.005459112587627081,0.016379322287969587,0.004990974785046837,0.001905413712979038
288.04723790351386,0.002964700269146731,0.0331603775494863,0.0005043754374272296,0.00034306392224929945,0.010638824669882193,0.023875719599693937,0.0002340633815346595,9.786848072182796e-05,0.0030158905595681525,0.02067541570194409,0.0018685589091400646,0.0006659974218411065,0.007132361853947765,0.01324758970909497,0.004088069007591488,0.0022564589001000447,0.005391940524159802,0.016392399275483156,0.004989829592295521,0.0019052048575290159
287.9642988773395,0.0029377856817147116,0.03319636454284599,0.0005055179024717537,0.0003450115297661993,0.010132596123543537,0.023654365503011962,0.00023374861954551294,9.51821044443821e-05,0.0062417299126710174,0.023764861653150508,0.0018961092885723544,0.0006228344349454807,0.0055744093566617685,0.011090719546173557,0.004119715992655673,0.0022332546266885683,0.0054190728544772524,0.016387607142451584,0.004988356075142356,0.0019050498772837398
287.881407599597,0.0029967221448494456,0.033203288372143716,0.0005040097446164236,0.0003466805962345883,0.01071507678048583,0.02351085511489655,0.0002360545817504379,0.00010165997214464962,0.007702206023925705,0.026107088761649716,0.0018404427584900913,0.0006987147034169123,0.008651939998802925,0.011136170516706132,0.004038125063809129,0.0022579585347979833,0.005488182532155544,0.016371375587266007,0.004988238906530259,0.0019056820894741578
287.7985640290648,0.0029522585573143853,0.033236865222800095,0.0005026239850932446,0.0003436865097416912,0.010571335154955662,0.023787005052585117,0.00023085836056122063,9.099396042931362e-05,0.004584546627819404,0.022246678039281386,0.0018105304409034594,0.0005408612655386658,0.004708356901400538,0.010366875067730387,0.0040493282522915085,0.0021800494089045173,0.005455102743225352,0.016408172098895054,0.0049877687335764895,0.001904877939458697
287.7157681245685,0.002959730790158725,0.033201680452779096,0.0005047826529156206,0.0003408461756505082,0.010531316407551542,0.023943291058189646,0.00023073420039085085,0.00010115334977217619,0.0013635330881922047,0.018899653556467787,0.0017974893589082518,0.0006688048069906087,0.005451005291370897,0.012646719099398218,0.004042245642648553,0.0022115264632171614,0.005462044879946892,0.016373578219578817,0.004986338266417065,0.0019039304072973457
287.63301984498133,0.0029747182358344213,0.0331056405565267,0.000503165154733161,0.0003482865173368012,0.010037853140639381,0.02356371679932845,0.00023046468418460152,9.555414197623153e-05,0.008624617210654327,0.02559563894048951,0.001917465728952226,0.0005802883324727344,0.00402419739875549,0.009920240298806837,0.004166252371985255,0.0021848626968683205,0.00540165675387008,0.016405593136101865,0.004985322969880573,0.0019035121003444753
287.5503191492237,0.0029676719331739264,0.03318533988134697,0.0004990034641732773,0.00034568627269889834,0.010538039981896667,0.023437853901791265,0.0002263592208916594,0.00010369319829870605,0.0015588404721595917,0.025127531726083823,0.0018528452285342704,0.0007089524892967969,0.00553467297799708,0.011929965384115395,0.004161798647434969,0.002241350254924736,0.005449738434200364,0.016406665775723597,0.004984633898527598,0.001903349242222953
287.46766599626335,0.0029017248847062406,0.033160211440561034,0.0005013294620113046,0.00033815959102163613,0.01067230718854498,0.023745014569567558,0.00022821519123113513,9.603127392190491e-05,0.0040300832040050865,0.022622872107717247,0.0018053890911130213,0.0006724956776426395,0.0073028195593895315,0.011015415217476081,0.004083895540144587,0.002268183114353893,0.005413936940530671,0.016404911431866044,0.0049837970175407925,0.0019032482933216204
287.385060345115,0.002952667281873907,0.03312632310256833,0.0005053807552137062,0.0003450871926786321,0.01069510673783477,0.02359908867738721,0.00022930880139940222,9.516567034413049e-05,0.0017513717950250265,0.02185789771253221,0.001839344648051891,0.0005979039159700527,0.002920830154004382,0.014146775633272964,0.004099396880276055,0.0022193118610617747,0.005393369692776203,0.016419664227000787,0.004983083065004966,0.0019029301323108191
287.3025021548406,0.002893238964806016,0.03318254305949102,0.0004995134969130204,0.0003375484507016701,0.010773600849190905,0.02387267978418327,0.00023191027640170547,9.247091226914121e-05,0.0056235238023183386,0.019791720611996817,0.0018126289627894221,0.0006534888149986397,0.008356159377150467,0.013607360769277993,0.004044603333040686,0.0022854627220467963,0.005371525407443483,0.016331922397409836,0.004982196476521498,0.0019026969880652702
287.21999138454913,0.0029407164896365075,0.03308994217919265,0.0005042361043476003,0.0003604071753532984,0.010527588005465294,0.02399215789542228,0.00022955355892092911,0.00010429969792666289,0.0017895914694159927,0.01979094992555897,0.0018728545136058301,0.0007284639198127653,0.005008931989797636,0.01040174737493758,0.004122745092985872,0.0022779314486412465,0.005428915648028471,0.016352168046088095,0.004981296867052857,0.0019021533544470721
287.13752799339653,0.002967575913845445,0.03311040383318548,0.0005348097051423567,0.00035139475125849713,0.01041251111073885,0.023856682141418135,0.00022483026467067698,9.781939937544517e-05,0.003031476733926873,0.020623127241373475,0.001805697473220797,0.0007110947071572263,0.006397547706814851,0.01134198840321252,0.004053529034070605,0.0023070199702880075,0.005456829737806207,0.016297162388211304,0.004980697839019664,0.0019022426670205525
287.05511194058556,0.002915298308200707,0.03313301917263345,0.0004990320848151159,0.0003359381962864471,0.010609744504586724,0.02349216538763753,0.0002266396915714803,9.348090124083461e-05,0.004757410522449896,0.023893344352988472,0.0017554730139917633,0.000613961542016326,0.006792504929154021,0.012473883195036855,0.004034282441874597,0.0022146961989067122,0.005504769649780579,0.016395298121918516,0.004980478626380913,0.0019018519178159391
286.9727431853659,0.002985584900869537,0.0330463212148677,0.0005065339534398338,0.00033771051887211885,0.010464425162107736,0.023987120376830304,0.00023031997208760802,9.196355105812487e-05,0.002263175449712275,0.01745001995635261,0.0018916798887862398,0.000549467051657825,0.004798410414619657,0.013481240842935206,0.004136173217346291,0.0021805497706876894,0.005446868172736537,0.01638270920116052,0.004979421879418622,0.0019016901881106008
286.8904216870339,0.002992725471013088,0.03310357149856617,0.0005123588815540465,0.0003415328298794037,0.010426110252872451,0.023725806783427318,0.00023579357026479584,9.316998281583122e-05,0.002507392081237996,0.021685849323774577,0.0019024993766404304,0.0006422275446240391,0.007632742846733392,0.01216539487105884,0.004078302413978055,0.0022716421921365436,0.005385960952676768,0.01636046979369069,0.004977633717137235,0.0019015429129110785
286.80814740493264,0.003013737863860168,0.03313411743878171,0.0005049668669765884,0.0003538126188852819,0.010393396134096258,0.023792570251593516,0.00022877848395620493,9.984442007689226e-05,0.004483012274096006,0.020801445124535852,0.0018486909998581462,0.0006364147504604309,0.0038964413749676343,0.01182607729100276,0.004101392935972142,0.0022140724985579255,0.005424453915183427,0.01633131750604858,0.004977437936707778,0.0019001370349943617
286.7259202984519,0.003003234748402126,0.03309840632753455,0.00049008802772893,0.00034031051308391105,0.010599056556989561,0.023503904182371815,0.0002315686635913449,0.00010037748790184809,0.004321776912877403,0.024733372799644368,0.0018143709695006617,0.000706143362422239,0.00433247263037299,0.011820560465901925,0.004056023742441639,0.0022432993668614716,0.005382551633679046,0.016295835647913526,0.004976824143672639,0.001899836827957174
286.64374032702784,0.0029278024690467534,0.03304155056930136,0.0005014798197400486,0.0003373855091138508,0.010496255453808388,0.023709236952518892,0.00023144709933466676,9.75630350713215e-05,0.0012885222432007586,0.02397633528461483,0.0018617650953032055,0.0006706860242169816,0.005488935715156426,0.009401323680472999,0.004092832640724363,0.002226542053640809,0.005452062028522769,0.01633784683200935,0.004976459582815864,0.0019001487806432626
286.5616074501433,0.0030173555209941417,0.03310507898103464,0.0004965106255796294,0.0003298615843460904,0.010722397485732348,0.023684125185265737,0.00022542021459575004,9.913095919776952e-05,0.0034310637818752944,0.024204678095085492,0.001815897571124299,0.0006894882200240745,0.005613288432473785,0.009256171540699507,0.00412427790785741,0.0022283026232167227,0.005385609030523086,0.016355934934290637,0.004975038449527802,0.0018998185100880542
286.4795216273275,0.002897197656775647,0.03316563781295497,0.0005156747459130342,0.000332481268947311,0.010375754737109279,0.02369183471370908,0.00022825059200217446,9.447446212142231e-05,0.004433326038471486,0.020124935747125514,0.0018643658005703429,0.0007053460184276369,0.004549672314790081,0.013645091375536217,0.004118604842313537,0.002295266239474381,0.005425100788333149,0.016333055682796395,0.004974217765251491,0.0018992937578698015
286.3974828181558,0.002843139658231176,0.03304368431234295,0.0005025472756738114,0.0003441319604520715,0.010624679436950408,0.02372631071272122,0.00023105329997228914,9.107678049676919e-05,0.0017581480676753987,0.020354874966560462,0.001794477033473715,0.0005671614486246372,0.0039059610071945747,0.013980345565787427,0.004028875967045105,0.002213849565010624,0.005402780914920007,0.016278792216665564,0.004973904819921303,0.0018986640780441575
286.31549098225025,0.0029064263738210203,0.033026370487377804,0.0005069814843400883,0.00033464684960806383,0.010355304038811292,0.023657809993697057,0.00022960152909911355,9.548330274789947e-05,0.0018612967994698444,0.0223533052721024,0.00179924344199314,0.0006721252297722071,0.006629236606565123,0.011667758555039483,0.004047519592905783,0.0022515884446761905,0.005485153710695031,0.01631947737644227,0.004973124546119076,0.0018985366969030244
286.2335460792788,0.002882634511830728,0.0331481381947567,0.0005071901713127482,0.00034387576554429007,0.010601430341276722,0.023506009428555887,0.00023864326962974382,9.631422810423937e-05,0.0022719198134473844,0.023856307462078886,0.0019102962001418657,0.0005857939836103641,0.0073061525349274944,0.011995152969668882,0.0040503303708283225,0.002183549887541999,0.005435022323710744,0.016354534647222307,0.004972330578342911,0.0018984075648266585
286.1516480689557,0.0029040962726012767,0.03299444070346255,0.0004991198238428815,0.00033749360056091487,0.010440457175066148,0.023503290492340203,0.00022563572181322152,9.337178128807141e-05,0.0032317401127027676,0.02373548113520245,0.0017463028577007244,0.0005996282480181445,0.00674200368979676,0.011860484911179593,0.0040355339971306975,0.0021997567126711163,0.005402874596111221,0.016371540882295404,0.004971527713543441,0.0018987137643225935
286.06979691104124,0.002970656238265453,0.0330622247423039,0.0005044444196936366,0.00033792796313328473,0.010562137142296752,0.02357735603835606,0.00023821670126669147,0.00010597065665676547,0.003783136954014441,0.023733886168336722,0.0019306914744469789,0.0007347837031199119,0.0054309621035508,0.0108706791767745,0.0040990645593628324,0.002226017583261876,0.005394617616513649,0.01630535380268831,0.004970830196208155,0.0018980654116842496
285.98799256534176,0.002931809154551886,0.03314256135874508,0.0005037564104344667,0.0003371017579453005,0.01055699836890322,0.023292355647465506,0.0002305253960755609,9.193592795368619e-05,0.005542233382737703,0.026992370664943297,0.0018731693639466615,0.0006574130899246959,0.006352188057407951,0.01067617969256927,0.004113437141356681,0.0022932432389719893,0.00539737881490402,0.016333911087633334,0.004970166359772223,0.001897500326273659
285.9062349917096,0.002841263897714019,0.033077322075162945,0.0005110095790785943,0.0003373680799288584,0.010523794840645287,0.023383415802733985,0.00022755433220623928,0.00010606541357958134,0.005557659359587469,0.025015852087934526,0.0018543539375996316,0.0007955307515981338,0.0035501924684862934,0.011777607347410592,0.004111759293316958,0.002293958323001559,0.005417581596130725,0.016311320611397676,0.00496874044848622,0.001897205178676318
285.8245241500429,0.0030008765589858264,0.03307947122004764,0.0005077827919206621,0.00034312134105414705,0.010407726116887048,0.023530670537152718,0.0002321831909985587,0.00010104566268999634,0.003611091523750479,0.02344280416981466,0.0018845572082466361,0.0006965189123532323,0.0057996634082282846,0.011342450369241149,0.004098152285473914,0.0022539034188526434,0.005343680444789825,0.016369240993153997,0.0049681756741071685,0.001897406783404827
285.74286000028576,0.0030523554498954777,0.03307151514164839,0.0005077016251695243,0.0003439107214807327,0.010321976703299809,0.023374155172903352,0.00023446142741413402,0.00010676580685407524,0.006067028620811839,0.024814938154651175,0.0018801438646363037,0.0007426786540890458,0.004819749587897851,0.011925688455260104,0.004064171614127587,0.0022528284144217527,0.005425585480754708,0.01628536248309311,0.004967399354326966,0.0018978479265846155
285.6612425024279,0.0030415686238937315,0.03312511950332596,0.0005035574527086223,0.00034179082318078885,0.010499665434875346,0.023501532798482376,0.00023712847391202672,9.344960115335792e-05,0.002982234314027174,0.02306847780291074,0.0018871747118749135,0.0006072002705634009,0.006088433001831921,0.012344617720388943,0.004046292454431589,0.002220266806829653,0.005391881337031841,0.016281259225462037,0.004967119059922489,0.001896826954763659
285.5796716165049,0.003247595334046281,0.03295741607960592,0.0005046519621219024,0.000341110694954063,0.010102572587348266,0.023317747813882538,0.00022679176850034548,0.00010118420860429287,0.008940033412233787,0.02748133674088018,0.0018109772800538949,0.0006699977122490173,0.0070437444316746416,0.009747261515597764,0.004071854650845134,0.002208088680484726,0.005478898489295863,0.016313003601610056,0.004967080202755608,0.0018967578512171668
285.49814730259783,0.002829921770525197,0.03294696219413034,0.0005022239942416285,0.0003416060751100653,0.010400813755214735,0.023608070585894658,0.00023532620800054122,0.0001013758067553313,0.004571770899472833,0.023228318471005753,0.0018826870877022188,0.0006997452542878774,0.0029489336788350354,0.010532386992202733,0.004065417801452918,0.002230735315687048,0.005381817016333904,0.016322455572783612,0.004964289702298795,0.0018957770343924674
285.41666952083335,0.0028487031581379686,0.03307229005234061,0.0005039059536538553,0.00033805878672072505,0.010249002381107458,0.023323123015709907,0.0002283421033417016,9.160009701134663e-05,0.00701820069636071,0.025768083480008985,0.0018068056056936605,0.0006437751367575899,0.004860223486132935,0.011171587044407124,0.00405179946482255,0.002281014023826267,0.0053958110886047775,0.016323683297857623,0.004963890255629471,0.0018961663243549272
285.3352382313838,0.002926482766660155,0.03286729127072613,0.000506765531476686,0.0003447477920902406,0.010482243166579348,0.023533980277061172,0.00023218635623287623,0.00010042571246929755,0.003153602531774647,0.023579445159642626,0.0018966214500570691,0.0006716137878913155,0.0049277312508667435,0.011438652284176494,0.0041027176303118085,0.0022241930488415378,0.005354823414383996,0.016298975213353675,0.004963322470622171,0.0018954846214501693
285.25385339446666,0.002910213424492148,0.032967964307515495,0.0005014084742378336,0.00034268903893353557,0.010315058684823039,0.023415166109018008,0.00023676873373919044,9.395533830038043e-05,0.004825929558894924,0.022958614125261175,0.001970977846121695,0.0006144132549151526,0.00501242298531962,0.013152209742448875,0.004153336816119197,0.0022310699648911956,0.005413694602037844,0.01636660170145641,0.004962733304238604,0.0018954532439889892
285.17251497034505,0.0028787907336427047,0.033053500689610035,0.0005065945790123397,0.00034486571935189784,0.010207608677533469,0.02354912563338856,0.00023514200459377965,9.457106423270601e-05,0.005762784774376051,0.02422099731921044,0.0018559938676235314,0.0006468257641927568,0.0038688658209473526,0.009874146768258438,0.004036600604337486,0.002263907092939819,0.005444035940828435,0.016257254608268552,0.004962091405693201,0.0018949039184351735
285.09122291932727,0.0029393580914873303,0.032947501495004326,0.0004986756599439809,0.0003469461574195685,0.010572190025696293,0.023307680289056314,0.0002324803602284848,9.446840842279502e-05,0.002657564193362007,0.025823910954350906,0.0018389339045384008,0.0006806235796625463,0.005969203104793323,0.011421115081046936,0.004046555796419652,0.0022947291746019194,0.0053837601798342035,0.016284459618282943,0.004961087512310023,0.0018939275548440595
285.0099772017669,0.002858230846509515,0.03301516735906212,0.0005006283653111413,0.0003396556963737439,0.00999358223713826,0.023580719386858507,0.00022958752586391183,9.180235285668922e-05,0.006930563407922187,0.02239321267428944,0.0017891724560223803,0.0006702724422605705,0.005764038404947924,0.011862133209991977,0.004015676423750357,0.0022956516594155214,0.0054053717505995105,0.016294329377829694,0.004959665086071075,0.0018942553178781984
284.92877777806274,0.003096853424430157,0.03290552090672565,0.0005024711434162429,0.00034503335495877484,0.010345987181864717,0.023344821534046056,0.00023217346960494308,9.023343750659547e-05,0.004821942147945902,0.026072309914966077,0.001841346353768404,0.0006037648402555335,0.006837276591731219,0.010426989001398513,0.0040422618971420075,0.0022435544984053795,0.005375001115281195,0.016286832771959425,0.004959857392736191,0.0018940746554460292
284.8476246086586,0.0030161829389292218,0.032943367329004235,0.0004982086478436223,0.00033681400171454046,0.010020547316828063,0.023234695437318823,0.0002251292555332864,9.120912669008872e-05,0.008835632712925744,0.026258691428104892,0.0018589909684035776,0.0005782564006836045,0.005609679101990041,0.011922574641080921,0.004145464597514562,0.002196103624439054,0.005400782103352907,0.016219572343992846,0.004958639417501349,0.0018939679093563442
284.7665176540433,0.0030792991058165415,0.03297975214338641,0.0005114794766820188,0.0003447367888162083,0.010336772595279929,0.02357226827585276,0.00022127741479185045,9.93226252203913e-05,0.003482135558122172,0.022112015142328426,0.0017990361685293274,0.0007439615044301733,0.0054128246019802565,0.01167723159632127,0.0040980001034974485,0.0023032686975342216,0.0054215700631289315,0.01625143437805787,0.0049586068022550115,0.0018932257522261276
284.68545687475097,0.0028299109790099895,0.032759672859518606,0.0004978641484344322,0.0003423046356732793,0.010056578939351217,0.02346545653380837,0.00023301710168812913,9.636465111673604e-05,0.009142047428768884,0.024334709356427633,0.001888559978691347,0.000620806673877953,0.004461016278394111,0.011364363625407489,0.00408955304265618,0.0021942349555460526,0.005454939275284635,0.016278184225939994,0.004957589039010522,0.0018926550432914412
284.60444223136034,0.002947013213229445,0.03308746706993941,0.0004935671866271507,0.0003393896115144409,0.010105051880134273,0.023599992539035334,0.0002266133959928246,9.513318925236988e-05,0.006449644032257869,0.022241764891345696,0.0018264785778059965,0.0006442930523431526,0.00399724813149542,0.010779178181865122,0.004098917380381503,0.0022253691413166295,0.0054026967237860365,0.016282914616017913,0.0049562207321072705,0.0018927724166337174
284.52347368449506,0.0027808995657262314,0.032856599337716515,0.0005001330164054192,0.0003451979801925177,0.010153408657349018,0.023511764769147063,0.00023361268386629564,9.958992834802584e-05,0.0051513247406197605,0.023568919530298386,0.0018510818147177246,0.0006903809879176766,0.006496043148754908,0.010973477288334425,0.004041780454700192,0.0022346819218840262,0.005392378474566458,0.01629607899191571,0.004955434769090767,0.0018932333309091734
284.4425511948237,0.003186737934101762,0.03273865150514165,0.0004997421771231052,0.0003474742067409838,0.010017454897021834,0.023662041942676106,0.0002294308547457968,9.625900205998975e-05,0.006319440573991175,0.02157040866805329,0.0018571623929441135,0.0006133342374705926,0.005031365361484231,0.011538461317520756,0.004093436040460674,0.0021994109481458615,0.00531875728764707,0.01627835224545159,0.004954975048038118,0.0018921033052776797
284.3616747230595,0.002884788962601487,0.033019603912496906,0.0005051818094772443,0.0003404391803019954,0.010256270390489888,0.023208714904360085,0.00023208182246345352,9.733046271515721e-05,0.005872782708052732,0.026602321991946128,0.0018413212580200209,0.0006379538961351548,0.005699398763274184,0.010811817418988809,0.004037693525359531,0.0022117257244680904,0.00537185863940398,0.01625704315663307,0.004954262785995562,0.0018922319363014785
284.2808442299602,0.002949582706224984,0.03297020238584448,0.0005077721012232502,0.00033724982233779673,0.010205462937575424,0.02359220522389459,0.00023023287462265157,9.028656617634525e-05,0.004619303638585477,0.02111306477399695,0.0018630498720034945,0.0005481249777231305,0.005065685864465633,0.012245162990894254,0.004073898521134927,0.0021806016140360437,0.005405537638913287,0.016241873554461914,0.004953305041731115,0.0018914595733655313
284.2000596763286,0.0029875299765544203,0.03306962864914325,0.0004969392238281644,0.00033987820929149733,0.01022079132436625,0.02336449773893644,0.00023275571114282374,9.23819793936453e-05,0.004579821277290352,0.025476035572633313,0.0019115854372742354,0.0006235955047329733,0.0058943261508965705,0.009565204109023267,0.0041210410503828765,0.00224457018456508,0.005419648845750285,0.016313856820356156,0.004952517684394865,0.0018920413486936954
284.1193210230114,0.0027942293505626146,0.03292662379118634,0.000500642687898707,0.0003377783047811877,0.010028020634992078,0.023533975097254977,0.00022914174448162834,9.256442817127291e-05,0.007828410368516206,0.02212296398615329,0.0018242748295489932,0.0006487236036010955,0.004761057774442186,0.012671958218895614,0.004044853973619334,0.00227164866512184,0.005383305169768288,0.016277690338675096,0.004952123102833872,0.0018911831610432318
284.0386282309004,0.0029519116640210354,0.03297094321505356,0.0005064928400475775,0.00033888424398022504,0.010424920936966633,0.023499066947949895,0.00023049906134372755,8.788785191717416e-05,0.0025236588951500025,0.02217351042182607,0.0018291537169941726,0.000520417805532236,0.0042797485709454375,0.012781692604655842,0.0040412236316811215,0.0021662050030791073,0.0053353908521526945,0.016262221998297282,0.004951754970676071,0.0018912573761560815
283.9579812609313,0.0028129386294643336,0.03286639549617964,0.000499974280602663,0.0003467071652934886,0.010162221628793936,0.023343899984716594,0.0002251560407760795,9.999702464800648e-05,0.004914686702577239,0.02545129016906554,0.001871097540299371,0.0006614246006438001,0.006273617034796255,0.010420876811557237,0.00415090141929409,0.0022195821648643374,0.005341317538013276,0.016240503708703776,0.004950393036056425,0.001890712611562826
283.87738007408467,0.002992271051030925,0.03294480094071047,0.0004979753916936957,0.00033795654878897204,0.010230245605959592,0.023528350448323063,0.0002310111909945828,9.447501136689906e-05,0.004424639634889692,0.022659981803812047,0.0018786598206890464,0.0007090057301434923,0.004964596041292108,0.010912911936842132,0.004104996097364039,0.002293318365401425,0.0053834959968213515,0.01626936376093024,0.004949416449813293,0.001889963021926678
283.7968246313848,0.0029861515102551093,0.03281120069467512,0.0005029504877366501,0.0003419135091138388,0.0100550041087986,0.023335686683988808,0.00022974198423374837,9.020931745967343e-05,0.0072996394411708795,0.025696460085441127,0.0018104077079102287,0.0006908643226560004,0.0048488020886106745,0.010452057783972958,0.004051345942948974,0.0023347472774441574,0.005465144777933733,0.01627058075046458,0.004948964560290234,0.0018894699915841424
283.71631489390074,0.0030269251232680526,0.03290230191206036,0.0004992325268858151,0.0003378045178966675,0.01007776259777553,0.023490565903286777,0.00022177573471627925,0.00010356283467754463,0.005944735946263692,0.022923295627420716,0.0017537315284985161,0.0007635887188043885,0.004854464017609995,0.011132613279379327,0.004030468937216449,0.002277971148224339,0.005387903527319296,0.0163000687290993,0.0049483413850509575,0.0018898335284173535
283.63585082274534,0.003007444340456786,0.03280785050631534,0.0005051731685390566,0.0003378452358616232,0.010235425932733013,0.023373088809328788,0.00023421063486513659,8.737720711251148e-05,0.006134196703633952,0.02543964924734254,0.0018573519712323763,0.0005533141590681273,0.004419036234937521,0.009859986054609493,0.004026106352812134,0.0021896493269011608,0.00535759365803484,0.016226251213161586,0.00494717494077139,0.0018897740457103995
283.55543237907574,0.002879891349712263,0.03284878525565634,0.0005023749136596576,0.00034262602826034167,0.010159589049036133,0.023581131101487837,0.00023456971360789498,9.759510481898391e-05,0.005559091858107767,0.021479497358560844,0.0019014456766508387,0.000657754362019652,0.004495872800589117,0.011717055021340596,0.004070837324797367,0.0022272221053500087,0.0053814997221571905,0.01622013044581426,0.00494662151769571,0.0018887152984004014
283.475059524093,0.0029431661716067792,0.03279748586326821,0.0005024207986233258,0.00034186616956452336,0.010085702800052476,0.02329824991574373,0.0002273853242974924,0.00010060047856160947,0.006640468802843856,0.024990683853556867,0.0018311007380542648,0.0006377107725121224,0.005160482350141629,0.01128819991490208,0.004061944201400897,0.0021566947687319516,0.0053805597513351825,0.016239759225405243,0.004945533314235079,0.0018887610619056918
283.3947322190423,0.0027862954168613,0.03282688941749129,0.0005006469239740835,0.0003460281184786464,0.010117909676104533,0.02363845409444774,0.00024297021390555607,9.407095651817105e-05,0.005360852824622044,0.02070334810053305,0.0019900767962120944,0.0005962627446910922,0.005540385881202376,0.011870551857574968,0.004103825627252112,0.002214052696845439,0.005350195115893565,0.016225973951695068,0.004945424675611946,0.0018881531616952102
283.3144504252125,0.003050816706548326,0.032971007286358954,0.0004976869651080088,0.00034009114834184087,0.010281871636700511,0.023326716193581926,0.00022255917960454624,9.705917877107259e-05,0.005689574601701781,0.024015187446882528,0.0017993272461548258,0.0006996125921983802,0.0028185723105747565,0.011986344771007088,0.00409250101605938,0.0022829263487670016,0.005386820640143635,0.01624975756238439,0.0049445526961024175,0.00188884279072523
283.2342141039366,0.0030196623408919403,0.03284009384076737,0.0005026230652516142,0.00034002983579509724,0.01004246851553034,0.023524623318877353,0.000233682899677626,0.00010923583941751413,0.004926066373799854,0.021908320537091335,0.0018539093306548773,0.0007834362910196175,0.005976240795106247,0.011717102197198301,0.004026265386290132,0.002253861842735043,0.0054540860541696995,0.016225028343152065,0.0049436261006597995,0.0018882847759046464
283.1540232165912,0.0030344246004626813,0.03285241951401687,0.0005003325015818413,0.00033848519513483567,0.010128203355484639,0.02342456574764213,0.00022837737246840937,9.29329714706798e-05,0.005430935952524398,0.023601765659993414,0.0017815737347763687,0.0006235984048568077,0.005150661737777207,0.010915052981872703,0.004002385789029362,0.0022257296603255586,0.0053766575832415835,0.016256370789345043,0.0049425801740771045,0.0018880005591501512
283.0738777245967,0.0028607447870124614,0.032705589684138094,0.0005009792578431228,0.0003405828121644863,0.009906050298310973,0.023545260278965995,0.00023053772681757144,0.00010778335583321713,0.007132541377692304,0.024261339801369228,0.0018352137808949585,0.0007439273628234292,0.005827355290040393,0.008946116575088923,0.004050126662120237,0.0022044843997741964,0.005344863000858226,0.01629020179957113,0.004941868115006071,0.001887450389819525
282.9937775894171,0.002884333391339254,0.032927918340021956,0.0004990504556145315,0.0003486523760753449,0.010161962358751846,0.02343560062125578,0.00024138594523551057,9.777237748737831e-05,0.0057278323625286455,0.022563341083874176,0.0019918488469461973,0.0006177436017764686,0.004855269421495203,0.011814691104279261,0.004101346306202946,0.0021978382311227283,0.00537177805134612,0.016252348410208024,0.004941748400378277,0.00188744652749035
282.91372277256016,0.002977356032820368,0.03287390367245678,0.0005194608739464095,0.00034815044287493804,0.009966268127270654,0.023318195109192988,0.00022653583438995124,9.693541677878025e-05,0.008308201551578317,0.023463097293713746,0.0018367820405113193,0.0005719935051343172,0.0037080716737362953,0.012246672113953461,0.004054160537659496,0.0021450679104714284,0.005332038627130175,0.01623623029878546,0.0049404056192731485,0.0018867293771792795
282.83371323557697,0.002973267406098756,0.033005397537128583,0.0004817130067363039,0.0003500256702010083,0.010007172892414951,0.023495367492935768,0.00023467754607399473,9.699978712819967e-05,0.006072988665785612,0.02222467883066802,0.0018808842257139566,0.0005882811859410326,0.005248488287306096,0.011387212721728535,0.004071088390424381,0.002167255589928652,0.0053960593701356235,0.016219439383131737,0.004939164816238553,0.001886886539173788
282.7537489400622,0.0031880539544095797,0.03289207013266674,0.00048703650796388535,0.000357840743479869,0.010001368433129453,0.023504825479576368,0.00023023572805894673,0.00010166740709070808,0.0064273200889609005,0.02256946124894024,0.0018901777053817609,0.0006688646570255903,0.004333062314063545,0.010673675375807374,0.004126182988346911,0.0022178642457428505,0.0053835871638418025,0.016206516727636663,0.0049390718576829565,0.0018861138905133326
282.6738298476541,0.003072100562009417,0.032789426911542914,0.000466205580832352,0.0003226750451817365,0.009989886072716246,0.02340753976108986,0.00023954194082611825,9.434057942446965e-05,0.005745147551402091,0.025269198148472713,0.0019471965092825603,0.0006543533689830492,0.005449492341795753,0.009065082899383167,0.004114296462289013,0.0022199958757043443,0.005368287422192918,0.01621158433333627,0.004938070950893483,0.0018857716050798934
282.5939559200339,0.003106752447004396,0.03280540629070759,0.0004664994433810625,0.00033038396306412206,0.010096893191308916,0.02348356395547651,0.00023538484022620412,9.359641638221997e-05,0.005069245228781338,0.023081865242577077,0.0019006422420206762,0.0006445884210793609,0.005015612438835844,0.010514335694952722,0.0041172845342970525,0.0022500356256942157,0.005357626543149479,0.016207131919387,0.00493709893837026,0.0018853093162586449
282.5141271189266,0.002899254181865731,0.03256301653188613,0.0005097807961560487,0.00033520173375227794,0.00995326956996875,0.02354214726843036,0.00023344322037577468,0.000101594017229337,0.0068134008607226414,0.023163068607448635,0.0018425088967362758,0.0007957255292330113,0.005606054252931364,0.010208793658826947,0.003999785190805694,0.002320784635600487,0.0053558552291292595,0.016215686454217542,0.004936571258371454,0.0018853899483563458
282.4343434061,0.002798353087059344,0.032858859105749254,0.0004892562851831823,0.0003399228269195088,0.010024666267187331,0.02345723869513386,0.00023773868903249513,9.138481137883312e-05,0.008168354741341378,0.02219473566657905,0.0018490831017370722,0.0005880517225932051,0.002893157732280394,0.011978007518967795,0.003984212927741653,0.002220348311324156,0.0054084284325078445,0.01620384443512635,0.004935237952684933,0.0018854683618178241
282.35460474336537,0.003039013722672362,0.03290220249394126,0.0005060729354668713,0.0003405870388683385,0.009952944710653831,0.023484096194935574,0.00022864525359487907,9.301224435777931e-05,0.0068609730678051315,0.020446922480310336,0.0018205465890496347,0.0006320377266335267,0.004531356854548724,0.013207623117532567,0.0040394176609884645,0.0022411615431249836,0.005396315278006354,0.016195952329299844,0.00493566721383216,0.001884453450376951
282.27491109257693,0.0029361237242134723,0.032785738845474276,0.0004769434018698212,0.00034845377380249,0.009908739795457318,0.023586346326326536,0.00022787803247435227,9.034101255868358e-05,0.00775691487404267,0.019019206962222406,0.0017757130270268703,0.0006036098194410494,0.004284472856041868,0.013747520235174953,0.004018320608422121,0.0022234319250994086,0.0053802881895780585,0.016228746554538587,0.004934398002826838,0.0018841760620080753
282.1952624156321,0.002942228546691264,0.03291533691239394,0.0004876832777108392,0.0003223113442692319,0.010078600724762136,0.02353054873078901,0.00023068301469146053,9.501612526423656e-05,0.004000378277977863,0.021427160158453473,0.0018233981077387979,0.0006151279509146726,0.00680869465061831,0.011424439176832581,0.004037330302876205,0.002180091579379855,0.00534945674655194,0.016258233284752698,0.004933775438035555,0.0018837775178296434
282.11565867447115,0.003179050317153035,0.03270140754679094,0.000481830221365677,0.0003290074174761543,0.01002991307888146,0.023602862188782575,0.00022761509443284218,9.324064644655386e-05,0.004731099825761401,0.021701267232069762,0.0018197548121091282,0.0005920540861576618,0.006153372913576621,0.010062127375626052,0.004074886915979249,0.0021732581035988673,0.005368666524804479,0.016202545136066046,0.004932880233080048,0.0018838624150690438
282.0360998310773,0.0028718429845118946,0.03276293674394239,0.0005013462255421722,0.00030364380788371195,0.010080055677787978,0.02353929253495429,0.0002359351098672212,9.901709409861448e-05,0.005619385903986914,0.021684371799156044,0.001945760798904616,0.0007078125464677967,0.004841460495311089,0.010790614716097102,0.004094685756417206,0.0022266038852247452,0.005306538465582227,0.016226089177834614,0.004931958561263494,0.0018838271839956699
281.9565858474768,0.003028948596397693,0.032559110590507256,0.00052630784533636,0.00034094614890620026,0.00992747985687095,0.023679711982740975,0.00023025898142141284,9.179121652832334e-05,0.007271430968218523,0.0220318332305629,0.0019133098501019677,0.0005763864861101824,0.004142822289450384,0.009214014643664673,0.004094006647133015,0.0021864243052049084,0.005317290441018339,0.016215681336931315,0.004931347719257346,0.001883862422608419
281.8771166857385,0.0026097314077756905,0.032465504096953944,0.0005002127161668151,0.0003142031283316107,0.010335581341430224,0.023604794642834114,0.00022784833858185377,9.59245222523424e-05,0.002830985458057184,0.02105737370574444,0.001878933573589759,0.0006192782664762505,0.005257072938876742,0.011366778225058391,0.004106434918160132,0.0021694498852950933,0.0054030491391556705,0.016186055073498965,0.004930400001297001,0.001882881175804871
281.79769230797416,0.002884017200354589,0.03317372866009337,0.00044397007010148925,0.0003503876612490424,0.01009323887963188,0.023273194863926924,0.00023492578067406495,9.421649706027496e-05,0.005649046531378262,0.024034606980333596,0.0018439559639699735,0.0006302877014988129,0.005247770176006401,0.01035837617828168,0.004051541590489208,0.0022319107991761226,0.005403856626443243,0.016275885474059053,0.004929903540606159,0.00188262941321221
281.7183126763381,0.0021554665596750537,0.03283703298013274,0.0005119818775401652,0.0003502460183599312,0.010197693485383234,0.023658760801124157,0.00022292426970403186,9.934216622912276e-05,0.005807249885435013,0.019145560144469838,0.001788514354116696,0.0005982658768579725,0.0044248318388103855,0.011789980255668275,0.004049694743731827,0.0021468722582546054,0.005354243100333366,0.016228879659700202,0.004929368833734075,0.0018825083033597902
281.63897775302735,0.003370105647627974,0.03230940679367797,0.0004932479544293743,0.0003459454704027189,0.010052377222293471,0.023568287629421012,0.00023423970011019764,9.496401731030261e-05,0.005107908071951385,0.022561943142560027,0.0018951057779269004,0.000607748776609892,0.005067019909813969,0.010245358600717635,0.004068893878968131,0.0021915132312538264,0.005342799153076243,0.016181860392486622,0.00492882736285361,0.001882524741537136
281.55968750028154,0.0029984231178566377,0.032718267053836424,0.0004890495844383661,0.00035140833510393006,0.00994641235444809,0.02344295370825981,0.0002296873618943459,9.148928653327236e-05,0.007589091304768835,0.022566413635202717,0.0018364234649284057,0.00060833934665361,0.0038406541348573486,0.011031758145287491,0.004056001063272886,0.002229795927629822,0.005339840966882642,0.016199676436356635,0.0049276170971852724,0.001881849547867863
281.4804418803828,0.003117792527078899,0.03279561918837355,0.0004850678057752956,0.00033881879702862166,0.009893911374736743,0.023596924858634318,0.00022875439055157582,9.296473419809926e-05,0.00699249992661578,0.021323339522832933,0.0018374887407262383,0.0006205793478789373,0.004790540630990101,0.010127785894848135,0.004065209620616215,0.002221299443468559,0.005379426508916635,0.01616134676610253,0.004926876344824725,0.0018819393924612425
281.40124085565566,0.00301895819096729,0.03251811654374756,0.0004908422079850768,0.0003445341125947742,0.01002699087166833,0.023709085005968668,0.0002271692416885276,9.812412153371602e-05,0.006431268192634393,0.01980256601072068,0.0017763733470736686,0.0006657499002370163,0.0037662032756792794,0.0110398885401991,0.004004190887442528,0.0022181351125056,0.005376607966453854,0.016210128788690218,0.0049259324927399565,0.0018814227882928654
281.322084388467,0.0027472676501157267,0.03280842482705361,0.00048535190844567136,0.00033728244398553237,0.010098777810252415,0.023476654266335766,0.0002281979619372742,9.534168733558655e-05,0.005834415188355013,0.020992020054616898,0.0017905288777397873,0.0005741931805695959,0.004075359778517822,0.011954338527597296,0.004027593770539521,0.002144715851990501,0.005402554673226976,0.016238727027243004,0.004925524474392055,0.0018808879521985632
281.24297244122613,0.003169761671049407,0.032779771097120707,0.0004949550117237362,0.00032901971703049916,0.010020824903206377,0.023589098424585682,0.0002269814108287951,9.791368944688166e-05,0.006517810047852736,0.019971019417547732,0.0018894386949037426,0.0006747263520642534,0.003539691546589893,0.011935391860688977,0.004128919909559315,0.002226631548431259,0.00533862917293794,0.016154696198805416,0.004924459616317437,0.001881194698888159
281.16390497638463,0.002756634494768107,0.032569679885062375,0.0004989142751813211,0.00034112333825779887,0.010091096468341389,0.02342948653986393,0.00022925653028865143,9.110226061404636e-05,0.006204713115189915,0.020899792533459423,0.0018400056918415428,0.0006124300301971217,0.0038083586938342955,0.013016560841533867,0.00404241787432472,0.002243246196104021,0.005297688092917255,0.01624373456331479,0.0049240543313912,0.0018806285082922647
281.0848819564363,0.003054460294829533,0.03308460264012383,0.0004899553722883412,0.000338601472193945,0.00993338732877796,0.02369263564531021,0.00022844012120799503,9.374580797258106e-05,0.007520982269914813,0.020933622547131478,0.0018684813959366816,0.0006484483391718706,0.004186681407601458,0.008213955316600376,0.004084344847417273,0.0022370086037183747,0.005377821774058138,0.016220982631407692,0.004922814362960334,0.0018803601436585145
281.0059033439169,0.0033867251774963754,0.032871603564077936,0.0004912208421343347,0.00033675203176604683,0.010179852443125546,0.023438577793328117,0.00022806818054729,9.403692283596064e-05,0.005060847588074482,0.021952998954911835,0.0017996427692978554,0.0006153273483071266,0.0025948186828022883,0.011183359952136113,0.004007861378234243,0.0022057952692852855,0.00538414496194395,0.01618015438554322,0.004922364597336778,0.0018793823686252917
280.92696910140455,0.003351676706616293,0.032402120510149374,0.000499201072529975,0.00033772340600780827,0.009881886422399516,0.02363458358674874,0.00023228187578808805,9.09579061661445e-05,0.007274259877749205,0.020273840350889354,0.0018382874889501647,0.0005280597935044422,0.0044074427168816965,0.012112799903985203,0.004017354574027269,0.0021431112326997757,0.005335848463872408,0.016216015829683825,0.004921513025415483,0.001879887781498052
280.8480791915193,0.0031286903468213207,0.03218503399849974,0.0004913231367398176,0.0003362275195774845,0.010185957286562505,0.023812197448366518,0.00022199804298416928,9.676208090148953e-05,0.005630563045625174,0.01697755639137568,0.0017750413288936588,0.0006492978396743951,0.003780057371403448,0.012852234096199493,0.0040582610827375725,0.0022048098662426434,0.005373438294593008,0.016187765150215448,0.004920907936727148,0.0018794498285971712
280.7692335769231,0.0027696536263403207,0.03252906104848202,0.0004900789824657652,0.00033680541639754245,0.010048195080240387,0.023420620247237442,0.0002251516844939438,9.92144444073144e-05,0.004561119999536977,0.02235812670305646,0.0017749934592674423,0.000670222655736299,0.006578923860110915,0.01100262892466058,0.004019066570593265,0.0021969228624627865,0.005374018564038335,0.016187909767091797,0.00492031201895393,0.0018789732583573688
280.69043222032,0.002910291315846618,0.03263981737341016,0.0004881131276528863,0.00033578225587414264,0.010105408446488214,0.023558424248378434,0.00022577806406325423,9.162213652562174e-05,0.005009827985262713,0.019828817426016172,0.0017765536885205678,0.0005636992826923011,0.004478640648129677,0.012321724283423579,0.004024754380346028,0.0021690711598414125,0.005346433963131071,0.016226207635780195,0.004918687534094935,0.0018786821541399833
280.6116750844557,0.0027507040740907826,0.032423433272376866,0.0004904222710497771,0.0003329585941525789,0.009952733416703385,0.023558404156879927,0.00021751966683847282,0.00010196472423815687,0.006871588047918861,0.01944237335749019,0.001615317024160228,0.0006992108138990607,0.0056349088796934345,0.013116921913431234,0.003930846767387281,0.0021972425401301566,0.005330192225131681,0.016199595502124207,0.0049186303126075095,0.0018782894740266081
280.53296213211786,0.0027881402016178658,0.03261612085384862,0.00048125438508359985,0.00033874427710898835,0.010097134567403647,0.023519501960158125,0.00023784777763398606,9.454132101704688e-05,0.0019780120094491202,0.02086205137904911,0.0018996553555335899,0.0006191618292016027,0.008622576785357876,0.01062227150654785,0.004041116945511447,0.002192372484351864,0.005375911015493676,0.01615513574265639,0.004917509568767699,0.0018779961767306467
280.45429332613577,0.002684024226349859,0.03242725946344411,0.0004903526826318957,0.0003367758515761019,0.00992432109305888,0.02335243166334233,0.00022332400900355713,8.745759557616004e-05,0.008437502376746906,0.02326995542485106,0.0018167310950226283,0.000522520360909321,0.0037747661726286286,0.011819475086824044,0.00408755138083461,0.0021536738776530245,0.005378417391357744,0.016150055772749482,0.004916057729174931,0.0018775937629997676
280.37566862938047,0.0027147048655988717,0.03303430132714794,0.0004796043687005295,0.00032681271016526264,0.00992240005108376,0.02382081211921732,0.0002308213047725796,0.00010175410978929537,0.007101055238350823,0.01658407832623689,0.0019103754967164466,0.000688381272519001,0.00580032053476396,0.011216414275846912,0.004134283662971553,0.002189469057531204,0.005370513510712323,0.016148767480717675,0.004916740055941761,0.001877055719970287
280.29708800476465,0.003246491464848771,0.032854027790453016,0.0004529787796959016,0.000332923753425807,0.010159225655941113,0.023530915606857064,0.0002337024062971766,8.726050964735316e-05,0.004655983064384851,0.01920363759003319,0.0018310468898491451,0.000545355428336145,0.0033772631155046676,0.01253232390828962,0.004052263755181511,0.0021891879649144066,0.005326920017859436,0.016172611183687947,0.004915601117517259,0.001877213388980887
280.2185514152424,0.002949589649733451,0.03232876634140272,0.0004536869164760758,0.000402297789973715,0.010024273670848844,0.02380348350181159,0.000227601851659452,0.0001100427345445066,0.006091272223112961,0.017306594156904557,0.0017288391275449627,0.0006197200068688585,0.006240128539803518,0.011733392192088743,0.0040212104284162165,0.002147517378717226,0.005294201453641871,0.01619622121950383,0.004915034582724219,0.0018767921127833466
280.14005882380957,0.002742679099891072,0.032777078234399536,0.0007250346951854529,0.0003894917490701513,0.01017685448549005,0.023450798677660808,0.00019217588073202713,9.973988478397376e-05,0.004586050160602559,0.02323399673207042,0.0019228590266784362,0.0006633607802661092,0.005192037154432194,0.008412671710311972,0.0041372836027486004,0.0022080305028519963,0.005362950266316007,0.016193152649077076,0.004914815197177502,0.001876380727614142
280.06161019350327,0.0030334133685220896,0.03266726036289611,0.0005506842873820964,0.00041414617520860734,0.009903072220261957,0.023745521397027503,0.00021753265509163617,0.00011151149597009636,0.00975596063800922,0.018528020176871378,0.0018673356616316767,0.0007343495996325604,0.0035575427102964834,0.010508604939345318,0.004101702567796246,0.0022653940291319234,0.005327031650104019,0.016219503486616292,0.004913170034247962,0.0018761426090282305
279.9832054874021,0.002767700009930781,0.03246030987161913,0.000511070369142519,0.0003151954470022118,0.010224641053491938,0.02384423103237854,0.00022731523672390425,9.013865044838101e-05,0.0031635109356605573,0.016968130212654163,0.0018659848482650695,0.0006011236567957021,0.005526758320087682,0.012267002438561303,0.004057524380130333,0.0021894329595424497,0.005387456015343385,0.01620036197363866,0.004913123562925648,0.0018762968919252107
279.90484466862586,0.0027298081857617647,0.03286375941337738,0.0005201646609116402,0.0003342442259779851,0.009932070728194424,0.023427452486762257,0.00021904542198699338,9.6633503928187e-05,0.006012250738782752,0.01900076175576875,0.0017781322165719266,0.000683862300333406,0.0037025998747180506,0.012174612075758491,0.0040360310951442074,0.002235012203885155,0.005403412960240413,0.016186772814995663,0.004912209470665646,0.0018759520619999485
279.8265277003358,0.003273614559581089,0.032936959030474604,0.0005178736289976712,0.0003377940357438477,0.010164158928359755,0.023636848875249663,0.00022521929630324553,9.980761569367718e-05,0.003942306569475913,0.018143197900945724,0.0017700683990118848,0.0006507020718605731,0.005782178709006102,0.010140964794422022,0.0039649518341354694,0.002175667154278821,0.005326476216866618,0.016199207183911934,0.004911500562855313,0.0018754570876362586
279.7482545457343,0.003189806559967949,0.03244636274836025,0.000508882994957769,0.0003408377217615447,0.010145564955933857,0.023654074257598755,0.0002218535401328197,9.50077204160454e-05,0.007394038737517078,0.018181265345490187,0.0017726677706354946,0.0006046280637228044,0.00043600844952735386,0.011638183249737448,0.004020172713392525,0.0021766658956863557,0.0053328300005272035,0.016176685459759258,0.004910706675855618,0.0018749268487926686
279.6700251680649,0.002950098027110025,0.032568000631883844,0.0005091118040267198,0.00034422595799598926,0.010292857877193218,0.02346192610314403,0.00022223239646490222,9.879209682088825e-05,0.00369269478324939,0.02150691822187004,0.0018211688413673408,0.0006675511002532489,0.005203594539597872,0.010385446178838303,0.00407655237426941,0.0022028182130299726,0.005350601519070768,0.01614920998680117,0.004909355826324247,0.0018752081838972448
279.5918395306123,0.003068191353383322,0.03251667264953479,0.0005071940815118697,0.00033184255123298824,0.009871938967994445,0.023399324924534386,0.00022528460317554436,9.969605151694906e-05,0.008124609036928377,0.023089388210836538,0.0018539278116209176,0.0006575069874805632,0.002989062399786978,0.011076679815430998,0.004070161534083396,0.002175290424684986,0.0053156154652742845,0.016147714393122594,0.004909241697217663,0.0018744074867966835
279.5136975967021,0.00304694527787315,0.03255713853460705,0.0005017851953250391,0.000340087093269343,0.010181845821097936,0.023902508935557742,0.00023144213342600483,9.693509741785278e-05,0.0061121058082413355,0.014241407877045717,0.0018489502685789887,0.000595866829069602,0.006070705078983835,0.012641267895182755,0.004008954984510455,0.00216220979092167,0.0053242717834789625,0.0161853812256636,0.004908589796408631,0.0018750577678881151
279.43559932970106,0.003070828880639236,0.032476848050343406,0.0005042791746093597,0.0003343066891684187,0.010101734939669663,0.02338228722975472,0.00022437918205500955,9.109862431476932e-05,0.005485324891022305,0.0222569096927504,0.0018235447641246918,0.000561860047820295,0.0037612059507586893,0.011036546616979984,0.004049190053807875,0.002162501925216343,0.005436969455761893,0.01621259846098184,0.004907513268999176,0.0018741838034745774
279.3575446930168,0.0028950956301528326,0.03235610392904728,0.0004936971044773438,0.00033274418031495616,0.009994319819705276,0.023588886578997766,0.0002303010982190442,9.415928749059119e-05,0.008809927387626738,0.017709113206558463,0.0018825010441681424,0.0006623768206698018,0.004362608449532218,0.013934228442019527,0.00407163377358821,0.0022462491572076493,0.0053823597341206685,0.016132563617525592,0.004906450926614281,0.0018735212407143985
279.2795336500978,0.0029174950019079156,0.03270591313709691,0.0004994879724413419,0.0003395475230279696,0.010084186932893539,0.023558743904401856,0.00022350228485044148,8.963409107504817e-05,0.003439410468841356,0.018968475583540582,0.001721518044365236,0.000577705478849402,0.005741799574669755,0.011325573300691687,0.0039625566938529715,0.0022028922204812076,0.0052836903872595115,0.01614838357201503,0.004905923430040711,0.0018733665246374964
279.2015661644333,0.0031885188698796752,0.032538384033358674,0.0004937375697571519,0.00033612430703614486,0.010133839755745269,0.02382182429843604,0.0002210722167883734,9.659156273270037e-05,0.005840282437294403,0.016755102650043575,0.0017355904961069018,0.0006347481275890709,0.004155005202347567,0.011281136591176593,0.004004790351152002,0.0021802801748912752,0.005303506240520421,0.016182674089767438,0.004905445613720657,0.0018734281384525046
279.1236421995535,0.0029763387869361137,0.03242173088692398,0.0004956592660947936,0.00033864466348259556,0.010233265344578621,0.023441809155084408,0.0002284825720255487,9.183605342138822e-05,0.003138466258890893,0.02270652908232973,0.0018349845988490988,0.0006064570352527753,0.004237794073371957,0.008788420057871426,0.00402851960197563,0.002198254141223402,0.005371481543242593,0.016162953898093756,0.004904881412345282,0.0018726785859304383
279.0457617190291,0.0029802451919592942,0.032258335340946256,0.0005021761467200277,0.0003349323173282147,0.00989496077785129,0.023665832407386657,0.00022504181748824159,9.231021765454493e-05,0.009772386731060375,0.019099672477844255,0.00181807442805606,0.0005613418448380826,0.0028888690125101024,0.013579798353623891,0.004035701414067889,0.002151075127420969,0.005393856186069813,0.016191926812841716,0.004903900181263515,0.0018723607578678457
278.96792468647146,0.002663321733691406,0.03268937337745249,0.0005003642222742418,0.00033923118897807305,0.010288493261942847,0.023677487977891046,0.0002247346719758392,9.516772272549279e-05,0.005433186992209212,0.015054645361096942,0.0017737202232991865,0.00064451388768856,0.008484034631183267,0.014504737223515082,0.004001335250623173,0.0022141498852252936,0.005384938680924561,0.01616947662835099,0.004902999116821696,0.00187278542906493
278.89013106553267,0.0030088847649291234,0.03279308105532424,0.0005011754899708338,0.0003375819836821979,0.010245191478096063,0.023659136024970984,0.0002273037682819001,9.589068179356683e-05,0.0029922954188629828,0.018993552365573405,0.0018173825974924821,0.0006826381131580577,0.005326021074523575,0.009592891349824597,0.004005734093721943,0.0022430493993168066,0.005292421685621258,0.016130006003086304,0.004901930845150889,0.0018718399960414025
278.81238081990523,0.002818830503380224,0.03250304145963135,0.0005005308647212195,0.0003409091059954854,0.010455949211218566,0.023361907363827802,0.0002249956365194737,9.554032956721804e-05,0.003896299757842075,0.019501301274662163,0.0018274575644261618,0.0005968303797372583,0.003976728104773244,0.013868568352736511,0.004051145039735232,0.002158864999936395,0.005292641842083152,0.0161639887193769,0.004901115667421138,0.001872161934714014
278.73467391332224,0.003403890512625302,0.03241910884385952,0.0004948163281033434,0.0003393230950623711,0.00992956317295685,0.023474123445125415,0.00022680794515898733,9.630457187812278e-05,0.0036100575687329963,0.01920553644445015,0.0018124073994318056,0.0006035639851786913,0.006459914413669154,0.013039027469740037,0.0040286077601390385,0.0021583064514533994,0.005316480340327642,0.016221040122677437,0.004900399826754163,0.0018716267306322315
278.65701030955705,0.0031218202586675617,0.032218374794257605,0.0004985266432226801,0.00033901154188056306,0.010239848274269039,0.023652348490936524,0.00022490109188421376,9.529998314747407e-05,0.004774049434668215,0.01545337019785833,0.0018043499830720754,0.0005793986818825739,0.003591767008066275,0.015328272562821727,0.004031000076020988,0.0021544207872564915,0.0053855051549742666,0.016199524981288065,0.004900037744101491,0.001871538404118693
278.5793899724234,0.0025824674668611623,0.03269857188558949,0.0004980021130994224,0.00034003244402473255,0.010141495387059482,0.023270649172365414,0.00022838263639260572,9.424946156544324e-05,0.0013808709725286468,0.02185187355660243,0.0017848225214400744,0.0006152710461122896,0.008907227353249015,0.012383915514906023,0.0039772608166369775,0.0021871055900929874,0.00538303681530033,0.016159682359262274,0.004899295890473326,0.0018701559852054817
278.5018128657756,0.0032760718762671615,0.03261431506528745,0.0004972370552176575,0.00033855313446919696,0.010025439286072713,0.02342500219249527,0.0002242368822849279,8.872670020756111e-05,0.005627919013062759,0.02291252182286274,0.001798555970043295,0.0006288469665712318,0.004462570547637658,0.007973741711354282,0.00402131914126267,0.0022525028617300224,0.00536412864179952,0.01615127824476023,0.0048986540281177335,0.0018699882312413559
278.42427895350784,0.0023425040094523374,0.03248110281504882,0.0004955441441384878,0.0003407807834969373,0.010032298737297548,0.02369376307623483,0.00022560828382489037,9.8104951241274e-05,0.008583059934712702,0.016667822852504142,0.0018180577735842588,0.0006506317498894602,0.005656800664557657,0.013350021301400913,0.004029637579570023,0.002191318124748858,0.005346112187099457,0.016101167360559537,0.0048981269348211546,0.0018708506916847497
278.34678819955474,0.0030562798698111,0.033393653979287584,0.0004973001751183984,0.0003373973354390012,0.010325229546091733,0.02364703303026211,0.00022470613174718044,9.466391393235884e-05,0.0041084999579066445,0.017438189531936873,0.001788142974102577,0.0005881460280904001,0.007790267839463023,0.009958662286560825,0.004011794256659082,0.002155437296991401,0.005323325634597932,0.016134320493118415,0.004896294679921779,0.0018702150228686121
278.269340567891,0.003453033190897672,0.031686177622615934,0.0004939959357704384,0.000341526916112956,0.010148003349518497,0.023686091901966418,0.00022510813311356034,9.8473125556186e-05,0.003935982115864561,0.020207966609402765,0.0018741325449792216,0.0006350663843397902,0.0030990607248657246,0.009815762293623015,0.004103498634867204,0.00216181557683592,0.005368207400077478,0.016147559876249763,0.004896922226307884,0.0018691595003674922
278.1919360225313,0.0026706811583601204,0.03293840553072892,0.0004898737003520023,0.00033483272606429535,0.010231727779004383,0.023698681387275457,0.00021950392467055322,9.583284309693217e-05,0.004727636232777207,0.015819278992272943,0.001706316958440416,0.0006543490054707923,0.006071488380908404,0.011713249995096589,0.003985244930511924,0.0022038249545524645,0.00536934432377537,0.016110610520505022,0.00489549547391045,0.0018687879975234811
278.11457452753064,0.003239976520228297,0.03265174709242159,0.0004967853012432993,0.00033859688840981504,0.010314031673993404,0.02352778126277146,0.00022435729005775573,0.00010114532808477772,0.0028286711548485286,0.020512215645247918,0.001821935721472385,0.0007136951174297102,0.0025403641290786634,0.009128407595146827,0.004045315710085916,0.002212504665481589,0.005347206987493592,0.01610141654034788,0.0048959152340769165,0.0018685560835313066
278.0372560469836,0.0023524405042267666,0.03157545221397792,0.0004909444196978202,0.00033523090164705476,0.01031779826212665,0.023644691884935273,0.0002256077428414457,9.324231416949882e-05,0.003884140328124507,0.017551517491909627,0.0018131580557411004,0.0006284983907439576,0.006067772178683602,0.014290865503268723,0.004040371230027229,0.0022091158787881835,0.005384158321384102,0.01614379947877318,0.004893274877833407,0.0018689462001600255
277.9599805450251,0.0032787621593476763,0.03241287121960227,0.0004941976961025359,0.00033760424278811673,0.010063627608045392,0.023491126069788457,0.0002274969745169887,0.00010347321553838543,0.0019301584556276068,0.020495270287633736,0.0018004170868478448,0.0007576239790758728,0.007056369253962104,0.010431972879172961,0.004003214985969789,0.0022379113612750762,0.005301395400859554,0.016152065166492115,0.004892339069337142,0.0018682971581553782
277.88274798582944,0.003265890269118198,0.032867967782889064,0.0004941427696228232,0.00034065657794299283,0.010202013061382489,0.02373282167365579,0.00023135041534238037,9.692135146112685e-05,0.005149199263017223,0.016201420529715925,0.0019210912886621905,0.0006452082748965201,0.0033933769335196613,0.011197429585862815,0.004075655745981802,0.0021946481666304763,0.005281488319963076,0.016146555372795014,0.004892496380825773,0.0018684240182230707
277.80555833361115,0.004010464822017706,0.03254102266855645,0.0004980490880184324,0.00033586855307367515,0.010366866519494007,0.023436569795240635,0.00022271407050264574,9.92252864330868e-05,0.003503330822043358,0.017647438974392367,0.0018030899952793794,0.0006388584085592086,0.0033943518329832053,0.014137286437922413,0.004040779635618131,0.0021611603078872514,0.0053386412307060175,0.016174763089711826,0.00489196529305985,0.0018680867334474978
277.7284115526243,0.0028317207581827005,0.03232251099106531,0.000492472626790153,0.00033465110245122724,0.010174781494825619,0.023171816453890534,0.00022823745629501935,9.806856514458197e-05,0.001232610392755128,0.02093818874522219,0.0017695512158691425,0.0006890517435480405,0.00789209711890078,0.014012828575773264,0.00396608434244858,0.0022217203260546945,0.005354206289464551,0.01617838097604003,0.004891990970395132,0.0018671624352182203
277.6513076071627,0.002226492610161396,0.03221790190786048,0.000498645625986455,0.0003335249400793672,0.01023745183964922,0.02347872439584757,0.00022483138539834016,9.142066136440587e-05,0.0027507644654829757,0.022488795754951836,0.0017474167939715319,0.0006767441625511268,0.007376193409237278,0.007714642923934859,0.003955396214287574,0.002257189890225458,0.0054076168361702846,0.016111668801262025,0.0048914290435508635,0.001867964731120541
277.5742464615599,0.0031674709562679866,0.033213384890270536,0.0004888122484120127,0.0003363579000358529,0.010178845072245193,0.023609835298048314,0.00022482358001718313,9.566549550897359e-05,0.0051730914712219776,0.01904183848163832,0.0018455138298763718,0.0006297490003097642,0.0035633467523986926,0.00982625714796149,0.004063904477187619,0.002163740140297094,0.005323318795476282,0.016128583866810892,0.0048898559873656,0.0018672891231136214
277.49722808018873,0.0029652097052321005,0.03243246980358862,0.0004974612330230584,0.00032797961886630504,0.010531896930912076,0.023227043779812603,0.0002288703257182178,9.481557515922871e-05,0.0040262055420005076,0.01861667868541886,0.0018900420153898333,0.0005571062101133333,0.0023326604447954685,0.016447242354516924,0.004061620055743668,0.0021135259875111863,0.005390197121510371,0.016164399883472968,0.0048889509719586095,0.0018669258393867335
277.4202524274619,0.0028166762165527754,0.03239027880435032,0.000495927734566388,0.00033424932516401356,0.009839387174569378,0.023284186871275758,0.0002243066438358343,9.205838716790922e-05,0.007785095342872912,0.01702961096452346,0.001784531265649551,0.0005094928860913158,0.007317475464546894,0.01540390076329929,0.004006038457672785,0.002105940329286003,0.005344891644645594,0.016119911790749872,0.004888818963022495,0.0018657810234713212
277.34331946783146,0.00315610284554578,0.03311814546175836,0.0004969129026892786,0.0003322188269982934,0.010068668451588514,0.023721153826603367,0.00021913390195225818,9.716238977249064e-05,0.005011519737034312,0.013441344285997792,0.0017315989843110899,0.0006230013900074117,0.00547589216752954,0.013518122352500113,0.004004319541316417,0.0021666530885901406,0.0053249697781829666,0.016068553434566733,0.004887815340321963,0.0018666001330859875
277.2664291657888,0.0033181330102398,0.0323874390321809,0.0005084469212406721,0.00034463724988773405,0.010270050926217399,0.023502390543054186,0.00022131642051589754,9.528567484375243e-05,0.0047913152587046055,0.016123672475451586,0.001718820750434741,0.0006398327575585174,0.007221130779192288,0.015841259488839826,0.003947164340660691,0.0022200768088706567,0.005272992271015299,0.01613737078564131,0.004887030700970272,0.0018663785703406462
277.1895814858648,0.0022669570118279444,0.03283200106786943,0.0004830269438234292,0.0003295481088460311,0.01026820490124419,0.02337745480109475,0.00022770421551157496,9.218396861710499e-05,0.003664344268101558,0.019560184324286158,0.0017445712209293795,0.0006207524269409597,0.01115046794754852,0.013379218537134679,0.003951249976045576,0.002186066664650021,0.005324067754987659,0.016172778346996444,0.004885598513277403,0.0018660478022955382
277.1127763926296,0.0030721644513560325,0.033028468155428536,0.0004816967474300014,0.00034429161117289337,0.01016133544407238,0.023507677981662832,0.00022376172300681192,9.348544660219421e-05,0.0024077695475583174,0.020692565043285132,0.0017894501719259433,0.0006758578556787123,0.0074462350133141465,0.007869673916773248,0.0040334112208962915,0.0022591462629604933,0.005364536519143925,0.01619916730462195,0.004885398594876557,0.0018654963079567648
277.03601385069254,0.0028473838753634417,0.032467605693927135,0.0004989882900687258,0.0003352809759723616,0.01038762756999513,0.023680467312641475,0.0002251379256542917,9.882086666512602e-05,0.004302523247310062,0.015966205718123887,0.0018010543508138299,0.0006844246579337794,0.004330470240902082,0.012022606035326037,0.00400549528454464,0.0022182295698302155,0.005408211567783317,0.016114307440485646,0.0048852572483311955,0.001864638210613086
276.95929382470234,0.0029024042766031106,0.03291001410920066,0.0004930379147070559,0.0003395165591552311,0.010464042727129905,0.02324767758663533,0.00022502422110194341,9.218802032468622e-05,0.001595914718596913,0.01892497584729706,0.0017743706978283554,0.0005652679773941846,0.006302690276624155,0.014218343211512495,0.003996465119970008,0.0021599226766851917,0.005339793961801535,0.016074912619137502,0.004884204138350179,0.0018654394198745197
276.8826162793467,0.0029051657409246185,0.032624438312701426,0.0004914074775454367,0.00033704313274549643,0.010236875893462451,0.023284897991778363,0.00022163940971467517,9.427735676537e-05,0.0007169193074925718,0.02039616330197761,0.0017027847077039867,0.0006440610694204386,0.0072009528194637564,0.011641296701811823,0.003949256976220274,0.002210843576520063,0.005319355807268276,0.016124847735698382,0.0048829255839819485,0.0018643138032077608
276.8059811793524,0.0031461122803825813,0.032851838535905196,0.0004900920521037853,0.0003378880090752944,0.010186605564588341,0.02334246186679672,0.00022351480004021684,9.412206402343151e-05,0.0024094997253132585,0.021347206381168878,0.0017820299839365846,0.0006502613166322193,0.004983382098146208,0.009710402552053144,0.004008846195565412,0.0022101402406097172,0.005397727907583591,0.01615905831674886,0.004882356626416952,0.0018646393757494773
276.72938848948536,0.0033325497326411884,0.03258145578662393,0.0004944843836930427,0.00033879658842830666,0.010277423667111369,0.02337384860072972,0.00022453139888975682,9.506203696556056e-05,0.0018287138919013972,0.020502634249454435,0.0018132877514218705,0.0006911120656936693,0.004627962744651345,0.009821011855557437,0.0040210001438396765,0.002250865144276803,0.005395866863689132,0.016097900742676335,0.004881437801889454,0.0018635104297407372
276.65283817455054,0.0029309449387858663,0.03250677405029962,0.0004965460595124649,0.00033491474470460377,0.010334769985228042,0.02328686299613943,0.00022196428712622157,9.372735511250275e-05,0.0009743170128109235,0.020902406577364543,0.0017316314079167377,0.0006315755004734245,0.00458146134128345,0.011474124190117448,0.003963640435984874,0.0021924670559886586,0.005378175358347823,0.01604946828291314,0.004880608644417053,0.0018637292504038252
276.57633019939163,0.0030403540537664166,0.0324983324413867,0.0004964606479719841,0.0003344549787385093,0.010227268583008958,0.023528370700614327,0.00022845408793733404,9.268218491075331e-05,0.0027885019469873424,0.019356421371161583,0.0018555513277995293,0.0006239595952841973,0.005325498545936831,0.009779897322593186,0.004020700336799803,0.0021922135826041187,0.005281181912704955,0.016044267281476184,0.004879861424426971,0.001863669885743541
276.4998645288914,0.0029968873302652667,0.03254147887847067,0.0004953350648428378,0.0003399437570294026,0.010472618216758517,0.023287078505137723,0.00022188843320935066,9.235474133586531e-05,0.0009103584431243007,0.022167153174584557,0.0018280666635073323,0.0006503703632887147,0.00452065785580939,0.009195870914187186,0.0040603197808829275,0.002241336647556271,0.005308503113459522,0.01614838222147769,0.004880016074964686,0.0018631345936634576
276.4234411279713,0.0030386072085075515,0.03240278692963902,0.000492705484107364,0.00033582691179575045,0.010214051634494655,0.023100239922319375,0.00022864192527296995,9.791139579540164e-05,0.004188078761911663,0.021529260464728972,0.0018370671009681058,0.0006505983835988056,0.003684561576857567,0.013373203792828652,0.00401221004638166,0.0021840573598014158,0.005333849490487013,0.01612558409075231,0.004879995424201898,0.0018629465740014983
276.34705996159164,0.0025245600509107235,0.03185571236397208,0.0004956475619246089,0.0003368203676944194,0.010019363408572587,0.023318850692607408,0.00022473883153271295,8.65916384535956e-05,0.007031636190235664,0.02124014846973069,0.001829658555690301,0.0005200860143296743,0.0026473450551383958,0.012741523913294247,0.004029495972248019,0.0021452893567378427,0.005432724850572102,0.016124220304630055,0.00487769088751774,0.0018621529623916771
276.27072099475146,0.0032399235113714864,0.03281125871766091,0.0004944922658602985,0.0003367331143656161,0.009959612548517838,0.023695152654567682,0.00022327792163482317,9.919446177106335e-05,0.009802957246599069,0.010987776754967924,0.0018139796347801601,0.0005896615383013961,0.004416749722832702,0.017593084411017965,0.004034098040126859,0.002103149011820871,0.005448644884443082,0.016062627867573426,0.004877716562656048,0.0018617170440568397
276.1944241924883,0.003078724101619887,0.032607285189313225,0.0004952622424869348,0.0003358620592304112,0.010414294256713773,0.023312922266869977,0.00023070698346912378,9.274944082886074e-05,0.005752562367631302,0.016541664769484144,0.001829691688443825,0.0005681352951238364,0.009027656104378714,0.017144263923065083,0.003989573307213124,0.0021458338514063406,0.00534338329825254,0.015977365327867577,0.00487687585484436,0.0018624215162423151
276.11816951987856,0.002426085659406315,0.03256082221758155,0.0004944066804021139,0.0003383101683027384,0.010121559600063593,0.023328993007735287,0.0002167145321007505,9.064499857488638e-05,0.0023145424808771074,0.019888793714128643,0.0016826266268954292,0.0006305664824443782,0.006883111424150851,0.011669711584694577,0.003968730383997472,0.0022315836537787166,0.005288211921260608,0.016088621844960994,0.004876059883500134,0.001861737185483628
276.041956942037,0.003942429646841034,0.032554566817600196,0.0004925795899604049,0.0003337651468940735,0.010184813008216912,0.02349934080327827,0.00022080328954942572,9.867919575641406e-05,0.0054121743982882215,0.0161946427679675,0.0017300428759364588,0.0006944353281678849,0.007191592876590251,0.01386519380164999,0.003977026543392165,0.0022138885112507173,0.005319789472282803,0.01608975625427373,0.0048751716986950916,0.0018614875352749298
275.965786424117,0.0037353734453327127,0.03331639164376696,0.0004937374044192745,0.00033665573506202817,0.010058037572576384,0.02317639729856582,0.00022383261197951116,9.287938157884989e-05,0.002411832920895834,0.019676830831415325,0.00174524036950617,0.0006989532145266156,0.010561063574234458,0.01265752179294299,0.003964414620045798,0.002275327793775221,0.005332052137935069,0.016107722166687405,0.0048743110746773035,0.0018615093767140908
275.8896579313104,0.0029527878875568498,0.03287451114545278,0.0004934695808893496,0.00033595722002173554,0.010442927142232336,0.023409970881251997,0.0002233888862699085,9.73299988812535e-05,0.0006709700962183055,0.020913865439487297,0.0017722186946660678,0.0007355484689607246,0.007007368197363208,0.008271746125930146,0.003983166680827275,0.0022555393125349306,0.005331531907010177,0.016075247172715787,0.004873747243978031,0.0018605912477041937
275.81357142884724,0.0033234821491547823,0.032859117100778136,0.0004974462295712606,0.0003347576279951993,0.010341368567844846,0.023100690061624882,0.00022510918168596215,9.307950243520773e-05,0.0011067710468447899,0.021689984490536943,0.0018127491470678251,0.000585899394685193,0.003328257075405856,0.010644009749598865,0.004005692179854418,0.002152902195154372,0.005307874038524797,0.016081585482122594,0.004873301657480216,0.001860562806470143
275.7375268819962,0.0026042027627220534,0.0333342553170845,0.0004937385091265994,0.00033495849941327256,0.010430135660375407,0.02326948754258945,0.00022148974555511152,9.812287519575944e-05,0.0013601493084782156,0.017690359473296526,0.0017972662798693738,0.0006568279691948956,0.005756356432513257,0.012902396845996242,0.0040343095578912955,0.0021821664337971156,0.005322088835359374,0.01616319926834244,0.004872802407021481,0.0018603658098034126
275.661524256064,0.00429337362668258,0.03402408691577758,0.0004933356470631783,0.00033747367764188735,0.010259263437537932,0.022699717730275185,0.00022371586783520684,9.453650767244841e-05,0.00482906352061271,0.024776124496036615,0.00180879287034326,0.0006477811401454864,0.0060126532009705065,0.009383256872839354,0.004017208477761998,0.002199105721657378,0.005405201511044024,0.016114964587357797,0.004872258937936867,0.001860392304699662
275.5855635163958,0.006851948672815156,0.028775291099203692,0.0004945473755384891,0.0003335712531760812,0.009355761412196717,0.023923901609008,0.0002178477369660164,9.698426492239155e-05,0.006493606229273751,0.020311621309273664,0.0016967786130963163,0.0006355043246561938,0.00317457106391916,0.014524053827044706,0.003960728861186827,0.0021745031033774957,0.005345924269204075,0.016084010008862077,0.004871819798331615,0.0018603831681619086
275.5096446283747,0.00214827201928196,0.03159705358493717,0.0005132788349135631,0.0003311109327259715,0.01043732601460048,0.02362108745327727,0.00022356949696607256,9.86574872666683e-05,0.00387606981980218,0.018344311793860122,0.0017619172630467773,0.0007145826069125706,0.006858021342360576,0.011846865240119894,0.003940221288006299,0.0022280389417457186,0.00541174050823251,0.016038044393548594,0.004870193053213217,0.0018609212378721295
275.43376755742224,0.0022156439365806683,0.032487405833759274,0.0004946378411471972,0.00033174524554594386,0.010351059242345003,0.02319470789196571,0.00022564265919318633,9.581185775522905e-05,0.0012498499825363745,0.021028625066180737,0.001812438031549126,0.0006693488391493055,0.008235913833953631,0.010650907006870918,0.004006184042922175,0.0022097722490599845,0.005343426007902138,0.01606025644635793,0.004868566783630339,0.0018595225729467423
275.35793226899784,0.0029347581043292167,0.029810847938186398,0.0004940098735542189,0.0003311547144952164,0.010287184666603768,0.023732253685099385,0.00022665201572950902,9.822816173733446e-05,0.0035111624553128408,0.020494586329551395,0.001808858401454013,0.0007334160512041285,0.005854212438822896,0.012181976831792793,0.00398947836391247,0.0022505088005108326,0.005385065836189814,0.016081309322391643,0.004868224932932199,0.0018590567358337277
275.282138728599,0.005030794235757946,0.0317150954647283,0.0004847053821919553,0.0003353891021857484,0.009692300371381047,0.02363287197405038,0.0002236670127974115,9.28551131516615e-05,0.003062024005620663,0.017866829854695974,0.0017559915370763846,0.0005999915137533079,0.0057323261592371255,0.011226048141052514,0.003970361236242498,0.002165930635951614,0.0053853344919066095,0.01604032844896211,0.0048676076843843655,0.0018582591359801147
275.20638690176116,0.002950651437615765,0.0333969783972094,0.0005065636066276695,0.0003462316768578306,0.010309246627845985,0.023119277393811456,0.00021821537499482004,9.779596757321759e-05,0.0019538391601712957,0.01838428657118648,0.0016866171723247851,0.000680726126767637,0.006344722349915111,0.013596035170680903,0.0039313634041041896,0.002226282556914882,0.005317460596407953,0.016018245842373924,0.004868548216879002,0.0018570819260138854
275.1306767540578,0.004262632191079938,0.033143637244262884,0.000498373549424126,0.0003391102551103189,0.010050451226466472,0.023184525368204843,0.0002230123599666661,9.71355253784277e-05,0.0031309705704280796,0.023230224707365715,0.0017450840695037216,0.0006955614183826517,0.008454944491806783,0.008582479083539825,0.003956342774943147,0.0022307916815560457,0.005378845747078364,0.01609311841797663,0.004868414001100315,0.0018593658671164069
275.05500825110016,0.0026815445438600916,0.03439478296806892,0.0004898982879667966,0.0003340372296186173,0.010484780778733343,0.022781090984079915,0.0002262732321637757,9.528029498687576e-05,0.006572174552539594,0.0237436235757888,0.0018550665312918168,0.0006221621093402927,0.003974190205854485,0.009244900078503945,0.004036143228012652,0.0021514494253535403,0.005377265693907543,0.01602838372759338,0.004866243121237138,0.0018590476589566076
274.9793813585373,0.0026644193916157775,0.031820928322198745,0.0004950123674652923,0.0003353451407816598,0.010187002098042708,0.023615555135351643,0.00021955907123861085,9.865597227046368e-05,0.005616486109966568,0.017648692076746436,0.0017639638767415042,0.0006438996732358494,0.0034330303498435566,0.011760794868877439,0.003999544511090005,0.0021635301114697166,0.0053765715710625845,0.01603854415433618,0.004864824409928408,0.0018575783754921423
274.9037960420561,0.003371935478659422,0.03319923583738661,0.0004851924593307145,0.00033441458091051885,0.010459572532568922,0.023103510999764175,0.00022620794430178891,9.557396287317093e-05,0.001284293027666832,0.019292983474890012,0.0018074011057158464,0.0005876832588600576,0.0016274911127838808,0.012766567288695227,0.003997478985751015,0.0021379131413025443,0.005356336995949483,0.016015740878192696,0.0048649319655487185,0.0018575339494245583
274.8282522673812,0.0020334280754566083,0.03203283269468114,0.0004916742634064037,0.0003350653791992626,0.010324809674160832,0.023165790809551237,0.00021891812479159402,9.288523704090688e-05,0.0049975662364743585,0.017884024432144072,0.001747577899997131,0.0005690697765336762,0.00630698830870294,0.016065297378145462,0.0040093147974797315,0.0021439901359006095,0.005345189770079222,0.01607867700902914,0.004864280286824925,0.00185778046939193
274.7527500002748,0.003024262788446692,0.03224346391834775,0.0004916857816979598,0.00033826549260590103,0.010202770852876825,0.02350183362947319,0.00022213237718728503,9.437984183980664e-05,0.0030387429651487657,0.01686125258996518,0.0017524325850606492,0.0006383951865183906,0.008350704434392474,0.013068838954743686,0.003970854426215052,0.0021988638155137946,0.005392058231828333,0.01604711739418887,0.00486328532230801,0.0018576362106507965
274.67728920653667,0.002766614484027824,0.03303562835307324,0.0004941360808512291,0.00033658637059238696,0.010647967911372033,0.023182502225488955,0.00022534694296837615,9.199417171293895e-05,0.0010308844812706374,0.019136459842518435,0.0018196024042596525,0.0006917127729402738,0.003505463168647513,0.012391419540730026,0.004001301033303449,0.002281696004349895,0.0053661327724318815,0.015981234968558185,0.004861848048629116,0.0018569408640164793
274.6018698520044,0.0029444596271406193,0.03280578598710807,0.0004973721756825341,0.00034022273543703576,0.010400772366285968,0.022760241372996984,0.00022352198237832156,9.39424416915566e-05,0.001898721610126688,0.021751117348933886,0.001744908443318825,0.0006319553333114417,0.007178524561082955,0.015217035305715363,0.0039452906538295345,0.002193328798339145,0.005328362134139202,0.016009695373669284,0.004861226448096217,0.001856308926964311
274.5264919025529,0.0022098687854564328,0.03294299314281619,0.0004908009856162437,0.0003315018861565881,0.010208813580700912,0.022997157630308098,0.00022298440996787577,9.422669852149476e-05,0.0016375384407709948,0.020860618225402236,0.0017285046511460842,0.0006878370789428072,0.009215876048793288,0.013585354054157311,0.0039459823866806664,0.002240765038709634,0.005362858193025097,0.01600164670171502,0.00486078936003048,0.001856198852712602
274.45115532409443,0.0025693017505986865,0.0320569872704357,0.0004881031269867044,0.00033441279070515415,0.010419726713922287,0.023298664340131586,0.00022469646164087072,9.320836542033943e-05,0.0017649437449495692,0.020568392511250557,0.0017152292200052568,0.0006503707745844734,0.007701778428469883,0.01145131497635905,0.003916661712182175,0.0022063689280200204,0.0053511554076180416,0.016028351960797733,0.004860239831865256,0.001855493570674685
274.3758600825789,0.0023223061224743823,0.032167685824032885,0.0004915570408011851,0.00033647401000883796,0.010180457442157939,0.02284288019553859,0.00022227661197232507,9.363398900343678e-05,0.006782576738795302,0.028113711691678533,0.001753684875183175,0.00065083532631797,0.008796999554332132,0.008617465210021446,0.003964697301842261,0.002201666981679283,0.005365288544967,0.015989148076873166,0.00485946242394528,0.0018556488612416744
274.3006061439935,0.00344304612318485,0.031961037366478526,0.0004889284048251835,0.0003376960777600473,0.009920111240406896,0.023474048508957974,0.00022497686927883782,9.387719499514584e-05,0.006015631126969614,0.021296328753670244,0.0018185029135561292,0.0007063662117313121,0.005698212534757608,0.007392669431066725,0.00400945536217613,0.0022635165044748357,0.005322085129111472,0.016004542627463952,0.004858925145015129,0.0018546398929813863
274.22539347436253,0.0024180224294479153,0.03140431826154976,0.0004929939077361957,0.00033703915035350056,0.010403612629385587,0.023238549809872368,0.00022630942216903105,9.452688977577438e-05,0.002214301793514247,0.02142604797108419,0.0018758429855073454,0.0006418947302323804,0.002639041027595768,0.010915213436947891,0.00404314793332833,0.002186966682390309,0.005351497560716182,0.01601296796875192,0.004858184804458038,0.0018552664582765141
274.15022203974786,0.002329377847373267,0.032195178305899894,0.0004893584591293034,0.0003368685858170007,0.009974378208622096,0.023296929312361166,0.00022342281805126004,9.437469121364993e-05,0.005505139726292655,0.019216130633886656,0.001799357838980686,0.0006659903155931074,0.004494473660346198,0.012355065865584608,0.004000611973346154,0.002228867170327764,0.0053720580262682,0.0160162533900087,0.004858277961200858,0.0018556791027187355
274.07509180624834,0.0029971024082322845,0.032238814293956905,0.000496062378912948,0.0003335220484233711,0.010314160260319102,0.023412384043659758,0.0002250586155183661,9.487888681251083e-05,0.0038111453519928166,0.016120974135529823,0.0017086123397202836,0.0006031664434906305,0.007106341443186387,0.014018917657836241,0.0038929474824101586,0.0021425885159736162,0.005338439036601816,0.016003336465002738,0.00485785242031692,0.0018549238233696505
274.00000274000007,0.002783365175581878,0.0323172729975698,0.0004927679239770302,0.0003350094318294795,0.010327679628547927,0.023161167722806953,0.000226294926650822,9.035920973740979e-05,0.0033793302547802427,0.023246624459251478,0.0018452655312761227,0.0006114765169139627,0.006452319382868016,0.008920055716768143,0.004025233772794119,0.002195182318935436,0.005373654007977113,0.01602754936919612,0.00485777212134083,0.0018553129607184542
273.92495480717616,0.0032904031881945866,0.031377787676401335,0.0004903027064083792,0.0003358616349120812,0.010088256696890662,0.02346593573978076,0.0002202013525654457,9.366632773388793e-05,0.006150513678399852,0.018036255143308793,0.00176749783773243,0.0005798807887142688,0.0020444022589562977,0.012207272614974682,0.0039886638879239895,0.0021311811158302107,0.0053675984434846885,0.016018705849123068,0.004854662461816587,0.0018525377703330933
273.8499479739869,0.001958397193045626,0.031515588443885106,0.0004916557796442333,0.0003335781984549646,0.010779211032087257,0.02331048172777638,0.00022790895438555187,9.489969973446643e-05,0.006266985309173727,0.01923005282052753,0.0018047040190859618,0.000579863372273077,0.00751725984386104,0.014559350213201056,0.003962196311638826,0.0021245054428385385,0.005415076323615988,0.015987957025227685,0.004855958633562002,0.0018540460401358886
273.77498220667945,0.0030022196284833877,0.03214966024838908,0.0004903152676095072,0.0003364793533328915,0.01013505449281175,0.022603897381876237,0.00022524877956167118,9.037512836033695e-05,0.008537062339199378,0.027922355002254578,0.0017912294330302244,0.0005857098278095807,0.0049830145735501605,0.01124263040651605,0.003973489656929725,0.002170753488842635,0.005352768906597397,0.01595001249225119,0.004854391962210308,0.0018550479804310149
273.70005747153806,0.002557827920896092,0.030855794998564355,0.0004918160083989611,0.00033566467369387543,0.009736434103935465,0.023511266248694193,0.0002238152747352082,9.866931993595072e-05,0.0057376864790662785,0.013771110816285575,0.0017906337240661278,0.000629189057741877,0.009487876468550503,0.017118314770145443,0.0039922449183810655,0.002144251510632985,0.005319598400501442,0.01594797164976159,0.004853765418651858,0.001852147740160327
273.6251737348838,0.001135672546627626,0.032560538865936774,0.0004933422243042085,0.0003373512271179891,0.010637559047360575,0.023362830642068618,0.00022532315390326577,8.964673687255329e-05,0.0068182791648024104,0.024462724229552486,0.0017821416192396393,0.0006580469316464833,0.010524376312979773,0.010166696908174908,0.003965339392314196,0.0022574500021736946,0.005366520614817471,0.01602756459719002,0.004853525033611345,0.001853768608700417
273.55033096307443,0.0027066778017065677,0.033243018859618806,0.0004906548549272309,0.00033423536713221677,0.01019559132005447,0.022782825281933407,0.00021954304829503528,9.674151937187828e-05,0.008540250834012846,0.02923438637545584,0.0017937496216222338,0.000686433846969591,0.0047174175052051796,0.006869199528161906,0.004026495694400772,0.0022050479928303703,0.005422954379493765,0.015982503888668828,0.00485153708498403,0.0018536696890410391
273.47552912250484,0.0032683294824474287,0.03339154678616282,0.0004886284746016516,0.0003338638044664729,0.010118104313422603,0.023132833714833448,0.00022939180189580452,9.627133781220967e-05,0.004018210037691532,0.020102542055301154,0.0018839771454070146,0.0006866417456862908,0.00381647581206905,0.011630677655784,0.004020001156819818,0.0022241550138756517,0.00540819030741939,0.015957165855553235,0.0048508346106642146,0.001852788387978105
273.40076817960636,0.0038613300946863157,0.032676131223298134,0.0004901523992947666,0.00033334091499610666,0.010088527221668978,0.023010222593770654,0.00022798690128011462,9.020729097695186e-05,0.003369048127749407,0.020371557702655616,0.0017479136591114662,0.0006121270806118888,0.004236290193544747,0.013791467156296816,0.0038972176356779804,0.002199027292085565,0.005357466061450916,0.01594455302956197,0.004850598991876114,0.001852566550891724
273.3260481008473,0.0032908907873645797,0.03172304576745469,0.0004925650478181573,0.00033165286824065937,0.00998077718689293,0.02320746899745427,0.0002228387238590453,9.480369040664905e-05,0.0040276624751382165,0.022859763734665875,0.001850966163773613,0.0006074597605216417,0.006351582344280821,0.008697543069503662,0.004044792896725125,0.002152811126094694,0.0053405307826072815,0.015895014912961775,0.004850910434146795,0.0018523533552273234
273.2513688527323,0.002804706141423913,0.03184480491238664,0.0004924183100988888,0.00033372277234367524,0.010200377693217475,0.023275853623040372,0.0002269273562836803,9.472006866052457e-05,0.005709308007551225,0.021699367552499692,0.001863087964218687,0.0006281097954896206,0.0013160035819285484,0.010480249583359072,0.0040214291578469915,0.0021755088459462202,0.0053490159527315295,0.015922987287671966,0.004849851233132366,0.0018526788647693954
273.17673040180284,0.002914551722821505,0.03255647434250472,0.0004883216671164257,0.00033244171934488807,0.010327116245686913,0.02308422175710315,0.0002243792120882805,9.422101944244027e-05,0.0024329506650460644,0.01704368446109678,0.0017802210674749972,0.000583036182653683,0.0059783210828943945,0.016621627871817018,0.003972145745557095,0.002136630363747734,0.005351552254559206,0.015924030999489414,0.0048489817181071706,0.001851791481075955
273.10213271463687,0.004183864341022254,0.03268971370967531,0.0004898390167909804,0.00033514985085290286,0.00994951298242627,0.022851396347304976,0.00022313595172292368,9.29278760102134e-05,0.0027445598587406733,0.023166004861308945,0.0017292546267655409,0.0006822171761009014,0.008242138058505155,0.011887912322981805,0.003928224070642056,0.0022488416526955705,0.005324230048616763,0.01600587507202689,0.004848457371811671,0.0018533872594349717
273.0275757578488,0.0036253181403046106,0.032169727089751826,0.0004881281256830898,0.00033518229606393867,0.010065820405652254,0.023426484072058565,0.00022677462953695754,9.639221847385216e-05,0.003978608541059367,0.0173124648615295,0.0017264595897928574,0.0006350704681139705,0.004591738366996389,0.010759972789576416,0.003891709119425127,0.0021605649822364504,0.00539532572489267,0.016002197597603535,0.004845145472839173,0.0018536099298741737
272.95305949808954,0.0026736408771923553,0.031273081470589596,0.0004886619819105523,0.00033032001704114426,0.010308094581028507,0.02294221924119936,0.00022688395784750996,8.985605738876463e-05,0.002834107642061134,0.023953224504579596,0.0018384221046144804,0.0006079300516773222,0.00690783347632238,0.01053031254014813,0.003992848530584064,0.0021888711381510503,0.005422586690935319,0.01593243359673258,0.004842980703547047,0.0018520049207154095
272.87858390204644,0.0011913899628321878,0.03303162832528752,0.0004947659588440237,0.0003309549028815504,0.009863846739827348,0.023089272819115696,0.00021892051862842127,9.51261766331708e-05,0.005637984845889481,0.020345341579714193,0.001741707976195833,0.0006574319939538801,0.007150083027114637,0.011798356758550099,0.003961160015517954,0.0021899422998728343,0.00541820050391595,0.01592228423733394,0.004840333869235734,0.0018482817300145484
272.804148936443,0.0037570100284148532,0.03225466178731634,0.00048560983142150203,0.0003349589009030149,0.010272967067609337,0.023353820829767294,0.00022431554617662847,9.513789028789384e-05,0.00446317741970746,0.015199592343372346,0.0017450200538611405,0.000515873742092606,0.004441805343341403,0.015776862172820358,0.003934472249224329,0.0020542357495309787,0.005365349887590586,0.015866889543934972,0.004844218412781406,0.001842265065641935
272.7297545680393,0.0022598251140370385,0.032067727186835385,0.0004882132984583745,0.0003365102546351409,0.010239705483382258,0.022768960316972384,0.00022459252148421523,9.329082689201815e-05,0.005060315477270552,0.024921754346227832,0.0017427415803623377,0.0006469359455481887,0.010517074347658733,0.013017038941642805,0.003937779179371422,0.0022027992757970697,0.005318011920999042,0.015943986809171994,0.004850854805400412,0.0018451889900051484
272.65540076363146,0.0028532863434183554,0.03308315762084766,0.0004888291188565985,0.00033714069312947974,0.009852416924083856,0.023256482480638788,0.00022229084121456316,9.366051197915212e-05,0.0050332634864503215,0.020509942211704157,0.0018392759817722724,0.0006880787922166227,0.006960719822420986,0.009876001615477574,0.004039058731382114,0.0022419312814235632,0.005337839398514568,0.015886460962490787,0.004849975067424368,0.0018505877118141067
272.58108749005186,0.0037438769572191843,0.03162610022894402,0.0004924322897846058,0.0003358482021722618,0.01041984578121584,0.023172091028903614,0.00022410305598586576,9.655724813269616e-05,0.0018075305391957587,0.022016605971323225,0.0018277062950912393,0.0007259064458472822,0.004966771380804504,0.009591034253925683,0.003999205554351441,0.0022556611660325882,0.005340045541766676,0.015912097224017208,0.004844572361682131,0.0018567171802465056
272.50681471416897,0.0022351368102963027,0.031860527594751026,0.0004906463058525559,0.0003337810014884025,0.010025028198991835,0.02273397023937349,0.000225085232043315,9.361786925554418e-05,0.006731378868633633,0.024766910309202823,0.0017795099325015982,0.0006425899452445967,0.005085952883926898,0.011525166218270835,0.003945781111854161,0.0021956679690479184,0.005346401418543669,0.015947275705662168,0.004840180054250274,0.001851898840896561
272.43258240288753,0.0021860967885443234,0.03246606963633086,0.0004906566809776787,0.000332393065085498,0.009958643605875476,0.023214438766464132,0.00022390627782357107,9.310891813597177e-05,0.003928643940220386,0.021077943750956122,0.0017576711583845886,0.0006551667795892493,0.006717455726750551,0.00882981721081319,0.0039377984366714795,0.0021982513472109722,0.005372777474697696,0.01590127633840384,0.004840084366026912,0.001848380059693692
272.3583905231482,0.002658276423677903,0.0322651951119994,0.0004877333396373466,0.0003327069027188218,0.010226175757131627,0.02297616803138307,0.00022489221010573603,9.05181635733556e-05,0.004674060508827807,0.021836823122121814,0.0017488026801742837,0.0005811435931723405,0.004321655535358805,0.011324010623701704,0.003922231742911622,0.0021519494789907787,0.005400378442899175,0.01589217655956787,0.004845082423980423,0.00185151077093201
272.2842390419276,0.0024246157214867863,0.03214683717329093,0.0004865406921221326,0.00033534701243544883,0.009829835909335555,0.02303233442518612,0.00022344042265153347,9.074219303372851e-05,0.004228680651478435,0.018528058442663326,0.0017749930318877766,0.0005308044839680737,0.007351116503681487,0.01483467801668058,0.003964404861829405,0.0021184612758352725,0.0053800435689951255,0.0158550771029215,0.0048394765171181475,0.0018510330870119718
272.2101279262385,0.0025193137661108297,0.03259734968118287,0.0004892472235106291,0.0003334646221822168,0.010237002913484611,0.023172546479266944,0.000225894900972782,9.218772019336961e-05,0.003153248546151597,0.022229625793448404,0.0018082154407656002,0.0006246270247019536,0.00913068108386701,0.00923576574770367,0.003971690095890959,0.0021902298858251256,0.005352126928663004,0.015892636839279314,0.004839688829022634,0.0018491570253121872
272.1360571431293,0.003063114707507812,0.03244608787887937,0.0004879993782844922,0.000335979420169396,0.009884241221201396,0.022923434626277,0.00022473207914102672,9.124229086700368e-05,0.005879793562167225,0.022991599030634257,0.0018568104042901293,0.0005756350703252994,0.005791910983048062,0.010649484010050222,0.0040392689081927705,0.00215005603085899,0.005349740263143735,0.015872774111488363,0.004839455072342177,0.0018492449363884768
272.0620266596845,0.002839038414688534,0.032571479642637576,0.0004924238824281637,0.0003357090813283325,0.009849274271981477,0.02323172467812512,0.00022149807617163255,9.141647666665456e-05,0.003493386128466966,0.021930627660414807,0.001812498236647788,0.0006524550583952894,0.008606925208507752,0.007272982342885493,0.004010242769792326,0.0022086801902137503,0.005325864976825191,0.01591315812033783,0.004838036704139322,0.0018476946093227537
271.98803644302427,0.0032743636320349896,0.032144339963701044,0.00048781052317525505,0.0003314095013887218,0.010136669063406493,0.02331147024848651,0.00022132822228728064,9.128509894538488e-05,0.005315789892684422,0.022188768111018012,0.0018184622592760705,0.0005855563631796169,0.005148818624148463,0.007279816371526288,0.004018220337111918,0.0021466702487047524,0.005401486934876998,0.01589878174009945,0.0048386834800879935,0.001846828213128088
271.91408646030453,0.0024494887652324743,0.031652830188422465,0.0004886577870171951,0.0003339349433248542,0.010386315537588323,0.023049292108306214,0.00022386445363896764,9.260234806377892e-05,0.0027825096007342187,0.01939712210447834,0.0018206123424463559,0.0006153233389516758,0.0006651927255293803,0.0138261822122361,0.003998883639753965,0.002173483347504307,0.00540802566530204,0.015864367075366554,0.004837747198546286,0.001847902923052237
271.84017667871706,0.002314293406876019,0.032765125083569276,0.0004860114421528154,0.00033486093313082064,0.009976315894872984,0.02295148410498001,0.00022191566112229593,9.321513320973653e-05,0.003265593330397511,0.019423700189809576,0.0017509968795334362,0.0005134783904922818,0.006153857708788068,0.014594087585682734,0.003947770175755174,0.002071203084054493,0.005377372227511235,0.015860100805271976,0.00483744511940386,0.001847742913404577
271.7663070654892,0.003473214572309007,0.032325465241111455,0.0004909934768643099,0.00033838682396961827,0.01004619398715484,0.023486852585614983,0.00022665259740990888,9.596476134256234e-05,0.002153011573879693,0.016750565985734253,0.0019029858049320271,0.0006323178309491497,0.007172821650280118,0.009932032839019677,0.004055963664399712,0.002175933843836212,0.005378930019438641,0.015821954069356853,0.00483652121090587,0.00184853508089529
271.6924775878838,0.002651069210175406,0.03152167686529317,0.0004944090907347558,0.0003312981902589771,0.010575867509537823,0.023017020542312635,0.00022435418545481604,9.117055012849973e-05,0.004087049157622898,0.02326425099562801,0.0018078377296901497,0.0005502264135012837,0.0020248347980465183,0.010495458799938127,0.00397009853216177,0.0021128907429992707,0.005331899556705195,0.015827555888895985,0.00483690413780589,0.0018476597783350483
271.6186882131994,0.0027224364663550283,0.03288917429323842,0.000492351136296725,0.00033429249079702583,0.010217045169306918,0.022813598998325843,0.0002230437752709502,9.30995533934897e-05,0.0016904844205544555,0.022409911464890093,0.0017925492248566596,0.000571734973061915,0.006995785966309054,0.013005568144063789,0.003973977550523109,0.002134114849478751,0.005381106247983632,0.01584774612301576,0.004835420121561374,0.0018479763405958843
271.54493890877006,0.0034466494476472335,0.031951333655710956,0.0004948331285596546,0.00033007303322116037,0.010328777662723287,0.02258061240256275,0.00022383094646791582,9.699868144204351e-05,0.010106377285540974,0.029415677398685183,0.0017309833117133,0.0007259489069753707,0.008399179035630243,0.008945771592676706,0.00390569989111877,0.002243230510310865,0.0053287955941765846,0.01583651154144971,0.004835776461043184,0.0018454398235374586
271.4712296419653,0.0025757402403651796,0.03206135436356768,0.0004847379247741337,0.0003300691076914588,0.009419389457751465,0.02245478191228033,0.00022739599996154407,9.126109386290277e-05,0.016700794044488626,0.03121333286023614,0.0018689179301333407,0.0006277279638982197,0.003970851317090838,0.008250926302662361,0.00401381162164439,0.0021973474205259106,0.005355929129867674,0.015860457730698732,0.004833581158007608,0.0018468179007819555
271.39756038019,0.002983023954550975,0.032051304011562656,0.0004917634544950578,0.00032874247766683776,0.009389970001764999,0.023616443717125762,0.00022331517251010475,9.455993490244204e-05,0.010211641913797193,0.018723181049504434,0.0018194033657115082,0.0006995600408704751,0.005512228437809296,0.008716787760068824,0.003996067772409247,0.0022228318099370543,0.005353893057091807,0.015842708639163015,0.004832952346880236,0.0018454456656967402
271.32393109088446,0.002593744903503068,0.03234323403656623,0.00048330600620254783,0.00032842221127121627,0.010384089226047166,0.023295004488876756,0.00022670371463778688,9.052869335172171e-05,0.00300657785800385,0.019950494087285407,0.0018152046629085657,0.0005425283005837287,0.003134750845124587,0.01182958857503032,0.003973177426799866,0.0021046427277830715,0.005390261437338451,0.015857779970996543,0.00483261031963208,0.0018453189214194322
271.2503417415243,0.0034595145935115102,0.03248211614852366,0.00048483743137758275,0.0003372853333350504,0.009753028184022499,0.022793229382446243,0.00022062633937450468,9.259471607835991e-05,0.009155084838154791,0.019167538272074226,0.00178586665131714,0.0005265739898961456,0.005777990687357572,0.018212866839661068,0.003996945657681315,0.002090332914006697,0.0053700218127320605,0.015821825154477196,0.004831805470932335,0.0018463201666681379
271.17679229962044,0.0028845928946468575,0.03191923006291872,0.00048389624219664223,0.0003322399989003904,0.009821741434342652,0.02345729505140941,0.00022144642429077694,9.634272294527051e-05,0.0028758774072706844,0.015213405333655982,0.0017600949654655534,0.0006193137136477902,0.010884391956416481,0.014084022439353576,0.003967136885169503,0.002136307924391408,0.005332474854730552,0.01582677363396088,0.004831805715967591,0.0018451629892087447
271.1032827327189,0.0031053960275029464,0.03262930304225577,0.0004848432233169382,0.0003383927762207426,0.010211766550131762,0.02309241963471617,0.00022643730152096321,9.292882616719042e-05,0.006040787737387666,0.024242326333304164,0.0018486393300881688,0.0005861330901629355,0.004910870910730465,0.007706354925621672,0.003997638632632143,0.0021497188109993784,0.005378731027630976,0.01582685765516233,0.004829567516275397,0.0018455245090399646
271.02981300840116,0.00328935775018043,0.03225281741562134,0.000489476101537005,0.0003307062827512137,0.009941067514548891,0.023298510531709064,0.00022571316770782506,9.520276967103884e-05,0.007519578586055569,0.015148968091529416,0.001822291485219429,0.0006275323327109836,0.005035108970000157,0.015186637885467888,0.003970527743856772,0.002156915470418717,0.005318302713469039,0.015808266379065305,0.004830958695842289,0.0018435510246378834
270.9563830942834,0.0038356786161599984,0.03169628422939594,0.0004841018028237211,0.0003343079006417968,0.010424687354050631,0.023355464448761427,0.00022465281013154766,9.277771817166134e-05,0.0024580433713075923,0.018246942841602633,0.0018261846773917835,0.0006217030415103717,0.004831462241912406,0.011247076602126805,0.003983132646424464,0.002189848068692355,0.005364800724807013,0.015822927213871112,0.004829124594905324,0.001843901988285847
270.8829929580174,0.002939600043717494,0.03124807440912538,0.0004899394562649311,0.00033295444418656296,0.010543321375350204,0.022673132756829945,0.0002234962122030432,9.374882264725496e-05,0.0028711317339263276,0.022284520382539526,0.0017757636010657216,0.0006299790693468466,0.003941299163798741,0.015303435431853342,0.00395341999378255,0.0021920605351872656,0.005330601672652546,0.01578705267757269,0.0048288295090321565,0.0018443197736988813
270.8096425672895,0.002859305815470888,0.0319901433678787,0.0004791785010824183,0.00033718584173372964,0.009945916198470727,0.022289929413080244,0.00022396517054777443,9.690550080439102e-05,0.009933342259931451,0.02996762914068181,0.0017498335119969992,0.0006439154476829153,0.007266451129958555,0.010753790131677864,0.003936030568946927,0.0021628094989685626,0.005373048973932967,0.01580244435996413,0.004827331706644341,0.0018429067470555694
270.7363318898214,0.0026813356820435323,0.03137855306007222,0.0004953995063335204,0.00033826808607454725,0.009264669759347,0.02296881594665152,0.00022493765594615262,9.24304450759272e-05,0.014089171934996014,0.02517950348755726,0.0018202042567195323,0.000611651547981807,0.0024372110854514566,0.011396010337454646,0.00397640572287374,0.002174723331188592,0.005372107495923593,0.01579583785559241,0.004827886578291073,0.0018450972528928457
270.66306089336945,0.0029473020355428414,0.03193855539747029,0.0004866807198023838,0.00033035850525361466,0.009930905911066476,0.02346220319863387,0.00022507075636418028,9.082715637767489e-05,0.007035149631189389,0.012743283948680247,0.0017131539208792177,0.0005972045722734621,0.0077173592088194305,0.015572773783621513,0.003876263070199732,0.0021586995020931622,0.005331306629008036,0.015786398021515942,0.0048266778011986705,0.0018442394046582903
270.58982954572514,0.00277637494332402,0.031784961414146155,0.0004900278231782276,0.0003389624325607199,0.009994649756400607,0.022881316421109354,0.0002209092739626696,9.716058088541138e-05,0.006332076110525752,0.026039303986165344,0.0017589301069308777,0.0006235513443451962,0.010147656617444002,0.008761212503809545,0.0039512641631260685,0.0021418534528618574,0.005323881745058565,0.01578327996420294,0.004826614594690112,0.0018452932664093605
270.51663781471467,0.0033245995660051843,0.03257582164309633,0.0004933469295711212,0.0003262200338144759,0.00975220704494078,0.023277105270902477,0.0002268747346598789,9.646809514258477e-05,0.010188497574033756,0.018987242209386527,0.0018886614302203219,0.0006281108964543402,0.005086576040994643,0.009188662699755984,0.004023647439790374,0.00213819804595183,0.005317680538511842,0.01577505715211816,0.004821851807402977,0.0018430787554357814
270.44348566819906,0.002317789525363605,0.03285803726552114,0.00048438475051039334,0.00033407076379313654,0.010057676865796665,0.022987878428224678,0.00022161162867829842,9.333519279326943e-05,0.0028289553683389966,0.01875276069758001,0.0017489569863915165,0.0005669869594111576,0.0066322296123758505,0.012270754216531846,0.003937726995603108,0.0020988893428677516,0.005364648577352545,0.015813758360074273,0.00482231303650052,0.0018404718141956883
270.3703730740741,0.0025698660746755675,0.03303974526692024,0.0004926100646422369,0.00032795393722956004,0.009729720982545601,0.023468819728373284,0.00022309861863690253,9.28360596187198e-05,0.0034319257988990708,0.01578185373890772,0.0017604206500900657,0.0006234390565979357,0.011742930913659458,0.012974311195052329,0.003934288349249543,0.002159868147938108,0.0053468160833975015,0.01578201584234752,0.0048255762237090745,0.0018369638522297955
270.2973000002703,0.001778541972667028,0.03160299507446756,0.0004792953061677693,0.00033063411437715364,0.010665316929884127,0.02342034401983765,0.00022266367491493674,9.398174105953296e-05,0.0076877161327157315,0.02566030483548343,0.0017518817232284694,0.0006590500487907356,0.015086885187705292,0.011047525933550696,0.003936495334284517,0.002179736398308508,0.005362529626101152,0.015807223042761,0.004829995567690563,0.0018380761099433508
270.22426641475283,0.0030960292925781715,0.030887303435299628,0.00048577801107518696,0.00033625608006388066,0.010562874303934332,0.022376164476168494,0.00021898034252379198,9.494251662839046e-05,0.015192524490421825,0.03448786581914035,0.0018557930237338104,0.0006924248604422112,0.004872261685203331,0.00910595810880829,0.004059618716935383,0.0022349621064915726,0.005357674213057347,0.015731848452819917,0.004824992955487433,0.00184871696076226
270.1512722855214,0.0031651036189274465,0.03284483172399537,0.00048110187032694896,0.000335033697958723,0.009738976018404339,0.022481246665666848,0.0002258577992451934,9.712776732051994e-05,0.013534147809492957,0.028013842590324432,0.0019080523613146945,0.0006391828756077859,0.0030377260395202544,0.009972705996778424,0.0040625059553400225,0.0021504275298462497,0.005342007711180704,0.015729188539945017,0.0048188062423385625,0.0018430461543992964
270.07831758061036,0.0021267080563026884,0.030950134392399655,0.0004928025049564741,0.0003469574021356768,0.009608824890893078,0.02275293134486354,0.0002263962278105188,9.379015955133336e-05,0.010472093928032352,0.026274887152634475,0.0019067557578083664,0.0006122198425668227,0.005467499524273021,0.010733895397333396,0.004050960459741946,0.0021723069189760556,0.005325030859018217,0.01572464170650256,0.004832255390881968,0.0018475390977028448
270.0054022680886,0.0027501849994414603,0.03213443247027652,0.0004979645218877039,0.0003283640236649027,0.009408443860466516,0.023217693167491914,0.00022393543555961114,9.5049875013746e-05,0.015042372632447272,0.020078162124958953,0.001850554620383765,0.0005974911359339454,0.002818374401287113,0.013997989696308655,0.003990763867245561,0.002119222376744864,0.005310517004677278,0.01577736058235531,0.004822797594484838,0.0018326237582520157
269.9325263160594,0.002823318566650012,0.03199585091353722,0.0004893293198491819,0.00033470151879670933,0.010078075692660398,0.02330699877939867,0.00022198127568711704,9.526161894622688e-05,0.006865690091302039,0.014137444444858208,0.0017476672891717875,0.0005755224313126162,0.0077190511280893735,0.015400778147043085,0.003925731622933938,0.002108820267519453,0.00533677754818078,0.015753469151341966,0.004816086932529535,0.0018455085238282055
269.8596896926606,0.002431131794385656,0.03201773990250237,0.0005016001087850391,0.00032464348581941356,0.009827940283046972,0.022876943780224944,0.0002264618766957397,9.567971796489861e-05,0.0047179145857055614,0.022410781238594905,0.0018528079990789159,0.0006201395450122002,0.00834630386258819,0.011915492954591789,0.003983180190741326,0.002128097171707872,0.005332286731945658,0.015734751471265594,0.004829097392776836,0.0018347182898631317
269.78689236606425,0.002870067615627017,0.031690831002234625,0.0004817041259938178,0.00032111260826883685,0.009732430807516984,0.023361136998194247,0.0002238642148927465,9.11107509867579e-05,0.008438765499687131,0.018816645657415036,0.0018176824815251838,0.0005871792330405143,0.002899923317248558,0.009943958075308679,0.003988503287497782,0.002125041890377744,0.005325294737369349,0.01574544664925675,0.00481103202024241,0.0018378396494225704
269.71413430447683,0.002467245239982182,0.03200294945708021,0.00048803728329966013,0.0003312702649606577,0.010069384945936878,0.02338014840107397,0.00022552681370503882,9.066194505964692e-05,0.005911168104280571,0.017118113352030104,0.001829038901046997,0.0005817852987785094,0.002791955370051326,0.011460258900965328,0.003977784582940408,0.002144638966987769,0.005346066076028726,0.01572970947318326,0.004821460571876403,0.0018468579900268697
269.6414154761392,0.0031946220704636005,0.031785700972593665,0.00047485673330866613,0.0003258676588058919,0.01020191210647647,0.023400157888875745,0.0002204323362397833,9.293171819670958e-05,0.007051662346162793,0.012838881843952106,0.0017791562946359958,0.0005561166311614539,0.004339486410946681,0.015498535562110628,0.003985709711031987,0.0020836504362570733,0.005312116690888183,0.015745050231248628,0.004819514326878305,0.0018372604141965827
269.5687358493262,0.0025161240920224767,0.03191158015911585,0.0004851428106315034,0.0003481804258874951,0.010714057798105263,0.02298412645350908,0.00022322913968395467,9.384149836453982e-05,0.0066569754441437486,0.023263327334539563,0.0018194165025881934,0.0005391806312099268,0.00653585341163473,0.012655510069215418,0.003990878534251947,0.0021106028232009432,0.005346444095031241,0.015735653499581715,0.004821608826458442,0.0018441359519989799
269.4960953923471,0.003029609084734633,0.03195611207031078,0.0004963558058737273,0.00032478673958022815,0.0101263670428667,0.022246264077561664,0.00022221470086674163,0.00010027190091351225,0.009583881850482277,0.0302111716084797,0.0017975412250100817,0.0006341672550030593,0.004346157539357068,0.01023819383634438,0.003967854564090152,0.0020985887857414157,0.005312255543987377,0.015732267181512626,0.00482305707123937,0.001831549706271479
269.4234940735453,0.0023711941594641577,0.03164554118240996,0.000479916508667621,0.0003303631695962361,0.009685713379425842,0.02268302254227999,0.00022587199011600168,9.340504707694974e-05,0.007776498611582871,0.022732667813487633,0.0018202421716516756,0.0005693741817268315,0.004727223030137961,0.014215996974408184,0.0039739575436354545,0.002106017079574748,0.0053416840629178985,0.015747868679630565,0.004812358612978211,0.0018326691277559747
269.3509318612982,0.003032000694908069,0.03241493432692009,0.0004884176836348962,0.00032778676823702006,0.009561487818796422,0.022886985177266315,0.0002238543624674164,9.362346038845408e-05,0.0070563317738715405,0.020342735343464424,0.0018216518213132228,0.0005807267519134045,0.0065205309756031435,0.013906769105826092,0.003976386086610981,0.0021095384717760876,0.0053065184322373315,0.015731424795886927,0.004809208759949905,0.0018306435310785486
269.27840872401725,0.0028143265278592106,0.03152795896365756,0.0004746680455967387,0.0003298268655387962,0.00967563540620665,0.023276126919846592,0.00022294046463590538,9.396075162181779e-05,0.006971732531882628,0.01882781915742491,0.0017712808486798953,0.0006128311318413997,0.005831515048898112,0.010151721273147386,0.003944390913510406,0.0021525306624086966,0.005343204428887451,0.015747176715463603,0.004800841176414169,0.0018432842071761403
269.2059246301481,0.002951254211986054,0.03203030510570874,0.00048328743877267005,0.0003350800625598473,0.009946970088803115,0.023172246398875124,0.00022502704237644983,9.689078772406461e-05,0.0027121375314271313,0.01919253745574172,0.0018108202349340656,0.0007143682429320617,0.00551728739112417,0.010803935711301624,0.003973024363993398,0.0022467067608544504,0.0053351409205313,0.01568498301056825,0.004818752077360438,0.0018523683388557228
269.13347954817016,0.0030021608348192144,0.031710600574962104,0.00047430727205227506,0.0003341772663354816,0.009963320108356212,0.023084212737121135,0.0002265874540518213,9.151692905968297e-05,0.0022511469449714157,0.023885933185616506,0.0018301654352024625,0.0006722944410722657,0.007609318780927805,0.007166707903164816,0.003992359193349795,0.0022251420187980073,0.005292401930100782,0.015722079761571667,0.004815745333429533,0.0018319839999210706
269.06107344659677,0.0028718713635215607,0.0319482631203481,0.00048574355954730076,0.00034829466139082825,0.009853101852900432,0.0230229615056421,0.00022787017295113713,9.309458749368014e-05,0.0089421679085901,0.024028723440807493,0.0018889123770998142,0.000675300992603384,0.004679131441258442,0.008154075221205868,0.004003650564923499,0.0022286334793387313,0.005305480288985636,0.015671784578032467,0.004804206217500388,0.0018402474129001808
268.98870629397527,0.0028787782058756653,0.03134979630902162,0.0004903874457110105,0.000334873067093128,0.009738619893910125,0.02341021330188974,0.00022135303511930968,8.763439734955206e-05,0.010147043739489013,0.01588674923693371,0.0018720900586668718,0.0005627437335248226,0.0017351849919800856,0.01302549245912734,0.004043528807504305,0.0021572766688500744,0.005274179926128779,0.01571435079184495,0.00481654362158874,0.001844395617050377
268.91637805888683,0.002676624196468026,0.032043974962509394,0.0004937617319550313,0.00033273573991956693,0.010381229490556436,0.023458203889088747,0.00021684163368432117,9.519151363018265e-05,0.002987489040758651,0.017134747600952807,0.001747291737687654,0.0006364988054523097,0.00478168536326486,0.009500352286508723,0.003939241613156399,0.002163302602077969,0.005325238289097115,0.01569369590987098,0.004811232859473073,0.0018377188090418879
268.8440887099463,0.0027633573319244195,0.031595294535808956,0.0004866991867246147,0.00032316043005383474,0.01046846622737172,0.02260987865712554,0.00021800372018647343,0.0001005009978001624,0.004905639133668186,0.02426043809124252,0.0017635899134920915,0.0006449694448799087,0.0021764651107968203,0.013401428209217274,0.0039592943318649924,0.0021242614397091702,0.005285134253793895,0.01568901452177799,0.004812173921102938,0.0018382589494624142
268.77183821580223,0.0025825296471476715,0.0317142913235281,0.00048216309759336343,0.00033909007817445563,0.009716682435108684,0.022852180190373713,0.00022565901946173793,0.00010049922540812407,0.007274832572563652,0.018095976557168384,0.001709340697321824,0.0006121060480079644,0.008083080984451239,0.017021909343565355,0.0038647007119154307,0.002111579221569693,0.005291781163258291,0.01569588418114341,0.004812767858309042,0.0018399680566794838
268.69962654513705,0.003135014680789467,0.03147097929015581,0.000490928932984791,0.0003287223284453053,0.010007812107606333,0.023012035816581868,0.00022647003223187176,9.591752633878535e-05,0.002143549769197596,0.02052154212536801,0.0017660939835957973,0.0006200103332929744,0.010026967006035961,0.013187664366979142,0.0039036006964354697,0.0021247310687181505,0.005276369510483344,0.015660168286291336,0.00481431826472424,0.0018341066909515192
268.6274536666667,0.0024034069377455863,0.03157663085821749,0.0004812573891633143,0.0003389455129340691,0.00991453298013968,0.022805667720343207,0.00022486987400233613,9.316623629831553e-05,0.007871308394961059,0.025407510241463493,0.0018253934169578144,0.0005977155805671944,0.004188493410757404,0.008713744069902423,0.003981219860037988,0.0021473589893213356,0.005292995332270473,0.01571325523326721,0.004808160023205282,0.0018367316449525411
268.55531954914073,0.003103671020305989,0.031505710798725536,0.00050213174678439,0.0003366304799043479,0.00963226815467114,0.02304978943241274,0.00022170087930014552,9.724623206695124e-05,0.0073719254285846076,0.0178194027469381,0.0017989156155212918,0.0006133212675705651,0.0052994740315463204,0.014364248236807839,0.003955131677071223,0.0021257844508001515,0.0052859003461313645,0.015676835040275738,0.004809962836743412,0.001836435330184716
268.4832241613423,0.003218091045737518,0.03081614564906184,0.00048107900939911417,0.00032452763182019487,0.0098088051787691,0.02317661144720269,0.00022339581316029361,9.418468290933805e-05,0.0025749195059499128,0.023412437721181418,0.0018442421835465003,0.0006536250025398004,0.007183305809050709,0.007906334657081345,0.004015254339015991,0.0021670663143433903,0.005283575522135356,0.015717439539120828,0.004808379646811785,0.0018352427531449949
268.4111674720881,0.0018336416874597118,0.031789917573785915,0.0004961512301719966,0.0003489781648330796,0.010077176310063763,0.02294283914402193,0.00022362213444337408,9.464516246934893e-05,0.00648374875286746,0.02178570033333671,0.0018314544151695766,0.0005705696019154454,0.001884604256352532,0.011125099821424617,0.003979185454444953,0.0021132873863456652,0.005264345306810834,0.01566694106076537,0.00480791257795046,0.0018376020014093265
268.3391494502281,0.0021776992572031376,0.032000347906825814,0.0005087437489028042,0.0003114938472710228,0.009878991083844001,0.02294150978561089,0.00022107178572473504,9.012210998494279e-05,0.005317820643256638,0.020748535191121117,0.0018270350469976634,0.0005798448868677989,0.0048886059529800255,0.011618723489499196,0.003977541367106788,0.0021065541680852407,0.005298778189164937,0.01566137140885733,0.004809965375888459,0.0018326906099035394
268.26717006464594,0.0026794177425621332,0.03187292924568053,0.00047206031380663823,0.0003230410322132785,0.009721804230722214,0.02316904213995896,0.00022228491684100844,9.170829313280645e-05,0.007359533152265169,0.020197675890692813,0.001806650801725945,0.0006049221270317507,0.0037185689467119365,0.00952132000755371,0.003989987527955357,0.0021404911257732404,0.005277021148244168,0.015647198558618722,0.004804715612612126,0.0018363393391259428
268.1952292842585,0.002441188971083588,0.03200940746634195,0.0004864878463515182,0.00033607643615119734,0.010194485822983764,0.02302301388642618,0.00021622488080529428,9.339884369341441e-05,0.0026489497220649424,0.018906643044451565,0.0017505014031144405,0.0006069537601946941,0.0065162624710264645,0.012198932557624893,0.003971448350386653,0.0021342443548424024,0.005289555564685727,0.01563280405489062,0.004809967489274913,0.0018317663413965097
268.12332707801613,0.0020569364081004385,0.03214394410122073,0.0004829641130631057,0.00033726093631509456,0.010032903523172262,0.022864785278442126,0.0002216543346443828,9.673535266675276e-05,0.006417712697944775,0.025120806192886702,0.001848281539571237,0.000682416849297837,0.004718074460568576,0.007303111103406545,0.004011875724378782,0.0021988195057301117,0.005260582171704506,0.015681381482378087,0.004802653409212141,0.0018332628239513273
268.05146341490223,0.0023811764688488222,0.031784952117552494,0.000508206120143516,0.0003366970410102196,0.009858828808873838,0.02311121044491134,0.0002194164310697957,9.290283689898842e-05,0.009419110416557033,0.017501695498149613,0.001820879772887945,0.0005686904010203303,0.0022900668984924925,0.013809607025119994,0.003974953647162428,0.002115003258962057,0.0053068584631107436,0.01565742859114449,0.004806380260250808,0.001831214169442983
267.97963826393357,0.0021098769913408147,0.03161413307412978,0.0004869383747204702,0.0002971582846608031,0.010195912770918051,0.023118675213488347,0.00021693252457677728,9.858216650384268e-05,0.004259786772171124,0.01752925007929793,0.001745094989581947,0.0005866401929247936,0.00910203807276801,0.013829713566321268,0.003958517590157067,0.0020295219225161054,0.00525496250594081,0.01568042486570962,0.004799489019781697,0.0018369688269415977
267.9078515941602,0.002621211006870432,0.031607723272509526,0.0004698116203327169,0.0003351235360212145,0.009973967170930624,0.02304577109380574,0.00022408267131987785,9.652133894444512e-05,0.0020884114852845214,0.022152762236734024,0.0017955061784616607,0.0006670006797730942,0.008137834200529303,0.009228189677942578,0.00398045007340233,0.0021795068584049694,0.005276027911502157,0.015657616321253398,0.004808995266405543,0.0018353296321665512
267.8361033746653,0.0023184950254092817,0.03221238297323989,0.0005066554306009028,0.0003143167979342107,0.010134917705251063,0.02285780329448682,0.00022329534129934855,9.51273840923048e-05,0.004080297967232556,0.02324647719705738,0.0018473113592921496,0.0006443170153515168,0.0030513533648218083,0.00909741819997369,0.00396618498230972,0.002138059322317373,0.0052399417532911306,0.015659970157348276,0.004799440059879927,0.0018355911068133782
267.76439357456496,0.0023243143478050804,0.03171221195432862,0.00044735617117362946,0.0002994840222204832,0.00988503363982425,0.02289023776785145,0.00022350137838495144,9.730762470078712e-05,0.005577560233576658,0.022569733384019457,0.0018282559939002273,0.0006668527185606515,0.004622022377755756,0.010535072892021534,0.004051130087544289,0.002119849847120186,0.0052457336019132534,0.015646124409070403,0.0048080804191102874,0.0018371712001099597
267.6927221630086,0.002610304135763576,0.03196686399011851,0.00043806478696609445,0.0003558850912582895,0.009773156320651833,0.023020050425610047,0.00022278660571098822,9.513822963553714e-05,0.008669724019672314,0.02130833218391726,0.0018882437610805692,0.0006418385393311972,0.0018765914813884115,0.010077480409528154,0.004116816941658331,0.002187671678399849,0.005267649618280978,0.01566189752575202,0.004801317420076162,0.0018306100660907463
267.6210891091785,0.0024197589218404965,0.03206646399519579,0.0004661061456254669,0.0003682365525482448,0.009772350645838306,0.02312412229187872,0.0002215846529028455,9.522922110185569e-05,0.00788015570434552,0.017695583630943614,0.0017906947913587056,0.0006460559345853587,0.004167136861935012,0.012524333587091407,0.003994714187174012,0.0022209956183121098,0.005288349908384493,0.01565649151808421,0.004808058876637387,0.0018303350977567953
267.54949438229005,0.0024868426762589715,0.03208376900260497,0.0004941624549179835,0.00037506726485595485,0.00996497588166046,0.02337901034601059,0.0002212401436310684,9.52920349368186e-05,0.005751841632203704,0.015610354250543836,0.0017736420339471766,0.0006568603013940506,0.005397107861450343,0.01129216514686564,0.003934784748178174,0.0022340943323322557,0.005291320418420841,0.015628355476459074,0.004793974193117081,0.0018240787048443398
267.4779379515914,0.002763590932448255,0.03188435267160664,0.0005163111213328936,0.00034522159408816874,0.010267903193419671,0.023108842530061006,0.0002228841728864876,9.31827710787315e-05,0.0016856998205587055,0.018568220061024633,0.0018207737987278962,0.0006211112414969565,0.0038656063575945383,0.01154539162262537,0.003919640739740771,0.0021812032630555834,0.005217924746962224,0.01564748017033684,0.004794648123041079,0.0018356722503871748
267.4064197863637,0.002732702000435148,0.03212205002913948,0.0005044739182861248,0.00032752164458668475,0.009913098559697523,0.02299364895799053,0.00022050786417304938,9.380522657489033e-05,0.0046669774911942035,0.019667273967170388,0.0018578086408747036,0.0006058847165853981,0.003916443490544961,0.011880312241991934,0.004000684986442451,0.0021316474393165484,0.005230359254551408,0.01569606680654145,0.0048001579552526714,0.001829942045498407
267.33493985592094,0.002990701302869113,0.032018317601573365,0.0004898836019053156,0.0003294531729840264,0.01009623767790484,0.02337036906452355,0.00021939538461502407,9.317834526258971e-05,0.005945697114191022,0.0144792284262428,0.0017588640100883954,0.0006430272699054223,0.0028485622400343255,0.012376750440930616,0.0039322966747296,0.0021812891163332194,0.005233565039937107,0.01564423472209234,0.004795645536709149,0.0018344609139764572
267.26349812960984,0.0026342369478178475,0.03221571810820339,0.0004847743856734656,0.00034115996957016114,0.010462860000831927,0.022889272748311883,0.00022060871913148194,9.23158077420541e-05,0.0032755385029242428,0.01965881819174597,0.0017301385892891088,0.0005881194540092411,0.0054657246212986,0.014004303488011122,0.003911377959217947,0.0021382995811062553,0.005269312479144037,0.015664500925278657,0.0048007650202334376,0.0018319167136640422
267.1920945768101,0.0029898283114879053,0.03203888983357199,0.0005220570674014391,0.0003383887662445901,0.01023204575500804,0.022600669368694558,0.000216146717915921,9.545075752087731e-05,0.0034303121582251396,0.023915700987697554,0.001735757218080618,0.0006727130524438013,0.007122118565915076,0.012164371963346968,0.0038898870756977535,0.0021899952667870427,0.005219260746838883,0.015587670609397542,0.0047965845029608566,0.001829788460512634
267.1207291669338,0.0027256077668329627,0.03195893535570874,0.000519307757068275,0.0002895212587201103,0.009897111763257093,0.022631244206607587,0.0002190680344729133,9.328064417683424e-05,0.006196300908677268,0.025452542645323033,0.001707719435598527,0.0006096625205260507,0.004732304086717665,0.009500912766135754,0.0038450305441914815,0.00206540459530336,0.005241913749314297,0.015686907398021362,0.004797261698291101,0.0018229280050322903
267.04940186942594,0.003079598806820127,0.03214636138065382,0.00045026298827439656,0.00030024039535368557,0.009739354229800996,0.022663519574249412,0.0002253339730178327,9.220554307582517e-05,0.007281776745757977,0.023350547972950234,0.0017729339380208008,0.0006311743541456984,0.003617228318123995,0.011486178738494054,0.0039529313720863555,0.002125605881636156,0.0052341218370588315,0.015637834099156922,0.004786842046111228,0.0018316891072731765
266.9781126537641,0.002599498407287095,0.03190114666725805,0.00048048343865086316,0.0003604262130611225,0.00977127198284493,0.022931900527899025,0.00022179922928237229,9.789585289557384e-05,0.005007358270654431,0.017699616450554147,0.0017173211083072277,0.0006380281347410681,0.0070302139170158135,0.01437550886688667,0.0038727931657636275,0.0021748021616414,0.0052653273460260865,0.015703687648729373,0.004779968321218711,0.0018325585776924344
266.90686148945827,0.0032087513434459107,0.032021307513781905,0.0004919720766618139,0.00031259865391986783,0.009748383419157056,0.02296733160292314,0.00022355726515914235,9.405315475436108e-05,0.0038581903908800094,0.019242947971733343,0.0018121233038594002,0.0005987483521110861,0.006769939996694334,0.012324073393011246,0.003939275274744655,0.002113671808010731,0.0052527986086657085,0.015568031084074348,0.0047759563644975515,0.0018482915576505578
266.8356483460513,0.0028495267968773473,0.03196095210588383,0.0004665690441118855,0.00033367721815415495,0.009761062186243426,0.02297895544937983,0.0002196743237692565,9.44649752351544e-05,0.006566710149758591,0.022319541922622064,0.0018103063839234209,0.0006936180071623022,0.004484878326753374,0.007598948837557756,0.0040070388854867075,0.0021874585824973414,0.005220896155639522,0.01562643910142962,0.004788424516354872,0.0018047546825531169
266.7644731931182,0.0031235992242559466,0.032031475256756085,0.0005020462819202134,0.00034632867549605316,0.009747903385055672,0.023112498196017205,0.0002232084665278412,9.524702470284614e-05,0.007912736600140179,0.018695690316917677,0.001806438940195322,0.000681219647813912,0.0030250437203188417,0.011043305420532242,0.003942434829638851,0.0022107379464788453,0.00510845896938363,0.01560969444997675,0.004798432297454851,0.001829170447403319
266.6933360002667,0.0028638204579660583,0.031760269714400775,0.000499722442990462,0.00029999789740318663,0.009885132256078849,0.023145917804095972,0.00021862099299765377,9.005395228682569e-05,0.004664689183854906,0.01885720169377785,0.0017999358257373573,0.0006168468090122537,0.004993121988032728,0.009507346642713717,0.003956047559783548,0.002128427455385243,0.0051616672869233375,0.015765938446130598,0.004790423834761058,0.001837194010044297
266.6222367371368,0.0031429700333172423,0.03215306356153084,0.00046038668636773827,0.00031115286525437133,0.00982409851714087,0.023068693778627712,0.000219557723723682,8.931441536835506e-05,0.006715598119974299,0.01719387502348088,0.0017805309541913381,0.0006007493885381525,0.004102304129835194,0.013538678444861786,0.004003029031322583,0.0021229760724172635,0.00526809391636652,0.01569859923423369,0.004791994414846653,0.0018261336362476708
266.5511753734009,0.0030764439290212006,0.03150880472837766,0.00046598885828678564,0.00033950576299431257,0.009967439695645694,0.02339937418152288,0.00022164280225044755,9.548470807631242e-05,0.008653562396139841,0.012030600509799268,0.0017509561005790797,0.0005925645143337255,0.0073636582334233695,0.014521262250041252,0.003943264405773305,0.0021258564323004365,0.005357700246160395,0.015741476638930323,0.004793547406344056,0.0018291608023581814
266.4801518787637,0.0032251573927386226,0.03263904143197853,0.00046965651539752944,0.0003320158441427429,0.01035072548898591,0.02301262593856561,0.00022368145916293542,9.829569666351386e-05,0.0033706594691237306,0.021267768552420088,0.0017839002249007618,0.0006693095180930866,0.0062469646535966705,0.009611042003234945,0.003961460849088326,0.00216230669580019,0.0052648700307979645,0.015556621369599004,0.004790891869472142,0.0018320082063219198
266.4091662229622,0.0031894498455098093,0.031501713737610994,0.0004621863922708612,0.0003481338437920931,0.010142989869609069,0.022898665022772106,0.00022432187712381115,9.945480837145873e-05,0.00031903092653120103,0.02311553266634016,0.001801247128248628,0.0007023794393034164,0.005864806131086262,0.008315514974584829,0.003991964148826298,0.002217318233490142,0.005212250078748218,0.015634632194344286,0.004791650697981952,0.0018267269591076306
266.3382183757657,0.002857903867748556,0.03181000020419871,0.0004969322209657168,0.0003432364314316554,0.010220024997282529,0.02286997515440386,0.0002167144274641083,9.184225074181934e-05,0.0028367900783247565,0.02299087857351072,0.0017390969642748463,0.000595186207834491,0.0024622325620030495,0.010118747093368028,0.003911245997429006,0.0021526840314928094,0.005233552743477041,0.015582131643727485,0.00478903676912368,0.001829769445134551
266.26730830697556,0.002660991739360669,0.03134702057710105,0.0004769718802617903,0.00035023395858033824,0.009904818150147047,0.022533337135400365,0.00022043060833243047,9.783064273636374e-05,0.0029167058365749954,0.02140666885766486,0.0018142472507879297,0.0006501766680306265,0.00713596186219797,0.014872693213338426,0.004002254154234258,0.0021823673806175806,0.005149191768178929,0.015638002925271947,0.004788933866522844,0.001828979266446196
266.1964359864254,0.003175669055955303,0.03241614395470591,0.00046015559159675413,0.0003366104036224269,0.009862262378447974,0.023066045283650447,0.00022553053810695251,9.240273426730507e-05,0.0039714177436457315,0.022073265353696938,0.0017681486937332939,0.0006799879088380196,0.00672190056579714,0.0067822221486648635,0.003947381856196048,0.0022237140965079586,0.005266707008695522,0.015620608769346098,0.004789109527219876,0.0018296382403033995
266.1256013839809,0.0029349178428309643,0.03153389356517313,0.0005145888410997067,0.00031577200772476904,0.010061115940766922,0.022808740109474743,0.00021499586732632838,9.496767274786887e-05,0.006172866084680919,0.022989549694116658,0.0017520309599466056,0.0006468833894469392,0.0003777555462162566,0.011018219407009382,0.003918145800660189,0.0021390484821329986,0.005160370539833116,0.015592349648182853,0.004787636994955142,0.0018305730000815394
266.0548044695398,0.0036384243255268563,0.03360435612589827,0.00046461683649275543,0.0003123798986062406,0.009874684098408163,0.02295454353208278,0.00022079506723776112,9.173050813014132e-05,0.005267161362838527,0.018120567554074155,0.0017606941233136077,0.0006085853252244109,0.004344941630855375,0.011908350537850571,0.003953548394354691,0.002115803971230194,0.005285574837883762,0.015741509407556805,0.004788425932327581,0.0018267554291135583
265.98404521303195,0.0012069863294552458,0.03216952557508019,0.0004900595292180301,0.0003481560853248241,0.009964814449094122,0.022921821911459035,0.00021887649137670255,9.304178331840971e-05,0.004058897036417261,0.018038492609168316,0.0018326713955170593,0.0005914987468242912,0.005586691917966966,0.013055345127023598,0.004011252135274974,0.00214902750551378,0.005250201076126417,0.015709972560063866,0.004783682310583918,0.0018272303049304151
265.91332358441906,0.0014067917307678413,0.03210371021583612,0.0004990188406650605,0.00031245781670348347,0.00984241055218004,0.023114987906699642,0.00022067161876447765,8.93924517972368e-05,0.004524658101257917,0.01734288912835874,0.0018265001876875688,0.0006908568169548699,0.0072632987866219165,0.011667688295852838,0.003977826483129058,0.002224738092302575,0.0050640796121149915,0.015690409790756702,0.004785399538009713,0.001824625100055497
265.8426395536949,0.0026572467782226897,0.029368510219136057,0.00046548497565170684,0.00032357147937778284,0.010290369362103279,0.02310342334652506,0.00021868541844165284,9.017163397396473e-05,0.0037094782674430235,0.018326300923313003,0.0017390816570231993,0.0006852917761553451,0.005859671771577468,0.012223649129133495,0.003948424031558465,0.0022103447717013967,0.005064091655229015,0.015640907299590032,0.004785917680908031,0.0018237830779592526
265.77199309088496,0.0048818733831224315,0.031250685321375045,0.00048274716308266397,0.0003375429164653338,0.01001580173396488,0.022728994444619278,0.00021961000156391517,9.385841794898702e-05,0.0037030856418203513,0.021398291702627956,0.0017525629006719947,0.0005900625640576837,0.002542798616819998,0.012437688937707561,0.003921337215435311,0.002119531118363277,0.005081957077569695,0.015587958656391924,0.004786255956067237,0.001827660024566315
265.7013841660468,0.0019175707502392648,0.03283495230822744,0.000480554554585249,0.000329305843741942,0.01003037137938181,0.023104641226736944,0.00022142018275071447,9.710070411718824e-05,0.005071563641746857,0.017099342300278583,0.0017812788684729228,0.0007235050552824928,0.005419607342956653,0.011559881016631874,0.003943806166388547,0.0022257852211246625,0.005279449773612926,0.01564508640598986,0.004785994613449171,0.0018293569226226687
265.63081274926964,0.003123031477638827,0.029991092086776167,0.0004841933337762704,0.0003312592521687272,0.010209691140866712,0.022876649008618983,0.00021791949967571954,9.527204042945661e-05,0.0014341943100309885,0.01914783472006445,0.0016703277940676297,0.000606198331414887,0.007156990124439401,0.013858212351309785,0.003859630214549582,0.0021139326169220735,0.005144098569264132,0.015688327660732672,0.0047851538588247165,0.0018255715597146871
265.5602788106745,0.0035829462595559705,0.03182286243343646,0.0004722972484434624,0.00032835884467108086,0.010073306495918378,0.022950858748182527,0.00022217087657471423,9.646068047343733e-05,0.0031453296097110135,0.02011434650365246,0.00174616953694025,0.0007081357859945783,0.003275458551353113,0.010738223084144375,0.003911143145381444,0.002208501410562519,0.005123168760083469,0.015578099561100525,0.004779127990403655,0.0018226295365104293
265.4897823204142,0.00237918579612279,0.03172352360739787,0.0004820013238061319,0.00034760769008515985,0.01030622614307231,0.022810272103786413,0.00022199037847372722,9.51096989818913e-05,0.0020846111846652827,0.017044010753770836,0.0016477924781717042,0.000602596113339674,0.0062912901791960145,0.015883712096134452,0.003807434196567846,0.0021342487633939536,0.005220890151794494,0.015720451506272756,0.004782700863804347,0.0018262663137026864
265.41932324867304,0.002827347132850719,0.031171260648027773,0.0004971741930698295,0.00032771665679419247,0.009769311765135597,0.022729734537599303,0.00021949340867077975,9.285180309729438e-05,0.004434201034692794,0.023062205214632536,0.00181279349293509,0.0005643058830674924,0.007241049782309933,0.01068246574301494,0.00396208116814117,0.00208960490122567,0.0052167845525785,0.015590223211445138,0.004781818427146302,0.0018241458546945347
265.34890156566735,0.0030469773965948153,0.0315441071549421,0.0004845146792506198,0.00033134975677809667,0.01022270679011368,0.02293784208115648,0.00021971874530391362,9.321663495916047e-05,0.0023071717981711665,0.019556226625979913,0.0018126214824908738,0.0007392141211374703,0.002223481437370763,0.011369562963323428,0.003981801092747221,0.0022740989893475436,0.005158131479304635,0.015634678555176848,0.004779903618917632,0.0018268188977115275
265.27851724164464,0.002881071068154658,0.03129798438920576,0.0004832221652578133,0.0003319174279063144,0.009952685376484754,0.022576291327993533,0.00022420363108387504,9.298806586857639e-05,0.0026720265341014875,0.019698335498721558,0.0017666171979709268,0.0005991616592087879,0.007064233577858659,0.015709714859028164,0.0038945207200607635,0.0021265684160882564,0.005192829907881285,0.01574242320577964,0.0047781458051248055,0.0018227169150763502
265.20817024688415,0.003111494293887774,0.03176816597556303,0.0004855886042789648,0.000340189733622339,0.009814912826787717,0.022989620501456948,0.00021778356241210355,9.611200299669997e-05,0.0046605872869143125,0.018332476415877465,0.0017249882342876778,0.0006949473339070236,0.006101773071966266,0.01144196975287821,0.003908079136872846,0.002216937567419459,0.005166555082823319,0.015691559026178505,0.004777162389053336,0.0018259764809602469
265.13786055169675,0.002853633619475483,0.03155360925742494,0.0004930392024574228,0.00031965427108467624,0.010081227255332734,0.02279944609189268,0.00022050994681366293,9.275787415947569e-05,0.003037238706202009,0.018059241825429243,0.0016731515057198687,0.0006081017235169318,0.00473420893779724,0.014537390858425973,0.003821812202924163,0.002114421957000519,0.0051717955557321876,0.01572781765835017,0.004777523710662331,0.0018222638605744925
265.06758812642465,0.0027275821680695788,0.03160432812394494,0.00046775478166431457,0.00032911801632098806,0.009770898842537247,0.022984008164686254,0.00022073599764546104,9.316336670365722e-05,0.004809646577026548,0.015797171936880936,0.0017865940282238962,0.0006021277089345831,0.008123737909574352,0.014467822040688923,0.003973987907837969,0.002128772352876927,0.005228140284724936,0.015641286459846308,0.004777165061713751,0.0018247663238778185
264.9973529414415,0.0030085904699695227,0.03143636578424668,0.0004892091404887867,0.00033520842305687125,0.01000155330091317,0.022884281258163042,0.00022282567779602225,9.45866195193747e-05,0.0015775239654988607,0.01818042932206282,0.001728984624005496,0.000700600425284331,0.007779117424680939,0.013226355748295483,0.003863604100973394,0.0022152319244701795,0.005164971082249842,0.01574364263457903,0.004775649154356239,0.0018227730168337694
264.9271549671524,0.0029341658544143104,0.031638557752373314,0.0004888863757522007,0.00033181352489141633,0.009501842108692584,0.023037736936415098,0.00022021592073546457,9.838854494509628e-05,0.001203944368616612,0.0186311463214828,0.0017277127561562697,0.0006055873281180246,0.0120138104832693,0.01159119605850365,0.0038738173659445927,0.0020908859581870447,0.005362139590988135,0.015703345637213168,0.004773783830621844,0.001823622710665539
264.85699417399366,0.002848168040261881,0.030516745625783066,0.0004868075290846336,0.00032481303323752305,0.009977763287896704,0.0235184630973434,0.00021610405674484724,8.883113105246401e-05,0.0016206093497530137,0.017426925826754293,0.0018026636633541558,0.0006328686387754601,0.008705741623970784,0.008526923903646918,0.0039928333814103715,0.0021887871306323454,0.0052612078175349524,0.015598232917191061,0.0047783071348436795,0.0018235007266651808
264.78687053243317,0.003296986224765375,0.03158692028905505,0.00046261231742285097,0.0003193071118351583,0.009880663202017559,0.023099752442846788,0.00022272057009662514,9.262936911576887e-05,0.000559718948978333,0.022245843310523362,0.0017466092642680947,0.0007655408313919488,0.009470255182188534,0.006688436233204585,0.0039155382876364655,0.0022844347002627537,0.005261178683103178,0.01545871957512353,0.004772107037599987,0.0018294619494431015
264.71678401296987,0.0030779167115472434,0.03177683978471856,0.0004974199118597377,0.0003327482212690785,0.010611735338761754,0.023665392670494372,0.0002133654593828185,9.105225816154202e-05,0.000864120230789961,0.020355931044499207,0.0017218856018894257,0.0006353799559918444,0.010681599199356068,0.005506743952885394,0.0039055691773672847,0.00217723360334798,0.005001098138918775,0.015413215401094011,0.004771006541991169,0.0018251211509274742
264.64673458613396,0.003129444506621033,0.03130399081956537,0.0004903969000207714,0.00033391636657491335,0.010663806829001284,0.022244296604717176,0.00021813307686351115,9.94173140776138e-05,0.0038685328704649927,0.021567431210513886,0.0018296066809252386,0.0005964866038524413,0.007282724820580364,0.019244327465519708,0.00397362948548053,0.0020738553531048044,0.004843791575668455,0.01586660989631302,0.004758855331234856,0.0018254838723263808
264.5767222224868,0.0027476908423391174,0.03150222403344425,0.0004844574788940122,0.00034131156573098963,0.009397800873900377,0.022653869061905092,0.00021751341798728152,9.547799186329674e-05,0.003819015303112903,0.018582819951937907,0.0018196423945736346,0.0006117295532486158,0.011400879700537618,0.015654538578109112,0.003993467543321649,0.0021210605320177607,0.005228830430364129,0.015761445528832255,0.004766051249706277,0.001809347444859578
264.50674689262104,0.0028566310138839097,0.0316026599518409,0.00048703884360258706,0.00033980055089495126,0.010184437339828213,0.02316329083003945,0.00022226139343642408,9.688272489573773e-05,0.0024093122104066073,0.01958784949338188,0.0018686686002824804,0.0007681835401638127,0.004967436456723723,0.007734588676636754,0.004010331842132746,0.002275500973750917,0.005133667433118333,0.015539788339282148,0.004776441578901223,0.0018218351206617037
264.4368085671603,0.00299480460419642,0.03147510802097285,0.00048136698271706354,0.00033981985274960286,0.010093708833875009,0.022680439774734974,0.00021836360033484969,9.653925142905874e-05,0.0020095305850907994,0.019712595652307464,0.0016485806123474303,0.0008000131351910229,0.0050975353671270825,0.012699628631847126,0.0038253863317335426,0.0023041049938027974,0.005144804917852722,0.015830616233568223,0.004770306531792821,0.0018240940659310714
264.3669072167592,0.0028111640763596583,0.031565248437211355,0.0004931676606777601,0.00031719046668998014,0.00994983691676634,0.02285632768530475,0.00021871955819468528,9.379028977111947e-05,0.0022634909164336485,0.01940565261795231,0.0017618911233963166,0.0006419385726697734,0.006562789073195834,0.010999115929251697,0.003911216657611197,0.0021267659469267077,0.005210596108161636,0.015659501516517137,0.004770455115660495,0.0018173819691527488
264.29704281210365,0.002821184817819911,0.031343113246316875,0.00046492888529556887,0.0003315252520318381,0.009946046701285391,0.02265089650867076,0.0002210134549844476,9.04810408787216e-05,0.0028424392191164706,0.021069032537187563,0.0016925730291579425,0.0006896125088619912,0.005009889242473493,0.01206386784205992,0.003873720762385204,0.002239547328022653,0.005031061005031725,0.015657671981192126,0.00477366718653816,0.0018208676956317823
264.22721532391023,0.002816202807203404,0.03152611788162976,0.0004994223272060479,0.0003287408978430504,0.009880687315306084,0.023066637983464203,0.0002180174348487836,9.39920504284847e-05,0.005652006257190831,0.013913634050098342,0.0016568636868354717,0.0006527638874554277,0.006204209024006259,0.01454564587575097,0.0038039739116389718,0.0021524680430315035,0.00511799773499512,0.0156830978713981,0.004767892413563714,0.001823564642517488
264.1574247229266,0.0027629508627503886,0.031393743700166496,0.0004710929730803257,0.0003230100632082294,0.01008487451339335,0.022784613107840714,0.00021807022525242438,9.314255225383508e-05,0.002942397912533203,0.020068050535564846,0.001701096547162962,0.0005679026853574026,0.009281695610212854,0.012038661516148222,0.0038953025138326347,0.0020738045034154012,0.0051781822498708895,0.015763933460240926,0.0047690390279434645,0.0018166538590925316
264.0876709799314,0.0029983818720445018,0.03168199149823863,0.00048818761617455605,0.00033696457533673413,0.009761454702446114,0.02291409082055348,0.00021960526338963014,8.816143553715224e-05,0.004607320118317392,0.019937419806803858,0.001762964430501312,0.0006162236910584381,0.005650380247630067,0.0095881056835182,0.003923840010605981,0.002189539906561214,0.005090448907036123,0.01568085279215643,0.004770562673713586,0.0018234767564466823
264.01795406573393,0.0026275628673533037,0.03157779583635015,0.00048086160273625036,0.0003193987227003853,0.010230321156080047,0.022711188962297034,0.00022127923664535005,9.346925053183936e-05,0.0025221695804391636,0.02004736296377869,0.0017362505727212948,0.0006823346804922643,0.006840206705703659,0.012451966726306765,0.0038776322453989262,0.0021749989924334198,0.005204500035081579,0.015697811459525934,0.004765317449795368,0.00181809039768397
263.9482739511745,0.0028054652565875395,0.031692534633058704,0.0004818339114600371,0.00033475073582724216,0.009800329094822806,0.022665698339183683,0.00022062350911917434,9.261510560135555e-05,0.0054746589810941906,0.022305892455505762,0.0016561142467585194,0.0006081446309454277,0.005299134379247113,0.010288535685888863,0.003808365017379665,0.002137216669767087,0.005065630223583648,0.015709215653080432,0.004771971589936449,0.0018219870746926767
263.878630607124,0.0027870919796750206,0.031202771925206752,0.0004846349970810699,0.00033013406312032596,0.010109194111791484,0.02271536401360869,0.00021837043280501599,9.599511360686737e-05,0.0021917066902807565,0.017413152223118504,0.0017419765216804477,0.000614132672775313,0.005438458294073409,0.01519372093501157,0.003907089283199171,0.0021080791496971415,0.005138411915464621,0.015785625076434308,0.004765287499581317,0.0018206142417902511
263.80902400448434,0.0027496533494133866,0.03164370906704404,0.00048635208811059007,0.0003241594524862579,0.009986363397026543,0.022745241083356214,0.000217512825027854,9.072604703289269e-05,0.0013937435489234365,0.02146365228301844,0.0017382696526254402,0.0005810020043669195,0.007307195151857266,0.01083563920261246,0.003912390821139002,0.002117752465930032,0.0050112055082671934,0.015726389751169932,0.0047687857536815505,0.0018208100098818685
263.7394541141878,0.0024708885151925055,0.03151252913537045,0.00047472145952393626,0.0003201284494311462,0.01003085441682855,0.022772922798911476,0.0002193806450134467,9.346723839604241e-05,0.0012752322874860225,0.019643066160865388,0.0017154165276634607,0.0006042556448847649,0.005361672575026716,0.011511385062348877,0.0038855965580734835,0.002112604072774503,0.005039490809372431,0.015489503202004297,0.00476295518030086,0.0018210716274174915
263.6699209071975,0.002541673278866412,0.03161930888796684,0.00047751493419830645,0.00033742910878024115,0.009984827794528408,0.02252528560442114,0.00021775119434313167,9.029778949344647e-05,0.00249734643835725,0.022644258891231943,0.0017556993966930385,0.0005801516060319139,0.007636499473668218,0.011425686748194344,0.00393542196968006,0.0021428279268240432,0.005092453633028566,0.01562127221268832,0.00476183929329144,0.0018163452122786975
263.60042435450714,0.0023574005614659544,0.031126569835563393,0.0004854466146110619,0.0003295832034863681,0.009645169219860167,0.022851588810852887,0.00022000519295206834,9.18268154783427e-05,0.005830977741893422,0.01910442654086788,0.001824052576260288,0.0006532235008388607,0.004922474419675964,0.010465759574039502,0.003980497272336608,0.0021912908203542713,0.0053436057374040315,0.015559785737528073,0.004764540402920472,0.0018174909888944728
263.53096442714104,0.002867716826031859,0.031044131761549215,0.0004900765751984244,0.00033136223738660286,0.009769479087042397,0.022891196054787,0.00022094947057619323,9.280395497581365e-05,0.0027069043992275937,0.019949833259780135,0.0017762447805396739,0.0006199996625216065,0.006823867955791904,0.009309508554060746,0.0039041020199547176,0.0021414451341773763,0.005489257492090276,0.01577362749061295,0.004763892148207417,0.0018154062748944077
263.4615410961539,0.003142163138138525,0.030757158975032017,0.0004879164635982187,0.0003098254064979165,0.009881668513075112,0.02275350336892186,0.00021856044430322474,9.404144285735555e-05,0.0052576530712441765,0.019804646540893117,0.0019010346809972358,0.000659181407008032,0.003801298898349491,0.010728642608623046,0.004073785672671377,0.0021406723991081954,0.005139266643042582,0.015432934300770345,0.0047766073299245464,0.0018145737839235729
263.3921543326311,0.003694952797406851,0.031671939858160095,0.00047791126434573706,0.0003337848843818033,0.009827617678425894,0.02302328722540738,0.00021867876800146175,9.0907117235784e-05,0.005655435956583198,0.013594886674319228,0.00171225664578781,0.0007161330174038362,0.010140415826649218,0.016789394031461267,0.003872916541946173,0.002273433620383167,0.005050652521522123,0.015663821521178355,0.004759652844092583,0.0018233161908700864
263.3228041076883,0.00245513403264048,0.03192766187466169,0.0005055188629803754,0.0003114668819018082,0.009881301603929634,0.022813017945191923,0.00021744405732124575,9.268063484421988e-05,3.552242457039312e-05,0.02102502425432997,0.0016190304827881073,0.0007116964507620062,0.007830218494731221,0.009962977415678963,0.0037606774678271867,0.0021972420758576126,0.005218143693926059,0.01578722476347476,0.004757323497803749,0.0018088559941151672
263.25349039247175,0.003033469007213124,0.031025785072502993,0.0004574700878524124,0.00030765363169331876,0.009966281971132121,0.02303863281072022,0.00021886589361304066,9.105878250785102e-05,0.0014125879786441348,0.015976583662498094,0.001652583509505753,0.0006237128574081274,0.008675137805481372,0.011541749247793066,0.003859555312219158,0.00211643326351519,0.00514026819828473,0.015681651811548673,0.004771112811940451,0.0018185935174503827
263.18421315815795,0.003085009842528704,0.03191239442489929,0.0004667583828005308,0.00033765258255204206,0.010101388768490305,0.022841635643731237,0.0002175582992095813,9.255353307797177e-05,0.001305512140627512,0.022089379380456773,0.0016121196869340773,0.0007476950845667329,0.008340434892300807,0.009215549424807963,0.0038072576231536043,0.0022850446308536813,0.005071537860047099,0.015635091667673025,0.004762488789386012,0.0018238710552041573
263.11497237595376,0.002782209347195293,0.03164825933374729,0.00047180054612865876,0.00033892486014666727,0.010051738827002863,0.022863411834337023,0.0002170126792601697,9.356342510598454e-05,0.0016768433742488768,0.018930986564221552,0.001620167175837195,0.000596684726587548,0.005856099226242768,0.011106767397496288,0.0038038727158928257,0.0021020349201514047,0.005138420293680077,0.015756113271971756,0.004758909488035734,0.0018168276739236498
263.0457680170963,0.002796442308291548,0.03152656394270401,0.0004919306893413322,0.00035052179473804275,0.010079993961523042,0.02299956460949609,0.00022198854084634945,9.081662515648782e-05,0.0017470787682374613,0.019783875263929076,0.0017662239155976473,0.0005062893744212774,0.006346873227192501,0.008734894776563692,0.003870377922813688,0.002073861229824932,0.005146239719301177,0.015562666371251446,0.004758799541631733,0.0018169676533149632
262.97660005285303,0.0030321552922746276,0.0317257294954091,0.0004932656722300623,0.0003201624845794403,0.009876678693613675,0.02272015073913577,0.00021934082630468586,9.423131452825743e-05,0.0025344989389365076,0.02158387435706333,0.0018231614093367659,0.0006798728117653123,0.00630898225169061,0.009710690441444904,0.003968788663570881,0.002171875092112914,0.005059782907759949,0.01564475450867783,0.004760274608323005,0.001817282747126909
262.9074684545216,0.002842050051949322,0.031576878969783236,0.0004880927655184193,0.00031876652325446607,0.010159616091647493,0.022739883862417334,0.00021715834187803108,9.246533571828236e-05,0.0024092292800678493,0.023203082615360044,0.0016715999360892779,0.0006383008068901079,0.007884013054500935,0.008539563520494118,0.003832518619642728,0.002138265900006982,0.005198970379006806,0.015590097818783842,0.004754362035509375,0.0018151239118040885
262.83837319342973,0.003008921104367859,0.03173606966471515,0.0004810864463279777,0.00031407133111021707,0.010286151395776818,0.022892646679903476,0.00021668722754231007,9.053190596871902e-05,0.001004997410685506,0.019910511796470288,0.0017845219550341525,0.000582591178637071,0.003742045690404065,0.010334308986955691,0.003964826210716203,0.002103033647821765,0.005048525572093147,0.015630226511811476,0.004757655180970278,0.0018173034773960233
262.7693142409354,0.002723224767736956,0.03167063996398434,0.00047719951797443974,0.000334282138729832,0.009605834013210603,0.022972016293212535,0.00021894511692626366,9.255046612326682e-05,0.0047151625619418725,0.020203226781713653,0.0017750488252578007,0.0007489121745091414,0.008286754264307193,0.00782663799892745,0.003933327401061655,0.0022772879051623147,0.0052172512134241785,0.015610968414890986,0.004753480371103922,0.0018160314858891335
262.7002915684266,0.0028945047439062808,0.03160581331782452,0.0004994589197825029,0.0003200121251112713,0.010369244079124762,0.022731884593265184,0.00021827315057748717,9.311823197760653e-05,0.004622125271870208,0.0219755096241037,0.00172850476450623,0.0006681757350914154,0.003694047085179461,0.009918811439077085,0.0038586579567128996,0.002164414886762832,0.004941572218802602,0.015592127228783169,0.004756954292155759,0.0018170008849151347
262.6313051473214,0.0029023488904588867,0.03150578912088065,0.0004742780574970993,0.00030679555961242146,0.009546603459795713,0.0229699711467887,0.0002185976133646155,8.991396688473394e-05,0.005590213487900618,0.018509181290457897,0.0017282477082862255,0.0005751269135383051,0.0068226721944261454,0.010165134397835266,0.0038957662325269735,0.0020691080428907023,0.005120334761692541,0.015568961230789912,0.004751482869300307,0.0018147402494911506
262.56235494906804,0.002972386367858084,0.03181308139636923,0.0004657319577618006,0.0003220836810322558,0.01038839227399575,0.02282268458533262,0.00021862928189369146,9.076945636012655e-05,0.0037510865610357698,0.022602171438915256,0.0017977316631664201,0.0005734678215965549,0.004429740686123465,0.009016993021240463,0.003973772284667067,0.002093088350000915,0.004874117209124127,0.015650915140992067,0.004748881591468865,0.0018163607053935666
262.4934409451444,0.002950210135836847,0.031631783194394913,0.000472217420028591,0.00033600939337263944,0.00981736242852627,0.02312355331809509,0.00021911995546117704,9.189067828660867e-05,0.003652637714916078,0.019376827483954903,0.0017892953977925886,0.0006467001270247039,0.007495910315219389,0.006638541353395886,0.003955668834631667,0.0021917998519971563,0.005066413512894622,0.015575911277883017,0.00475488617162367,0.0018189549270416331
262.42456310705853,0.002748327975813135,0.031470737027234755,0.000478656201287276,0.0003090142964118334,0.009937424524310113,0.023450815566742438,0.00021795125605603182,9.372184000308237e-05,0.00686052011124524,0.02071713921750683,0.0016828241381503252,0.0006270572643278895,0.008935254399603475,0.0052664965942437756,0.003852142662624382,0.0020952999802880275,0.0050374359543964254,0.015414322080360919,0.004755214182364176,0.0018186231807823044
262.3557214063484,0.002600195793593037,0.03168619206354626,0.0004625300537953519,0.0003337026806040003,0.009470275420183851,0.022961153444212668,0.00021907112574615407,8.966880786734765e-05,0.010621961292335001,0.025267453688112094,0.0016627830577898405,0.0005440787829182149,0.022446428022191784,0.015631870257049197,0.0038522978100183915,0.0020895829380993235,0.005652790627751187,0.015366627633101261,0.004759651246193174,0.001816855777491939
262.28691581458173,0.0026396919458772663,0.0312740240560175,0.0004884776022473294,0.00032488229061386313,0.009688447811633315,0.02251567618152549,0.0002206970778654007,9.341962606386937e-05,0.008852353859116783,0.01114385909071812,0.0017559311182705354,0.0005496395483041547,0.014539476957409312,0.0237034274418822,0.0038803652770549144,0.0020356527737168434,0.00516851073802918,0.016034994185307225,0.0047536983856176105,0.0018067268123923936
262.2181463033561,0.0029289235356537153,0.03147784700758995,0.00046670915934222365,0.0003090814433441722,0.010058116135499527,0.022787090312369536,0.0002149322069244295,9.170545417695096e-05,0.0038313638409138056,0.022316047229251217,0.001762219970555003,0.0006686409834877307,0.005393049268867484,0.007907304987856545,0.003961008639668075,0.002166876505575928,0.005061656206681207,0.015566706902307182,0.00474639929002094,0.0018155964340697051
262.14941284429887,0.0027252452679003706,0.031476571372311635,0.0004638611163642114,0.00033132635599595185,0.009481366830952255,0.022727314787951453,0.00021844515577874602,8.870820943034308e-05,0.00560188102132813,0.018033388521107013,0.0017761874060298634,0.000570364527722934,0.007055480206741108,0.013300025532335997,0.003965099043011832,0.0021231902643294915,0.00513739774443281,0.015741298952683492,0.004753456914278818,0.0018124393054966027
262.0807154090671,0.00294349003740847,0.03150621413025505,0.0004702138528877878,0.0003316027564230084,0.010305069451248376,0.02222026320505819,0.00021839116059500517,9.276669470578365e-05,0.006264244758507484,0.02470960170147338,0.0017436474823435547,0.0007551051502578607,0.00735648726249981,0.01235748514525909,0.003918718586201044,0.002276427949877401,0.005146449980284759,0.01564640506428648,0.004752209469641869,0.0018113722682996047
262.01205396934773,0.0027459531302455255,0.031586163463086944,0.00046829698654726434,0.0003274748070163527,0.009820435781972262,0.022493401456547588,0.00022154063996245754,9.061295051436537e-05,0.00342326266957627,0.021634632425374,0.0017018184089218407,0.0005831521521672974,0.0056983941883436305,0.01178543453353748,0.0038367694372096594,0.0021069205359277327,0.005137358143354172,0.015730694239664816,0.00474717000827012,0.001812457111832252
261.94342849685705,0.0028610565764181587,0.03153812273331435,0.0004649838249026696,0.00032837772911536057,0.009535573226459416,0.022348196754978632,0.00022048093935983132,9.032908840688826e-05,0.010642054528723563,0.02319895772613859,0.001785032343685958,0.0006230148024839816,0.003644799744934522,0.012179416158333995,0.003947520025515456,0.002162503938195258,0.0050878689701874605,0.015598634616804285,0.004752024922660156,0.0018107681510625693
261.87483896334123,0.0027314591188285393,0.03151602504664163,0.00046751615670440153,0.00034224466857595806,0.010223794480363702,0.022413108666893,0.00021867746019018066,9.403146928659791e-05,0.002290950455093927,0.02115373866255053,0.0016906317037610754,0.000721344285957958,0.006003538027389053,0.013637656486229662,0.003858895012887201,0.0022492813555834335,0.005213415120453557,0.01562751954971367,0.004745816192451845,0.0018140558169587617
261.8062853405759,0.0028092922423140583,0.03144190354881038,0.0004693738447291458,0.0003343574027668976,0.009812740126764214,0.022872522597225907,0.00022121225914410573,9.088475794559614e-05,0.0035416958644820186,0.01725718113893257,0.0016486506041930914,0.0006160612935564453,0.006177597242641508,0.011926818351195332,0.003790032742253337,0.0021430797595658004,0.005094242076141282,0.015707754023076698,0.004747305510368188,0.0018078632138233148
261.7377676003664,0.0027261638353177882,0.03151057490422432,0.00047852034449898876,0.0003424545699119036,0.010041272482443268,0.0225190156578288,0.00021814716149934262,9.40453321847392e-05,0.003739727475853541,0.019735772399282276,0.0016749213483135863,0.00058353842644394,0.0035252147355984828,0.013588623125090737,0.0038354019443821367,0.00209826754405442,0.0051800279463204936,0.015662107116425964,0.004751168011294391,0.0018151444321617878
261.6692857145474,0.0027634848318030536,0.03148047638694183,0.00047300553845072463,0.0003216723233531665,0.009894748844826827,0.02244566577631795,0.00021725801577466102,9.319863101440242e-05,0.0026679664162871006,0.020872757401400516,0.001692165008469962,0.0005121616764770201,0.005374158052196192,0.013261416096633817,0.003865731399614311,0.001999888840161328,0.005067236525064968,0.01575164671055004,0.004747456801957791,0.001808397791241651
261.600839654983,0.0027725979595693874,0.03145553190794837,0.00046362749079830845,0.00034299729976817886,0.009968622400074867,0.0224238004146494,0.00021979785071442632,9.0580256392078e-05,0.004968311697817633,0.02200166238091825,0.001804820302846419,0.0005557968603209262,0.0045027164258250145,0.012469751182008082,0.0039721095710222075,0.002116380938759915,0.005148545476378539,0.01549099146051339,0.004750096084154515,0.0018143374534290062
261.532429393567,0.002779800956859187,0.03140637444540319,0.0004837925122087213,0.00033139692691171174,0.009915625159616671,0.02243999805939693,0.00021886917248645674,9.168009040384769e-05,0.0007871128524706375,0.020296967862620908,0.001741758842129666,0.000617841905509797,0.0075640247778278515,0.014422502627118168,0.0038814751879576817,0.0021455316664117023,0.0052012433243822,0.015693364007141764,0.00474501104768633,0.0018082718894333876
261.46405490222224,0.0028158048435460194,0.03152412235684482,0.00048052474687399843,0.0003282387653330506,0.01040616558907475,0.022356423219978473,0.00021480056450948087,9.326603460449406e-05,0.004899793518773691,0.025215853745766768,0.0017279796073578519,0.0006042701995373242,0.004104508059331561,0.010809970595192833,0.003915331008313815,0.0021205556936241,0.0053083861156607935,0.015512330356354201,0.004748081216815995,0.0018150192170680887
261.39571615290123,0.002678047427438773,0.03151795888417207,0.0004704602042090306,0.0003317187169884893,0.010239228053683118,0.022659855463114845,0.00021805441449423987,8.964574607296084e-05,0.0028577130691153593,0.018898263131331798,0.001657686354782243,0.0006073941744841421,0.006473136360257166,0.01361826766931763,0.0038229188838085266,0.0021477888997459152,0.005219646972145291,0.015740960557987866,0.004744609671264653,0.0018104915595652613
261.32741311758565,0.0028143309309088854,0.031477363352376116,0.00048097049448585146,0.00034613629477153106,0.009909169076040359,0.023013291123443576,0.00021891118984266927,9.058263339234407e-05,0.002626672445126457,0.016095765670456497,0.0017454601907859898,0.0005638577323894484,0.006186862957206281,0.011134457347763574,0.00389275265350104,0.002127645529727215,0.005116476105863212,0.015476140038702426,0.0047481671691357655,0.0018128955994103498
261.2591457682864,0.002829494953356127,0.03148343443782978,0.0004831786751817865,0.0003267722577045383,0.009951800452945685,0.022482299146281866,0.00021890068798790778,9.104533084019125e-05,0.0031970672007783528,0.021637147518580948,0.0018156913370577926,0.000576291460154352,0.005294738999485372,0.011713297804987534,0.0039540812246538345,0.002104907606669285,0.00485539146812971,0.015703866334098343,0.004740636252913482,0.0018121454656507578
261.19091407704366,0.002607443771942193,0.03142017633516119,0.0004670797953648285,0.0003533810907625505,0.009984264453534486,0.02256621015870343,0.00021970012541202237,9.309194864646212e-05,0.0030790655835204682,0.02082758298405116,0.0017372819430273962,0.0006243538326850643,0.005372679331297094,0.0113231998658077,0.0038913800422933115,0.002171849400836503,0.005127492971762226,0.015761390184430433,0.0047424159401619264,0.0018112703334163822
261.1227180159269,0.002867795957417592,0.03161913747430183,0.00046766147473102675,0.0003360776865605293,0.009987417439401345,0.022494504867078588,0.00022150983696862174,9.394383904633579e-05,0.0009012749560076988,0.021314078819471238,0.0017477667015883113,0.0005919612795053567,0.00554884963047915,0.011623428943932718,0.0038969189028224293,0.0021090201597695622,0.0051872463780891056,0.015613864702664473,0.004745747080115295,0.0018155396155650964
261.05455755703474,0.0028367860655993506,0.031248956240524345,0.00048011136436094205,0.00033944140869848364,0.009680984773690086,0.022443585497916516,0.00021681395016658964,8.868962144707824e-05,0.0055852007010864435,0.023833672862362192,0.0016358658998781236,0.0006064591701752744,0.0061616257089981115,0.009908716620557732,0.003793481634682665,0.0021690580535033395,0.005098174581694091,0.015690122082588312,0.004740887413336956,0.0018211317088603072
260.9864326724948,0.0025843147397603522,0.03161702603612586,0.000497012814947151,0.0003264876209577994,0.009803064196075573,0.02271265778496445,0.0002235982793390499,9.113406573879968e-05,0.004615710837330938,0.018868104000156403,0.0017075973455064708,0.0005189762853370932,0.005559854097746163,0.011655876463837912,0.0037826459339669913,0.002040934897575116,0.005201888714121192,0.015661052091478764,0.00474662051860329,0.0018238761648943474
260.9183433344639,0.0027672984318071934,0.03167011257704624,0.0004721514461568931,0.0003195096614562299,0.009676091179505911,0.022281344296611945,0.00021631752172089662,9.273173143538512e-05,0.007225420639075949,0.024610527142251756,0.0017571932831532938,0.0005650720736107673,0.006493423969187256,0.010416968217078153,0.003939752675105704,0.0020554769046186067,0.005127396926179803,0.015610814699137178,0.004760352132189851,0.0018117475276244858
260.8502895151278,0.0028985388584318976,0.031623732225186774,0.0004639053447049405,0.00032777386216101246,0.0099512062443968,0.022592546757275542,0.00022552700041508956,8.651862060791009e-05,0.003327897007645271,0.020348998539173362,0.0018789605044860133,0.0006145732822200203,0.003455793187545589,0.010978845708648708,0.0039909718142797914,0.002187707845089035,0.005114244241485293,0.01567681800008784,0.004747985886420202,0.001799203368672554
260.7822711867015,0.002992766638621669,0.03144613022275781,0.0005281228847786185,0.0003840753044154385,0.010186950475890121,0.022377488817939085,0.00021538677396903155,0.00010442041143130512,0.00676634455089563,0.023364274258036083,0.0017380141425665178,0.000621551740281143,0.005282459069643565,0.011632204105761818,0.003837485798476775,0.0020904913273556204,0.0051827712271191794,0.015670786865615335,0.0047387029250612125,0.0018070594250438289
260.7142883214286,0.002793342875595741,0.031451071309557294,0.0005180979111380648,0.00028918530384083944,0.010142009740767293,0.022642690154430177,0.00021225868207744208,8.423106889288222e-05,0.00155182611801536,0.02078830204667007,0.0016891843360357078,0.0005379274474221069,0.0030410911234552895,0.010188534720654882,0.003835871465315952,0.00207553722422222,0.005128723947906506,0.015695644073128234,0.00473960902865538,0.0018120870442216838
260.646340891582,0.0029089096987698466,0.0314235630904474,0.00046246493936084274,0.0003296082233172159,0.010046900365805913,0.02293068610265762,0.00022459665642614253,8.670610571578608e-05,0.0032317996251407612,0.016130925589405848,0.0018954779442908816,0.0005886638639976888,0.006126956627569938,0.012235770981600348,0.004014190960540347,0.0021629530673133108,0.005093336287103105,0.0157157972098206,0.004742721520498277,0.0018103302288595522
260.57842886946327,0.002732912032429689,0.03145289028273119,0.0005215788190405128,0.00031452737344856135,0.009716430528936552,0.022431827848671065,0.00021315965475614393,9.472425232655328e-05,0.005903176022272441,0.022776912346677745,0.0017563255932065516,0.0007171973319498438,0.005645260887034502,0.010460238566790283,0.003894236671828441,0.0021923945744746474,0.005104599472644039,0.01564500388875525,0.004740358808276081,0.0018125472635206405
260.510552227403,0.0029081908701196193,0.031402962706082053,0.0004200813795508413,0.0003596575660951563,0.010232215244300907,0.022265460124799297,0.00021584174677453057,0.00010052094586387075,0.006855559342402671,0.02305489175512077,0.0016546621144289976,0.0006807608100724468,0.004992898023240224,0.012686448860969776,0.003920534616375934,0.00212817105039517,0.005093274020991749,0.015701375554893468,0.004746916545705334,0.0018095123256621016
260.44271093776047,0.002818689917151298,0.03138229741361122,0.00046960522635671994,0.00025424970990060375,0.010003376634561351,0.022639608199793906,0.00022136171122746453,8.727967960976625e-05,0.0005548876824973511,0.020424756184188424,0.001744247562420871,0.0005335818920389579,0.0057581434808571565,0.010681283598215647,0.003881465661670929,0.0019712181073631404,0.005133335317979017,0.015538559879351283,0.004736377192052103,0.0018052052635579292
260.37490497292373,0.002855268879461556,0.03145872215016239,0.0004837841901409892,0.0002990319576515768,0.009889590314197281,0.022405870479253704,0.00022422470819634206,9.515871266285837e-05,0.003172781436600984,0.022115089228876963,0.0017859656342592992,0.0005276110754510456,0.004619242640827355,0.011629335897224188,0.0038794682758554475,0.001955945943643134,0.005173223630197848,0.01567122647315309,0.0047400649051396165,0.0018069666431562517
260.3071343053098,0.002825550455165705,0.03138054609265156,0.0005608708100819295,0.00028631123729526436,0.009784606925380983,0.022286417310465562,0.00022362094921318657,9.047608100057683e-05,0.0055375585994388845,0.023845813810838244,0.0018306539712868713,0.0006154830580128153,0.003382618939439526,0.011056755104547608,0.0037976258007926325,0.0020700924422239926,0.005043213050746772,0.015716128896808845,0.004734561594405317,0.001807524015517913
260.2393989073641,0.0028260672687206102,0.03142236067532478,0.0004969607961445037,0.000390816660232284,0.00954481252166495,0.022486996945855254,0.00021838072732598336,8.929888083440064e-05,0.00578464072804098,0.020656191999192643,0.0016979072138789079,0.0006473728256697418,0.005777755603210536,0.012294021751269526,0.0038335278978800765,0.002288677139240666,0.005233619692334568,0.015585190195027463,0.004743076217743821,0.0018102353746178934
260.17169875156094,0.0027873508468582997,0.03140537727994847,0.0004418887459529342,0.0002710121289047252,0.00959490817278254,0.022351990776297324,0.000226483543944975,9.362443527761607e-05,0.006895487725540015,0.023287023849785926,0.0016848728656797837,0.0005941983614291119,0.0059563867944404,0.010494312678035356,0.003816747118933223,0.0019869455073573067,0.00531220166175342,0.015868286082426134,0.004736804826763233,0.0018104877443389648
260.10403381040317,0.0029162167126481607,0.0314100365765408,0.0005458195837311755,0.00032304950443548476,0.009783565864516687,0.022563766156707844,0.0002205501852108566,9.158170714077553e-05,0.004671494084743266,0.020142888030256254,0.0017020913418854813,0.0005240148024840147,0.004529505350251469,0.011731835646917238,0.0037199012547480246,0.0020268976359816802,0.004892226105355684,0.01561686214439848,0.00473980626366246,0.0018058757498661988
260.03640405642227,0.002826377297905385,0.03141492678220897,0.00046748388586721984,0.0003626526406546696,0.009579809547123251,0.02243749947786511,0.00021990191700225326,8.905900836115303e-05,0.00696245842092841,0.021413228306413016,0.0018234729184525157,0.0005213061299509506,0.003802791525727837,0.012588665688142504,0.003969409991847348,0.002112361131037953,0.005252005296393829,0.015277076021349097,0.0047335850067434316,0.0018033706204730947
259.96880946217834,0.002863739085680729,0.03134149115392053,0.00046853957195945817,0.0002943412315939532,0.00994093576278499,0.022231190235618186,0.00022289435659732088,8.673870058305787e-05,0.0022584649031476213,0.024518254735492205,0.0017187473213885816,0.0005534887303825229,0.004689615909081381,0.011442914855526672,0.003840107252379218,0.0020600964482567507,0.005334795898206462,0.01587808597593094,0.004741426633030996,0.0018052254205224137
259.90125000025995,0.0028750331034181845,0.03138550303735397,0.0004868966820550072,0.00032731777566421616,0.009967544124226159,0.023018870711021402,0.00022381635852258388,9.023616811953337e-05,0.0029312410525331235,0.015586044663209269,0.001837419698859557,0.0005292263954608369,0.005297767653681754,0.011219902419309497,0.0039153284001290835,0.0020555472907686136,0.004855312668624694,0.015682922153326815,0.004735211326832223,0.00180954176873428
259.833725643284,0.00279579538695051,0.03143038368864939,0.00048288494846469154,0.000311180320140358,0.009790801969731653,0.02225001878027876,0.00022334226653006054,8.963704246509745e-05,0.006101951876904831,0.022037168774362074,0.0018230515368199592,0.0005725349168007671,0.002732171409967933,0.013520885947737732,0.003915695132852074,0.0021007897681862967,0.005170513019383903,0.015487966681294435,0.004738630846623518,0.0018143128423153626
259.76623636389616,0.0028684939175516342,0.031450806373153055,0.000488188910732777,0.00031628777374152317,0.009606933494460821,0.02217283729820698,0.0002186743485073766,8.91605839449388e-05,0.006699158795288106,0.02349833856930558,0.0016995417800706027,0.0006545675047824096,0.005523927299126771,0.012860961600577168,0.003801659094577313,0.002193600984276071,0.005137020726444818,0.015587496317926702,0.004720294835141106,0.0018135982649140636
259.6987821347702,0.0028139399580657544,0.03139807113100992,0.00048410895936319465,0.0003240223140169503,0.009931683040390242,0.021896237062432426,0.00022291805275820016,8.82636282872067e-05,0.008201797737056284,0.026825279816656503,0.0017860794127139434,0.00048027901023723805,0.004643222946646081,0.013360340850855268,0.0038662447408169547,0.0020205729987641005,0.005119581329977897,0.01552492499725779,0.0047289576078230755,0.0017994152586493218
259.63136292860855,0.002919000583225519,0.03127558099213073,0.00047873640559659315,0.0003164509722723959,0.00966610765116745,0.022622540452168764,0.00021722302950878285,8.995743831712693e-05,0.006535526227410905,0.02014073089485988,0.0017587504513019655,0.0005627658337968893,0.00557404477721338,0.011476079573030146,0.003912346053116084,0.0020850028198362708,0.00497171256758137,0.01560127036149339,0.004730634034855166,0.001809215575524335
259.56397871814175,0.002968303444103827,0.0313613890668944,0.0004851379522769485,0.0003200537473535404,0.010006205933335321,0.022117319277027408,0.00021721229298639534,9.019507789083385e-05,0.004499992420416179,0.02653233243048641,0.0017775873182526625,0.00047723701350389124,0.004062855678809302,0.010361254866877645,0.003916017493649152,0.0019961057437373124,0.005042998534082679,0.015091838398168234,0.0047282012983319004,0.001804220941348382
259.49662947612876,0.0029207625567051715,0.031311333052225214,0.00048630706987072103,0.00032498031942583815,0.010009981220272985,0.022332891787060428,0.00021815677905088777,9.128010712242548e-05,0.004212588750649788,0.02313734994529243,0.001872317999059171,0.0005465214414400553,0.0037125632046115836,0.012510503967548789,0.004001666745341461,0.002058722261418986,0.005429360897781053,0.015359028418939777,0.0047302113841396,0.0018052912216066901
259.4293151753567,0.0029053141051752856,0.03148320833316688,0.00047703670685638345,0.00032543365497875003,0.010162361656908174,0.022299392054423224,0.00022058222491043864,9.119337610718113e-05,0.004899484185693345,0.024407872495034993,0.0018418512234730892,0.0006728913389086386,0.003997951567409555,0.010281021033118195,0.003957792618754907,0.0021959643942336773,0.005423415939279616,0.015431240237605661,0.004728148480793557,0.0018060237526055997
259.3620357886411,0.0030146237175173916,0.031342464876812054,0.00048591212983583275,0.0003156834722148051,0.009730506269572154,0.022239799097859905,0.00021971688100102228,9.159137052836462e-05,0.005365140838083592,0.02397532630967954,0.0016656475245780092,0.0006685237622749454,0.004174927085132146,0.010936562695180205,0.0037761169495134045,0.0021570816033799297,0.0054975130640034925,0.015891831921130875,0.004727155608003565,0.0018040702049852491
259.29479128882554,0.002874817488955854,0.031456621783345046,0.0004852199001802062,0.00032723641276696553,0.009740372672397475,0.02238579779256249,0.00021710104556804885,8.667445688588678e-05,0.004569283628246498,0.02228821204529875,0.0017230488401209952,0.0005227403875657131,0.005206385930513159,0.010924367781870054,0.003857465170189075,0.0020858320861175707,0.005104282020736662,0.01573133976454692,0.004724500119981532,0.0018049303998835045
259.2275816487818,0.0030650885268566058,0.03137816443759463,0.0004823685275666219,0.0003217560156248544,0.009798063168977323,0.022338225648575495,0.00022110965920100068,8.733582739244868e-05,0.0027633851183390926,0.022901969614176457,0.0017200896057243222,0.0006081643035010264,0.0055198957063542,0.0112534153315812,0.0038149869291300457,0.0021614068870954347,0.005120500410264371,0.0155993482920435,0.004725268037765558,0.0018003121151425802
259.1604068414097,0.002865333012143684,0.03135676849891315,0.0004833854912502031,0.0003311309794742282,0.010037054724904657,0.02212714283912107,0.0002207972892336328,9.305240349584882e-05,0.0073665427044949635,0.0270611604415272,0.001726756492980658,0.0006397324662437705,0.004842148480925826,0.009774710215701784,0.003831280225099783,0.0021421657858775433,0.005073720659436845,0.015466832547510408,0.004728437342706699,0.0018028534829010055
259.09326683963735,0.0029711603214240424,0.03140137757219133,0.00048564004449407527,0.0003203921578302587,0.010235263118316521,0.022668018470923625,0.00021856691993760364,9.286010085005478e-05,0.002091841277731418,0.019814915653336367,0.0016417670629886199,0.0005457692079689628,0.003477222602201999,0.011334980923339297,0.0037454033585421704,0.0020304552038303576,0.005323104671830713,0.015547447722191375,0.0047254064606519494,0.0018061061318777748
259.02616161642067,0.003061417433410412,0.03120491182104675,0.0004813119547937838,0.00032225389777899616,0.010029571989582986,0.022742647761589966,0.0002165524845754654,9.112612241413919e-05,0.0030853297143244194,0.020286862470877954,0.0018235904114170065,0.0005267750091890663,0.004379950173149122,0.009555511652622521,0.003973471604715487,0.002044190677619698,0.005216850187644228,0.015487813382258374,0.0047261940013961865,0.0018074656406463117
258.9590911447437,0.0027555793583742202,0.031423248575770814,0.00048039692993521554,0.0003290492571616503,0.009981915299342264,0.02258643685725672,0.00021807002728156173,9.126510175459203e-05,0.0023187475415516368,0.01913514062206223,0.0017843781354424818,0.0004831975894812555,0.003806476380707225,0.012061608874189458,0.003913318834979926,0.0020033683907515476,0.005146784438475045,0.015627832058653833,0.004727469044203171,0.0018032716117637921
258.8920553976185,0.002720739491485949,0.03128533310772376,0.00048116634160627516,0.0003182974743033867,0.00942226933498808,0.02260369560816323,0.00021621919309168394,9.090395959829753e-05,0.007973640920568563,0.020098545372554774,0.0018792191398664998,0.0006296499734187611,0.004384679319663618,0.010607538019931436,0.004028878032839528,0.0021490010357299223,0.005110413513349762,0.015615377862388495,0.0047248742981914746,0.0018049415096122452
258.8250543480849,0.002726625203120534,0.03149982399264157,0.0004899715603818827,0.0003301254803217242,0.00981336152137801,0.022053952285360626,0.00021353984638140572,9.454208107422984e-05,0.006283954082095823,0.02536881901169704,0.001747118844892386,0.0006884966354937828,0.004398443471310551,0.011278526594810294,0.003917339910277897,0.0021832451565214545,0.0051894289569458995,0.015584953042366477,0.00472426271049668,0.0018026140311029114
258.7580879692109,0.0028416503234959655,0.03155012971802135,0.00048245607877448393,0.00032148681758175686,0.0097826414842694,0.022570719049781515,0.00021669691317806583,8.441413407715713e-05,0.0023188602367618435,0.02015937169913007,0.0016553909944128818,0.0005671308216046082,0.005813276026558935,0.010205750510449597,0.003788201709073427,0.002143725769248958,0.005221240640722803,0.015616254696682229,0.004726013657766852,0.0018053965571456579
258.69115623409215,0.002912480211919879,0.03125532719482099,0.00047900983387989197,0.0003141019095407973,0.00973083152044908,0.022287203693023016,0.0002257147712841366,8.871593393419663e-05,0.0054674990848174706,0.02381877425284995,0.001851724070137511,0.0005276567785329719,0.0034688070724242463,0.010687629943032233,0.003906778577853943,0.002046893035927521,0.005187900415291487,0.015556344636854139,0.004726789755661114,0.0017988473114624929
258.6242591158521,0.0029298863192030646,0.031323586836448265,0.0004755101990539414,0.0003165227815705082,0.009629282493835132,0.022188313996468836,0.00021692172407188526,9.122607173324398e-05,0.005664044968148234,0.023326691368187307,0.0017033722080551132,0.0006455667692897598,0.005004089789350863,0.012009725924322909,0.003839113245187062,0.0021471637183967177,0.005137882115004727,0.015636674646756128,0.004718104370919965,0.0017986390011481947
258.55739658764224,0.0026274397666082813,0.03168206785754264,0.00047257472990777324,0.0003261389606561657,0.009883671603723153,0.02214356285430958,0.00022300002915331174,8.995917867005557e-05,0.006999994804832644,0.024482889779610335,0.001837379625474691,0.0005520450717505892,0.0041602255071082304,0.010600937321738595,0.0039239963244752174,0.002074213807868015,0.005186117231282425,0.015526663442157779,0.004717170711404204,0.0018031613783536982
258.49056862264155,0.0028257025790528714,0.03123566051690429,0.00047072037124558765,0.00032093467113564113,0.010008649359575624,0.022134639821618594,0.00022126860083858589,9.342352331487782e-05,0.00554241446820154,0.026240912484617206,0.001719472933928438,0.0006658432894716516,0.003896563688408613,0.009810332507801636,0.0038189130096799805,0.0021492163466717605,0.0051601640461041735,0.015512734699837667,0.004719922752986407,0.0018078341264261889
258.4237751940569,0.0027552228960888605,0.03119314618545056,0.0004813064609838098,0.00032907566817803234,0.010138429292916742,0.022388855901448925,0.00021743707038130854,9.189694803018391e-05,0.0019927432405393323,0.023178962327513555,0.001673186026126974,0.0006317826016097105,0.002899439017037322,0.010431057619415677,0.003805280909783741,0.002143489288985855,0.00526891255969558,0.015563652285822217,0.00472476099854664,0.0018023001266072867
258.35701627512276,0.002833581317435377,0.03129244388167632,0.0004788926626405197,0.00032564771957206234,0.009938747498780829,0.022646278876046474,0.00021802523363702542,8.937089444130198e-05,0.002162225175222226,0.018708708417651536,0.0017896907110698521,0.0005545189268410325,0.004385388052803901,0.011577056653230873,0.003920638975125857,0.00208912448015005,0.005246013905330007,0.015501189966282856,0.004719009818780001,0.0018016747629525404
258.29029183910126,0.0029147567490491887,0.031307732428674385,0.0004697002766221317,0.0003167126125019888,0.009875130233841789,0.022364382706683596,0.00022045244752899303,9.023288054667365e-05,0.003931393473649199,0.022011600162657914,0.0016784935689259516,0.0006379515755622479,0.003708056300266095,0.011236302264959704,0.0037933666660060037,0.00212875305920362,0.005210610582883784,0.015583564458858225,0.004718853715348643,0.0018017213294015714
258.22360185928227,0.002841240688202466,0.03130600384704717,0.0004941692748475224,0.00031744755856068615,0.010122302732829339,0.022819680004581174,0.00021788534014438406,9.37249823845307e-05,0.003855558292731408,0.016006075416179526,0.0017491190630791688,0.0005413118177083645,0.004863530470334485,0.012505992659534036,0.003851805569947739,0.002023597000803843,0.005189765095278621,0.015466056279519429,0.0047181967587618025,0.0018031065918242021
258.156946308983,0.0029226536093070405,0.031336413374866916,0.00046533290272111563,0.00033391360488792444,0.00973440706083576,0.02245749969221466,0.0002189467042340777,9.176487054193828e-05,0.006911816796670734,0.021304937312859127,0.0018181630171821741,0.0005549528629526833,0.00145490288285724,0.01075921686222493,0.003966268894412834,0.002079797405769612,0.005152568669580552,0.015517582055193341,0.004719484682294414,0.0018024327128987494
258.09032516154844,0.002951181478655304,0.0313091439529883,0.0004783605970904155,0.00031622392343364246,0.009919274635594158,0.021908046846771573,0.00021986402061897688,9.502452634680615e-05,0.0017042883814367955,0.024087874557402755,0.0016886626331792725,0.0007056151364377215,0.006508443123069757,0.01516620646186618,0.0037942392805240576,0.002180433188322687,0.005123660896914112,0.015457783726905445,0.004718253103177038,0.0018015699307962773
258.0237383903509,0.002786628045088439,0.03139345936921677,0.00047034239955488224,0.00032535464501836416,0.010039310749314476,0.022128181818221127,0.00022015720582148262,9.548218153871244e-05,0.0029171339369294105,0.025197760633821512,0.0016314672875027045,0.0006080104300256787,0.0060678571771593005,0.01103992007958254,0.0037409297209389735,0.0020729068017174297,0.005140292480759388,0.015566920714023253,0.004716666762572941,0.0017992998639712865
257.9571859687903,0.0028895181497523965,0.03138977240426579,0.0004735122258823994,0.00031285132576083384,0.00959685848950525,0.022557951274507593,0.00021733319403495656,9.152291674484937e-05,0.007035914289171656,0.018579444568917233,0.0016700839921414481,0.0004226133559475588,0.004334327877584889,0.012293928518573617,0.0038127968043310395,0.001900937758468069,0.005253647081814131,0.015541991792126755,0.004716951900789789,0.001800612120026248
257.890667870294,0.002935733270183344,0.03141337325356594,0.00047638422137171225,0.00032515388457510436,0.009954187531176694,0.022227413316768307,0.00021856021747954782,9.14042624272369e-05,0.0035786640839084306,0.02329258956274238,0.0018366662543009317,0.0004729392666159972,0.007043065179110214,0.012838314102879124,0.0039588029402721206,0.001978820773617878,0.005179699999641623,0.015501407860807191,0.004715510891549543,0.00179999644169323
257.82418406831664,0.0030664135999689175,0.03150045920880853,0.0004734303248811285,0.0003209195333286734,0.00964569228967149,0.02281377146413186,0.0002179459557402643,9.15376129685481e-05,0.00519191496373929,0.016328373891654705,0.001806402401610479,0.0005402123166778728,0.004966446599973859,0.011370295397580346,0.0039479067990652655,0.002037428206163279,0.005194700691871851,0.01546321888058209,0.0047162677882866735,0.0017998335747598303
257.75773453634025,0.003196704997038786,0.03132258426031735,0.0004767828349481638,0.0003226360699832056,0.009672821681632499,0.022302061471739482,0.00021745969308959551,8.855610397741854e-05,0.006429889540177227,0.02433402608395612,0.0018907110347319786,0.0005011320037884621,0.0047155321023247794,0.009168275929000056,0.004030515155539094,0.002026444405802111,0.00517849571607355,0.015471936974204558,0.004714382157409141,0.0017998573719507245
257.6913192478743,0.0032654101520123834,0.031184945789357932,0.0004750365028619321,0.00033189558496402873,0.010132545339830261,0.02296277089354137,0.0002172513639769604,8.839051787198762e-05,0.005892590580924139,0.01597843404339005,0.0018240870702914628,0.0007373606643956556,0.0026762092289310856,0.010214944585083601,0.003955251401448779,0.0022954556228065503,0.005159303265519928,0.01556466169630822,0.0047166505445098775,0.001800042484824283
257.6249381764555,0.003261110587696335,0.030932597040993576,0.00047323946171244364,0.0003227991989065664,0.009216769358555511,0.022674270773293658,0.00022313020879950087,8.960145970003041e-05,0.008309967699805802,0.01810897278287732,0.001766049100452835,0.0006250632661619893,0.005064831678500731,0.012239740304715455,0.003850050517719272,0.0021482146545682367,0.005251584676804487,0.0154045632971226,0.004711736512391399,0.0017996858738264581
257.5585912956478,0.002850910053923905,0.0309653454347474,0.0004763965625031314,0.0003296199416224471,0.009848079254173326,0.02195842312441783,0.00021817418063248018,9.004387218922203e-05,0.008935258951641198,0.028405070953014755,0.0017824979540812312,0.000533533385811565,0.0029286310542801226,0.009835140340445083,0.0039036603583220736,0.0020636984295368003,0.005250765972374691,0.015426112209417581,0.004713983466716581,0.0017975733410589539
257.49227857904225,0.0032800082130964646,0.03140979682531811,0.0004768218884772866,0.00032401992087944447,0.00994819688090133,0.02243714494882209,0.00022015608633277204,9.017852492206173e-05,0.0009853860732600382,0.02140375770809226,0.0018736927190980137,0.0005771762250195381,0.005834186207194789,0.011009026849056424,0.003986209432838142,0.002087567956991098,0.005169745949178819,0.015337553549919178,0.004711925777351041,0.0017984337281767826
257.42600000025743,0.0032701107507807983,0.030904871576311273,0.0004786926878522043,0.00032858840144091615,0.009828710950119323,0.02261805827725358,0.00021717973309277194,9.554359827904789e-05,0.0027222922538974073,0.02040003574861885,0.0018426902106418836,0.0006757301573431068,0.0036620377565560643,0.010484772109642954,0.003981728893814057,0.00213749343980673,0.005061754395863994,0.01540431663598846,0.004715183627349277,0.0017971692774896586
257.3597555329388,0.00322037947749422,0.031416448534705294,0.00047824954681946057,0.0003260229262424282,0.009113159942749267,0.022770399492715292,0.00021400549706742533,9.140968790041071e-05,0.011641539718601294,0.016944844551336814,0.0017216143464923294,0.0006715279033042124,0.005068757464902374,0.01123681954327956,0.0038792635491288834,0.0021802795147039026,0.005116872100089341,0.01536879926624874,0.004712267788855051,0.0017990476906316218
257.293545150759,0.0034913461576781624,0.03082734400467053,0.0004831409248172243,0.00033439372112827926,0.009612727304771708,0.022368909975863174,0.00021859001382989264,8.954901152566632e-05,0.006485380728926711,0.023740984814602323,0.0016953007295331317,0.0006203474385801257,0.0050795290333975505,0.009754273094291539,0.0038032300214655918,0.0021541866969407566,0.00512360667688404,0.0154344362902741,0.004712562077006003,0.001798007963660597
257.22736882741776,0.0037986576401618922,0.030771506121910742,0.0004758685061805845,0.00032742138155595116,0.009655233941446356,0.022605583741868874,0.00022129735621426527,9.144806164884336e-05,0.0036194642473353186,0.019373045313733774,0.0017498916760601399,0.0005684701003253182,0.0043620199788538825,0.011840042316494822,0.0038370172059495316,0.0020749203030814736,0.005164976866263921,0.015498609464948484,0.004710158066784451,0.0017987922729953134
257.16122653664183,0.0036059001034123538,0.029834331147410322,0.00048233929741730447,0.0003328919361446803,0.009011039939477307,0.022484977446980702,0.0002201571097866891,8.853353106590921e-05,0.00936635258693086,0.0240233110007433,0.0017552328632153271,0.000582722935048964,0.00753455681732945,0.011234610534682686,0.0038504398390090196,0.002126508645652305,0.00505093983316882,0.015482761721334306,0.004710588826949791,0.001797451003235698
257.0951182521851,0.0025951994360436776,0.03059653796360389,0.00046968289648166014,0.0003236313837263722,0.009391514007201868,0.022349136500499255,0.0002214872471400201,9.4781374735908e-05,0.008793301575232176,0.024253558465991188,0.0017803858875689697,0.0006830228169362255,0.005871489846883152,0.010072023732598037,0.003870217495199301,0.0021559869287005313,0.005153468442559873,0.01550299677242348,0.004708741858984713,0.0017981384330735773
257.02904394782837,0.0029896016482063065,0.03040786969564933,0.0004767281436666078,0.0003283334334862253,0.009615834705353892,0.02276071614663672,0.00021438911056213385,9.080550084447547e-05,0.005022320771531845,0.021501706217032606,0.0016163217450988678,0.0006367405205977218,0.00615505980824605,0.008280988589479255,0.003772458625760992,0.0021452714759560964,0.005110063102751749,0.015319995798964321,0.004708523697469243,0.001797734515330445
256.96300359737927,0.002385974569833887,0.03148509942526437,0.00047873116324860233,0.0003259471223877784,0.00974644898094566,0.022508878991528775,0.00021878098235811701,8.61643535958964e-05,0.005393863380464519,0.01935061701687319,0.0016608971171134025,0.0005094190628032066,0.0036749660093094412,0.01128981075196102,0.003752259981377135,0.002058589575696473,0.005141218211432166,0.015390813882463933,0.00470780296589838,0.0018011974430431534
256.89699717467255,0.004077422344842799,0.030905719526367576,0.0004762480051945356,0.00033198673170417304,0.009412798549677555,0.022498492789991567,0.00022027954349760053,9.205916688574843e-05,0.0045394294131241315,0.022440853751948302,0.0017778200073804557,0.0005461809968726605,0.005769548504538268,0.009311452762935738,0.003882543102133158,0.0020507709649553525,0.005082375644541805,0.015430059266373735,0.004713094635860582,0.0017965344470145458
256.8310246535696,0.0024317495490547326,0.02997279177791894,0.00048106029331545646,0.0003271310456305127,0.009970541831453895,0.022616387381722298,0.00021475743411160527,9.023380096814134e-05,0.005522422793792891,0.02105583504991216,0.0017895597633844358,0.0005520650726966298,0.0011990429264278236,0.011458980103585764,0.003925469249037479,0.0020771070023482227,0.00519625187958086,0.015574577063676272,0.004707696033707234,0.0017967652275225165
256.7650860079589,0.003820254183311599,0.03179497844789382,0.000469685974073394,0.00033281910128050957,0.009082275550267211,0.0221073128584972,0.00022062066314317504,8.800403251714687e-05,0.009037717910921686,0.024711333100817856,0.0018636450885349805,0.0005517590996329126,0.004595053462760711,0.01016838695156208,0.003973436639585904,0.002095453565917895,0.005253758055245088,0.015317998424440945,0.004708846720652753,0.0017971628373625564
256.6991812117557,0.004289896950988342,0.02845133265258724,0.00048181956940029143,0.0003220200009263791,0.010106666975958778,0.022136455457685732,0.0002189153431014135,9.807884177367414e-05,0.00931994683182946,0.030472686061393427,0.0017865383940173162,0.0007049791045447561,0.0013485911014276717,0.012167784478188004,0.0038761477252611254,0.002148794927379141,0.005091029229578818,0.015463724725660844,0.004706028065310903,0.0017980722413726436
256.63331023890174,0.0008239473242610322,0.03165473067433727,0.0004688249201367146,0.0003310318141771498,0.010347539255074069,0.02185931419279346,0.00022079703090214465,8.858793747617508e-05,0.0031840195684036763,0.024796694811686976,0.001837801004212129,0.0006710578784969805,0.005822156251755602,0.013605314827008878,0.003938014993896323,0.0022277432689971955,0.005259272688355124,0.015302236527633812,0.004706412388076254,0.0017959813062273832
256.56747306336587,0.0024029594277149265,0.03077169125154551,0.00047935056764623185,0.00031242016936853395,0.010476788721610796,0.022432811845195938,0.0002186770932126561,8.775968310271632e-05,0.004428920209085344,0.02324254986364979,0.001686764291622134,0.0006151173035557019,0.00448068923562009,0.010468138132302929,0.003795742818666867,0.002138421496221561,0.005072861691032581,0.015255686814281801,0.00470700599826516,0.001795801939255477
256.50166965914343,0.0024750759563296107,0.03341225075890337,0.0004742987252924369,0.0003299288226363506,0.010189601766915636,0.02210864124125038,0.00022018166158674056,9.192725521134652e-05,0.004330543051660792,0.016109475869539175,0.0017304904135089624,0.0005583612829499319,0.00624257957955328,0.014838813350566953,0.0038312476805635568,0.002072503787910714,0.005142152465630865,0.015305346524570038,0.004705187104669987,0.0017962994732564008
256.4359000002564,0.00546622128628851,0.03292615467514001,0.0004879605608964431,0.000315389940321021,0.00915011954411369,0.022020121727551252,0.00021956219292424483,9.450891271404528e-05,0.004367103695267705,0.022383358892047907,0.0017417362431476333,0.00066462935018861,0.00522505917247759,0.010447365316170994,0.0038255393237585193,0.0021339230555917884,0.004950994869582124,0.015216855717808635,0.004707198314325965,0.0017970051161829404
256.3701640607537,0.0037156270776762565,0.030133990864698434,0.0004538039610956195,0.0003311264004110631,0.009486138785850364,0.02234562493451502,0.00021869543717599168,9.184831048715478e-05,0.005952262291249452,0.02255605549939175,0.0016847789399224802,0.0005969205502234624,0.00468250467725383,0.012922135711663247,0.003815033352819356,0.0021129879014002806,0.005003133900548785,0.015424558613729268,0.004704310033196492,0.0017950146902400734
256.30446181471046,0.005079747023116411,0.030305597088563146,0.00047467904795429384,0.0003323322298799988,0.009432675926252338,0.022495307898256607,0.0002162694295489509,9.494641653226835e-05,0.0014267230688323504,0.02324566488979089,0.0017537035396744897,0.0005285061523802153,0.005285833131662387,0.010413862393019047,0.0038863745269495237,0.002006837493826992,0.005014776136954596,0.015242783542872158,0.004703799875925979,0.001793974019570686
256.23879323622856,0.00706126079129111,0.03757007509079336,0.0004518826279503424,0.00034474171971603706,0.009489392952129366,0.021238611724430118,0.0002132705031442627,9.298033129030143e-05,0.007747293505198838,0.016157427324061776,0.0017324598029582648,0.000682219340886759,0.006372418930492146,0.01414866583253761,0.0039284481807887895,0.002207922007816888,0.004954874860772681,0.01549091607957065,0.0046994796770772045,0.0017963948505624512
256.1731582994365,0.001244052017875597,0.0311562526748268,0.0004426929817992443,0.00030275918319425517,0.009491312939586286,0.022416366217452882,0.00021613116989910246,8.737997827116514e-05,0.004600101248496516,0.021774546644702884,0.0016924162583906532,0.0006009486615942448,0.011149271318896129,0.011511628383403404,0.003879921832192878,0.0021123943869226455,0.005101238959983284,0.015336978640214795,0.004703109338076129,0.0017975250256429428
256.1075569784892,0.002539934491737832,0.03039071336624226,0.00046188277903525644,0.00029819966877118526,0.009478103500611892,0.02261105828853149,0.0002214709179627008,8.961190067322885e-05,0.009424602577236384,0.02219261883579063,0.0018138852190624263,0.0006148531647860107,0.003612273501852428,0.009696937651361124,0.003926282879907749,0.002097085411479711,0.004890337461911113,0.015460453776033261,0.004702433113188861,0.0017966312041350057
256.04198924756787,0.0013902637557991417,0.030657328038388585,0.0004958228657794549,0.0002826072760464559,0.010077698732693971,0.022033659715350203,0.00021720874843381052,9.254161562261977e-05,0.0032179614526384724,0.02526832020227328,0.0016699169081707788,0.0005836517298969824,0.009514913740256713,0.013075599199721618,0.0037599862137277958,0.002007107486884402,0.0051641716684196785,0.0154407829123388,0.004704753752103559,0.0017948014966280123
255.9764550808805,0.0028321071688776588,0.03060189945796603,0.0004979321797109377,0.00034382107413351157,0.00969526346612464,0.022717660932760075,0.00022060312334513875,9.025009743262215e-05,0.004682375392103432,0.022350455638097125,0.0018961688214074847,0.000581651592911151,0.006216341699906992,0.00718668510905131,0.003948653684665389,0.0021241700332358658,0.005097198241182382,0.015320517652623069,0.004701818066339651,0.0017941450805731628
255.91095445266126,0.0016232899263272022,0.03081862699853181,0.00045282146528485194,0.0003091151869249884,0.010154417700903102,0.02207459459358078,0.00021584196064625282,9.656476484864237e-05,0.004630539965054169,0.024967250534000875,0.0017665741482003556,0.0007476739900846013,0.0058686622756711285,0.012969671059666276,0.003939536856411661,0.002185244808493957,0.0051647386364222555,0.01516736300764174,0.004702768744677279,0.0017953054774682122
255.84548733717065,0.002004854788410288,0.03197090990224432,0.0004985305812141707,0.000305324041106719,0.010039022346415677,0.02235527951913618,0.00021626392942729588,9.339561540477695e-05,0.0028334855441023454,0.023390680872633303,0.0016958843933393554,0.0007394066265230454,0.005764098134701247,0.007375954782413636,0.0037965953003567168,0.00218931872466749,0.004765688137821584,0.015126708768440647,0.004699181121295742,0.0017923995530517928
255.7800537086957,0.0032329839499413452,0.03146506808445964,0.0004793887205919503,0.0003316266997394344,0.009956466754996939,0.022278388185024867,0.00022171567327400755,9.33915204174905e-05,0.004703636667991742,0.016865102437859318,0.0017173717578313553,0.0005607921863960703,0.004482198486094316,0.016224785159810358,0.0037821645878349827,0.0020487825436024025,0.004801550658260827,0.015624865083427399,0.004698556621325018,0.0017966443215863483
255.7146535415495,0.0025371907048194614,0.03078268586804274,0.0004707095904697772,0.0003158835715660165,0.009447660036688132,0.022571253988587496,0.0002171601523049418,9.052067577273639e-05,0.004134944362728816,0.020168865134237518,0.0017453410032322377,0.0006077087196471012,0.009332795301517868,0.011872707492071734,0.0038790014625021373,0.0021069744767958126,0.00507133657934631,0.01538049674444714,0.004700766790500118,0.0017930358696304693
255.6492868100716,0.002300499033457203,0.03162099278747257,0.00048357233757613733,0.00031413914015691473,0.009825684512269443,0.022169111470895446,0.00021631090192226294,8.430561646587508e-05,0.0042393751848843865,0.020990357790779398,0.0016711035473785797,0.0005568921184206339,0.004496487981736719,0.011950346670080663,0.0037797776223391956,0.0021118649618157336,0.004931374175420422,0.015570139973017023,0.00469867293868058,0.0017934312119063814
255.5839534886277,0.002833508232771251,0.031667011986630196,0.00047863306040790406,0.0003220059503628751,0.008963291674694701,0.022505209688362435,0.00022302445803390998,8.626519677822317e-05,0.00743470280830577,0.019425977067456485,0.0018251434466154408,0.0005953632143224798,0.009810213616851153,0.012094361344562798,0.0038867529920589014,0.0021367684102630703,0.0052969288136974465,0.015314349567235867,0.004697552822972096,0.001790910356309174
255.51865355160962,0.0028950738257687908,0.03073873510630538,0.0004818874911889379,0.0003194161340091734,0.009614716631741736,0.02228318574982029,0.00022583814843259254,9.153159155292634e-05,0.008141080543923115,0.02826643173472052,0.001905705989385841,0.0006321413302629948,0.005364140179280891,0.005928672254184354,0.003934541836979734,0.002128871557150582,0.004775233921906336,0.015188184612743,0.004699751010346406,0.0017957893528086563
255.45338697343556,0.002554717893966879,0.03133959692236919,0.0004783704969942849,0.00032518286613729365,0.009634497055223594,0.022707777342903777,0.0002205265266877088,9.005482233540046e-05,0.004533177597611357,0.015472010292237992,0.0017850290697074115,0.0006506595457432286,0.007863014991490266,0.011799570164103854,0.0038707680580910503,0.002161756469985087,0.005009099664970602,0.015615736134666302,0.004695305028354355,0.0017925825780038811
255.3881537285496,0.0025349169740046043,0.03128737850872146,0.0004748020428643353,0.0003191276051695591,0.009695949378432395,0.022292431921367734,0.00021487200677573564,9.309388767264379e-05,0.008672668430079675,0.026815831052697983,0.0017780597900279595,0.0006014682818484765,0.005636545103952509,0.005549911951591713,0.003922087945330788,0.002076294781151479,0.004856250872192231,0.015243846616192604,0.004699036218833503,0.001793516946949415
255.32295379142204,0.0026815038884376277,0.03126217712557261,0.00047552798578342993,0.0003199459619172438,0.01052758902854332,0.0222138244624986,0.00020745221181887223,9.468604048205532e-05,0.0023515898571734323,0.020415586344341992,0.0016814559379325223,0.0007060197070918785,0.0024653429449434093,0.013166420968971165,0.0038864015927808494,0.0021677705974763976,0.004817991340343204,0.015920141192438307,0.004694449603778154,0.0017905906869019718
255.25778713654933,0.002660301194601187,0.031187914287074923,0.0004772677141280028,0.00031717018432909265,0.00976297061547719,0.022522003294612496,0.00021394468255562534,9.135126143555697e-05,0.0011455113583799666,0.019931551850244856,0.001705377957370646,0.000680313715092396,0.006243481914801473,0.009814107432394904,0.0038513335165867857,0.002169829622692452,0.0054238607280636475,0.015388627697468087,0.00469692892761553,0.0017912922557056707
255.1926537384537,0.002511407498045957,0.03130035165349253,0.00047307710145496154,0.0003157227821309227,0.009860649891515295,0.022209333742593592,0.00022225239024120885,9.373652481944434e-05,0.00536182697658447,0.01942492969004718,0.0017843686328030334,0.0006877147477490344,0.003092280120972101,0.01455120682991794,0.0038554054958647647,0.0021575238160863475,0.004975645259756492,0.015530303150805535,0.004694879817553698,0.0017911754082355815
255.1275535716837,0.002694682170642107,0.031270356007160896,0.0004678538249623105,0.00031591188462534524,0.009282417099472213,0.021994857184389024,0.0002224745385521598,9.301496576544002e-05,0.004562949056789152,0.024185866163572288,0.0017355805375428345,0.0006542042008573213,0.010319939438119069,0.012408431708220568,0.0038164140092986115,0.0021169794839871327,0.0055703119614305885,0.015415464338420047,0.004696936135013047,0.0017892582696068197
255.06248661081364,0.0026750140499129113,0.031155596914781532,0.0004674956283713495,0.0003361948754872983,0.010181782164191893,0.02281135704144306,0.00021926434207362422,9.112710830675713e-05,0.0014268243794492846,0.020050739223424572,0.0017599304382891845,0.0005818117220703237,0.005610814325404014,0.0071214782949410695,0.0038648542977550043,0.0021058178160758417,0.00508723072059368,0.015028147117462828,0.004699687968572093,0.0017945942879362166
254.99745283044368,0.002676984543991178,0.03130440689318358,0.0004906783888236208,0.000315444135842809,0.010075618712186743,0.02234963459282129,0.00021429263414397733,9.133133512518984e-05,0.0013424192508114132,0.019391618132276814,0.0017563713844394708,0.0006656752961470766,0.0032117069739338294,0.013338656072228772,0.0038808468960253675,0.0021573129041106767,0.005035513559741165,0.015180876508269811,0.004696061394931827,0.0017960646112567446
254.93245220520015,0.002754073750122652,0.03136886487241666,0.0004870626134515371,0.0003313932929448684,0.009665444501439172,0.02204066399020746,0.00021491978890848603,9.112241782374725e-05,0.0055646039872590935,0.023188585408705727,0.0016634885942773485,0.0006490314190239775,0.004607310913559966,0.012286888942699735,0.003778781029861392,0.002164847765952941,0.004632333704548342,0.015332990141793264,0.004693329950527933,0.0017987473303413281
254.86748470973498,0.002679397120672555,0.03135006867575609,0.00047678592334460116,0.0003267074514992372,0.01007336658762157,0.022256246256682547,0.00022199102011704296,9.235791673692327e-05,0.0005806544760758065,0.018953348028536987,0.001807365827911054,0.0005804189127682888,0.0048983370296543744,0.013471978349241274,0.0038609828287945527,0.0020732241927033557,0.005365149639384853,0.015734034712991077,0.004682923339039903,0.0017949790716301206
254.80255031872616,0.0026778012554887214,0.031128721216838382,0.00047185397649250887,0.0003209793218505076,0.009756502064648807,0.022288080746121965,0.00021203892976888732,9.437606227696025e-05,0.0015211132608230849,0.02050005923352702,0.0016678005880808827,0.0005947372416352351,0.007337477625370906,0.0135730274581872,0.003825933420234537,0.002048216260093612,0.005226090468977465,0.014979008016187796,0.004687125457534117,0.001783658248326034
254.7376490068773,0.002800051495125739,0.03121014010646181,0.00047572945358682173,0.0003255565813970702,0.009645830995204949,0.022113530849748313,0.00021376980864844632,8.629711689276056e-05,0.0034474475975359185,0.01868399427167735,0.0017409250016093072,0.0006495859270016599,0.008335582793153275,0.015722660605855844,0.0038865530290825368,0.0022001110554464975,0.0050164887404750115,0.015611685346057549,0.0046955683060482985,0.0017863197679531524
254.67278074891777,0.0026403371971048147,0.031217760559102702,0.0004706034121879936,0.000324858919164958,0.009171601649926335,0.022403874709981144,0.00022043841036262292,8.711696793181074e-05,0.004251068297891469,0.019568024728140617,0.001792674825001107,0.0005739830724731974,0.010828938709955407,0.01386902188784652,0.003884089350602839,0.0021226820836789963,0.005306444407665318,0.015061104526581973,0.00469162363227985,0.001792472087136169
254.6079455196029,0.002705350611431016,0.031144295092038546,0.00047976974841868885,0.0003248508968795233,0.009514467329671877,0.02260769218821591,0.00021670957808697376,9.182960070151314e-05,0.00391892783142998,0.020691987997688285,0.0017496076238988853,0.0006336789954162006,0.007366203217543428,0.007737810611449223,0.0038643186610702574,0.0021249029846011486,0.005090058136124214,0.015232355782339023,0.004690787752603658,0.0017910393300239395
254.54314329371348,0.0029491365199027925,0.03134087094349984,0.00047823120586876005,0.0003237765341648225,0.009795383840988213,0.022504582645656673,0.00022369555930077978,8.720104371238424e-05,0.005017767629010274,0.023470950207213487,0.00182499110288979,0.0006153523638018474,0.004879158331366994,0.008560801031918459,0.003852768909133559,0.002151327793325484,0.005502297135978376,0.014324667783377293,0.004686514670055278,0.0017918874387366933
254.47837404605602,0.0025764508160597208,0.031159634829491103,0.00047414116575017045,0.00032443819194273766,0.010125633536395947,0.022600526130450767,0.0002146437931847237,9.456485047103915e-05,0.0035254705661598904,0.018333014071900758,0.0015970707070411898,0.0006737584218745006,0.005021382288167209,0.010750728087520344,0.003737990650768453,0.002143367344630059,0.003698878709668002,0.015215887903912638,0.004694228214614927,0.0017880035725251556
254.41363775146277,0.002697776016980529,0.03132295127054914,0.00047689946556628163,0.0003240305016836429,0.009433148119025502,0.022310315558180926,0.00021283666717208577,9.6243548681001e-05,0.003921527895566051,0.01697791089137274,0.0017868216782803053,0.0006182161206258403,0.00830899353635939,0.012719483607504653,0.00395141111937746,0.0020622360130102954,0.0056383323430656005,0.016165583946838143,0.004687996064832604,0.00178882946496657
254.34893438479148,0.0028986630634240556,0.030896428902361345,0.0004748768237445322,0.00032054108161850805,0.009535246721445815,0.022569733471893748,0.00021725641792675127,8.722602094102446e-05,0.0046825065893700115,0.021822829944794373,0.0017403588923173138,0.0005486874934050655,0.007622078717147374,0.010957546584819714,0.0038379473241287447,0.0020876085224120133,0.005067399725141827,0.014212794262526623,0.004690202067110237,0.0017900278338483725
254.28426392092555,0.0027855163741400293,0.03117001052441963,0.00047572587854098625,0.0003214747608486225,0.009282192634294358,0.021954980228116695,0.0002179327735365606,9.336764911452461e-05,0.00867127440797685,0.022433003780836177,0.0017471383426391413,0.0006962995275991404,0.006888039451932208,0.01368106863756953,0.0038531020765247693,0.002179768195835964,0.004554850788748521,0.015704786455206326,0.004685497674941097,0.001789462374435985
254.21962633477384,0.00275214314625966,0.030881307296709133,0.0004776241890102349,0.00031885579475311027,0.009576579698000447,0.022352003285774233,0.000215295123353233,9.41795493064183e-05,0.006565970802014368,0.02699110329507925,0.0017387158690945692,0.0006288691701601501,0.010002770435474345,0.007931682362586916,0.0038618864987569764,0.002094936198164956,0.005298901263284078,0.014397369753861375,0.004688593569293908,0.0017909790883253783
254.15502160127068,0.0025133893137106156,0.030934303786714967,0.0004871795898557018,0.0003229496150126023,0.009751364706382494,0.02268634072307976,0.00020842618076969161,8.784698137675537e-05,0.00788251471466565,0.018789548368221845,0.0016976775235283824,0.0005512478617245612,0.004004456710043985,0.010382516681842952,0.0038721845790254733,0.0020789917333345048,0.003692860348710828,0.015166660545799553,0.00468638202501568,0.0017867335220365889
254.09044969537607,0.002745752344784352,0.03127302816713413,0.00047465328287914704,0.0003193133261992978,0.009249254314594642,0.02221638309206684,0.0002167344060353595,8.587787813196043e-05,0.006121253566758083,0.024821334342793194,0.0017463634946496029,0.0006374202388173373,0.013087215028082206,0.00991983388566112,0.003861711215482835,0.002194084948557505,0.0045386378555228165,0.015054490496100068,0.00468527655601578,0.0017901213706786017
254.0259105920752,0.0026935672888423736,0.0314564353766154,0.0004800513417621083,0.00033153163733213627,0.010311813019089967,0.023131308442662875,0.00020943979557531018,9.133309153551224e-05,0.009102793197973528,0.019445275496258095,0.0016853979270435961,0.0006676679436298082,0.00909013282361784,0.0053108431538804075,0.0038704337762364466,0.0021656045028757044,0.002344967994367077,0.0156981898541753,0.004688210807477493,0.0017878911681880277
253.9614042663789,0.0026108359909482954,0.030669467962067137,0.00046860167402849206,0.00032539961473860684,0.010274880117971025,0.02217868249686808,0.0002172049618891351,8.769521424695531e-05,0.009974566933053436,0.010331808835501124,0.0016820452184784554,0.0005480118622682795,0.004827858364421217,0.01771880793389825,0.0037846607731777163,0.002077296448728697,0.005073648263268337,0.01842972612234662,0.004679632462895535,0.0017920114416014863
253.89693069332324,0.002861459927705395,0.03130493256335818,0.00048122505906664757,0.0003235129226054174,0.009622904274315306,0.022520887619102144,0.00021780814094704912,9.499466803379181e-05,0.008943697785932608,0.011239959808487068,0.0017927590253584596,0.0006643640965326674,0.008578861725024754,0.010998851768983759,0.0038984165800761603,0.0021228929127101353,0.005988098166179959,0.01765722049166708,0.004692017944302039,0.0017928975273422733
253.83248984796955,0.0026163440774785245,0.0313635043408886,0.0004659134731468384,0.0003263313644801319,0.009714704384086417,0.022204461364276312,0.00021425706375710783,9.552577803845279e-05,0.014921832268516011,0.013594044361098796,0.001748108599152923,0.0006953302953118256,0.00723440824664019,0.010941141593070351,0.003880992883272963,0.0021525094545722613,0.008522353428673949,0.01875546984896443,0.0046751374030990145,0.0017825358843411643
253.76808170540477,0.002755250473200864,0.031004248125369838,0.0004780045578470741,0.00031712838153664957,0.009391412143496336,0.02338109417084532,0.00021513694770789414,9.192747865923101e-05,0.011590190156034854,0.027584617365115246,0.0017364690261031394,0.0007259499068301146,0.013351642681471522,0.005885070288953784,0.0038559970022038806,0.002204763519014893,0.010349717316360403,0.013436338956122982,0.004681782839594783,0.0017898988996856147
253.70370624074076,0.0027095024539508074,0.03127634054557458,0.00047984928525291625,0.00033052349444516487,0.010482406964192073,0.022653647830234443,0.0002163378825850011,9.562389560213293e-05,0.01433493175025594,0.031096173477191607,0.0016333896997152344,0.0006572525601831144,0.006258033577718639,0.013806994037220419,0.00373160307512712,0.002123854543470528,0.003875168653575955,0.012421367712861965,0.0046873965756774,0.001789524770082562
253.63936342911492,0.002603575097945275,0.03101139675062638,0.00046987359885186295,0.00032150109375797016,0.009526904010178246,0.021840038008585798,0.00021436942261643458,8.975429301872792e-05,0.010238589191310052,0.014442482729290548,0.001767837054153232,0.0005799516918058875,0.007533945483785943,0.016394431543698667,0.003920103935717193,0.002073473047019898,0.005378868080750992,0.018301253308047414,0.00468876619871051,0.0017814760361568544
253.5750532456897,0.0026273617096638866,0.030864937576413308,0.00047759026544030685,0.00032158649814367584,0.010200751935570325,0.022953787743692205,0.00021167976071965862,8.581026358174918e-05,0.007381550324570209,0.026660562122101408,0.0015546608491590027,0.0006334540986231735,0.0077617797226684744,0.0062883940740922906,0.0036933967655637177,0.002165391170452284,0.007295471708351611,0.013591979777214803,0.004687626271457871,0.00178110770168226
253.51077566565274,0.002859235244380629,0.030944826076618585,0.0004748622578392275,0.00032584743794651026,0.010757137975481196,0.02155632285955941,0.00021924032088568304,8.823068411527573e-05,0.00804785699883217,0.024675612750577083,0.001783764990771805,0.0004988127539370207,0.015691928041035353,0.027839975191909606,0.0038846397138308977,0.0020319332817717423,0.004359932960229946,0.013942538735408624,0.004687969562912573,0.0017851728873608979
253.44653066421697,0.0024150856818597687,0.03180715145409596,0.00047142732479811496,0.00032208595416553164,0.009476307080454986,0.021011959313882327,0.0002263999408238559,9.391723498538727e-05,0.002857188826609967,0.017636057035185518,0.0018387745619711244,0.0006282102914437544,0.02156502827501461,0.03133800406707525,0.0038588739726297485,0.0021079423084255965,0.0044579664304244156,0.015215782744414581,0.004683633368626556,0.0017980990619572465
253.3823182166203,0.003378636874395456,0.03117424008095776,0.00047184355843299283,0.0003236511022723633,0.00835313778906799,0.02201480904947264,0.00021689965416404254,9.388882069974172e-05,0.006869676021255921,0.021637200927446542,0.0017309041890687658,0.0006910529867011851,0.020787107761759425,0.021272584717895206,0.0038497044894932014,0.0021478706833872813,0.004743976456194025,0.014875271103475198,0.00467858126618124,0.0017828857814558537
253.31813829812566,0.0033539281488141975,0.03037504814829476,0.00048061440000683097,0.00031963181357956864,0.008134372900817052,0.022587013880410733,0.0002154536885060215,8.324406239965827e-05,0.009663904640460621,0.023621294405455635,0.0016443206130123365,0.000498027675606459,0.021182563256042102,0.01675798772691579,0.003748341653471868,0.002036621129775201,0.004245829775432077,0.01484541496761327,0.004682574493521609,0.0017884963054607174
253.25399088402133,0.00330083314575289,0.031745776537910685,0.0004730469908744954,0.00032899545113057257,0.00898551974623298,0.023147612530792196,0.00021705841848716932,8.629920986381603e-05,0.007324548969692815,0.01733084701967407,0.0016482584181015144,0.0006445860191149026,0.017087588709400785,0.0052039784754430735,0.0037401205009523404,0.0021811044063451803,0.004422943130655594,0.015915131784438843,0.004677791815460186,0.0017847880428774963
253.18987594962027,0.0025055411153923667,0.03120409232134978,0.00046666234693635753,0.00032457523089326524,0.01020264927895609,0.022339307489623098,0.00021773340905668749,8.888622407411789e-05,0.005511376308769808,0.02329784936389927,0.0016325759114690192,0.000590540337507552,0.005688817605450219,0.009389764522688838,0.0037148382226515723,0.0021005051290229225,0.005335954283093625,0.015115468307939767,0.004679781728089366,0.0017872176381157395
253.12579347026073,0.0030453775001081113,0.03128161879134271,0.00047284088025315285,0.0003318223573477221,0.009645839634364523,0.022264614977759452,0.00021865602890642198,9.411369282856076e-05,0.0022171495953036986,0.019477912511955648,0.001682514434671168,0.0007221848900819301,0.008403682764332175,0.012613989729838602,0.003765816448280704,0.0022014663486237197,0.00440898243396861,0.0152459176007005,0.004675349495522506,0.0017831477239448898
253.06174342130572,0.002362485842158052,0.031069684697186354,0.00047525998931933377,0.0003236934196384792,0.009149582112960655,0.022565027510558708,0.0002172385596095369,8.865806431191706e-05,0.003549646269878553,0.020228990143554344,0.0016628961982160947,0.0006075531920020078,0.012807178262933802,0.01059389485403932,0.0037609581638109436,0.0021195376709257025,0.005199607929063474,0.014988575139455151,0.00468048142465413,0.0017864091086300246
252.9977257781432,0.002977852906103575,0.03093355396844316,0.00047228626553523696,0.0003255808486753686,0.009044154421208189,0.023147134460787654,0.00021847345915858887,8.568632391184998e-05,0.008966854409658897,0.02312233790906179,0.0017150893355067486,0.0005638281117138247,0.016386358419710877,0.004609731723574086,0.0038062182798642027,0.0021075233408217515,0.003669059846701409,0.01515006737785689,0.004678087732553454,0.001783806830263752
252.9337405161862,0.0026295073726841645,0.03112616961309082,0.0004750896689881049,0.00032048432667041034,0.01098067060087255,0.02327344965149823,0.00022139554309040722,9.280340518312579e-05,0.0029062166328840205,0.017278463782071058,0.001800697577408437,0.0006517858569708699,0.01572886157305185,0.01166408707562336,0.003848623553132784,0.0021254541640199948,0.005072203046610943,0.016411098624554234,0.004679409210836599,0.001784548633391912
252.86978761087232,0.002723836263564409,0.031038531864656646,0.00046592901925549945,0.00032343968430703716,0.010647834698311534,0.021862009055816527,0.00022418098926816772,9.589455767419202e-05,0.004797612458778647,0.01588780300991787,0.001784887771099215,0.0006245720937108486,0.014133487962350942,0.02713616142416305,0.0038243297964756662,0.0020894128597882086,0.004724992310205835,0.015145965994574842,0.004675095308752435,0.001788335088329332
252.80586703766434,0.0028078988651922656,0.03091720433020635,0.0004736919702213071,0.0003281014049520731,0.00901685402532057,0.02218971655174144,0.00021618988505973648,0.0001029346430433269,0.004668459932054102,0.017590157560674013,0.0018155492984051821,0.0007068848206316494,0.015992761275201554,0.017765373822971046,0.003927351393042286,0.002096908707524753,0.004373228629673996,0.015962623582076927,0.004673592774843977,0.0017838065991496485
252.74197877204958,0.0027989573520230252,0.031048080120549083,0.00047362729943177875,0.0003165521776595452,0.009837660191938649,0.022878623711627855,0.0002085677911397293,9.247420967680003e-05,0.005154344802101592,0.016676850396912062,0.0016552716980106639,0.0007456613799966999,0.007939071132181653,0.00814894979186597,0.0038315197727899464,0.0022200297454679587,0.00469724083860625,0.01568707773291304,0.004678025327960991,0.0017870074525861218
252.6781227895402,0.002828191245590074,0.031067045344696363,0.00048222383566553915,0.00032168307785251324,0.009818546398106847,0.021927380877163793,0.0002119324123398893,8.825555716434332e-05,0.004964223979393227,0.01450693945341962,0.0016518075677817545,0.0005788470616136954,0.010064784115554136,0.02032638779407316,0.0037927746132130798,0.0020936950521580474,0.005571377348397133,0.016207866062537817,0.004675478687805437,0.0017843889840023339
252.61429906567318,0.0027447204776753034,0.03090607364554595,0.00047503560990524865,0.000324728370923865,0.008776231075754691,0.02288415513128559,0.00021589835757139856,8.779383722303614e-05,0.005817053111188344,0.02236486899483304,0.001665591821125085,0.000529973304514779,0.016757045050063965,0.008907924522095928,0.0037635645977470607,0.0020567413543457606,0.0053288438875229134,0.01477279401182762,0.004670713789649498,0.001788599688081311
252.55050757601018,0.002869346204066708,0.03096744682958296,0.00047594794620815653,0.00032100669747193533,0.010592389830403854,0.022989036995400378,0.00021453652723970728,8.466776615975525e-05,0.00398709502912328,0.015205466936113049,0.0018462438855505788,0.0006362164813114766,0.010240919094655253,0.011204998215950937,0.0039773135956962325,0.0021931116023246986,0.004595574158440687,0.016173449454702338,0.004675986346737206,0.0017838139417920508
252.48674829613736,0.0028696551113724877,0.030765838887632967,0.00047347563265006455,0.00031517695884999465,0.009924634283064412,0.021892633707638692,0.00021851000217910108,8.879607484925716e-05,0.002580443255765322,0.01861393795220885,0.0017545984827017694,0.0005123188914980685,0.0071568467672607754,0.01965504566015543,0.003839710796013893,0.0020163935228023414,0.005537867617350803,0.015373704073001124,0.0046742023132869725,0.0017936569212158352
252.42302120166588,0.0029856249731355596,0.0309405817995662,0.00046553268147977745,0.0003150430274891649,0.00957121727293539,0.022482249420095086,0.00021735306166230305,9.073031859113575e-05,0.005384507622939511,0.01515670325809886,0.0017385387383994845,0.0006781981882263555,0.008558687749086224,0.012692369338815217,0.003862163237930584,0.002156458223126642,0.004550966178777187,0.015993403205948754,0.004687059728246041,0.0017798506740731978
252.35932626823114,0.0026767431505992302,0.03097312358721873,0.000476465346700997,0.00031871182461264233,0.00983061706989957,0.0225008032752489,0.00021845137839581938,8.512029073863934e-05,0.0020920818434831978,0.017564980349131284,0.0017458653015388842,0.0006271785282710243,0.004870482588198769,0.011144836179539526,0.0038180767431559015,0.0021682725902130483,0.00592615227731945,0.015637809652255256,0.004670076730025403,0.001774900668684955
252.29566347149347,0.0028832768268862276,0.03070061353894252,0.0004755929475509837,0.0003232716739024036,0.00971459583005379,0.022522815303803415,0.0002166865285395914,9.147509602561376e-05,0.00492881716801252,0.014116361532297953,0.0017536626719153296,0.0006290424911706194,0.006241453846051529,0.015215537829737202,0.003874359325781271,0.0021226696972503926,0.004519491954427206,0.015573199706495348,0.004672717501809286,0.0017776992793123035
252.2320327871375,0.003081734379957943,0.03114440706326656,0.0004708675966631779,0.00032269014459805655,0.009578962699195276,0.022066113635895175,0.00022128341928191042,9.551733336191874e-05,0.003438323810862448,0.017689540226043993,0.001845206281669052,0.0005708157928875417,0.008229463815502318,0.014356754955730671,0.003901067819938269,0.002003066150435848,0.006224364014424241,0.016171371234279582,0.0046625971506013926,0.0017814218227385663
252.16843419087243,0.002851066305932024,0.030832153046058908,0.0004724239525467306,0.0003218263775969958,0.009796527029207571,0.022457572265894777,0.00021409287873724525,9.182936946008037e-05,0.0032788791619088225,0.01870149970823188,0.001632768509590167,0.0006403469180761643,0.008721001238116123,0.012763132105722226,0.003750645178444222,0.00212315922425861,0.00504751261056113,0.014775446589029694,0.00467430283219387,0.001786587551349067
252.1048676584321,0.0030441297405426246,0.030883862537561327,0.00047524461348614377,0.0003201403485299191,0.009451716625021575,0.022388239151764043,0.00021182865972225432,9.070229114746978e-05,0.0009646789218835106,0.02030922800629758,0.001805915845877482,0.0006343898235416324,0.008852327109691593,0.008465127417037527,0.00395521753237904,0.002138576272991644,0.00582499624865011,0.016099383237546474,0.004668537668496697,0.0017788419907722236
252.0413331655746,0.0029488437798586026,0.030800589756077364,0.0004741688404849769,0.0003225467288465047,0.010317027357182111,0.022978400174237926,0.00021058347614330596,8.446847039229228e-05,0.003928961882228201,0.01874365861445148,0.0017441893495202684,0.0005130522689118908,0.008032873964731149,0.006689013186960994,0.003914087554342058,0.002055733521092071,0.005487235796610604,0.014765399083398106,0.00467200110115746,0.0017829656890344144
251.97783068808266,0.0033923458121385888,0.03123276379430025,0.00047348160424896173,0.0003213800696140006,0.009733350648472468,0.02203648152258076,0.00021824556033893955,8.798811210905576e-05,0.004389944474723274,0.016405461527458913,0.0016443070164100211,0.0005896259361143272,0.0053856257999585246,0.015729131453916956,0.003710430716042679,0.0020919328342658815,0.005901832994045821,0.01626362162942648,0.00466826962596993,0.0017790425725241693
251.9143602017633,0.0022204818065542625,0.0309951256248279,0.0004705032155308611,0.0003204610211899697,0.009662899096117464,0.022218077094063503,0.00021884880883069754,9.487168063517608e-05,0.006104127704048088,0.021483809890999815,0.0018526407815775924,0.0006629118291640362,0.011872601831684631,0.015417314636618192,0.003953072287064266,0.002113981765844964,0.005597958123116014,0.014573852699464806,0.004671963181895659,0.0017814831492619183
251.85092168244776,0.0026952880548847345,0.030416291045214865,0.00047272919639967167,0.00032122570984048545,0.010141495529096895,0.0231262116747899,0.00021932237301717806,9.362169768425494e-05,0.004228302659985594,0.015310065816711797,0.0016985248526837121,0.0006280208415983526,0.011349828432794822,0.006448154933404526,0.003760962921099433,0.0020694415191630793,0.005564017781774761,0.015824793112481316,0.004667730464746705,0.0017788940557107217
251.787515105992,0.003754931916772931,0.03066056968667941,0.0004722842468525867,0.0003232139178822311,0.009644414534419894,0.02198094348359095,0.00021766955407721914,8.958584667052138e-05,0.0042666308402741935,0.024668701620702713,0.0017690652634351535,0.0006199804400736235,0.007057001217812223,0.015667162302141293,0.0038617977026803247,0.002142251026900396,0.006247505046680704,0.014022978968220762,0.0046696064725461565,0.0017805739816174925
251.72414044827593,0.002712766558364903,0.03171712805710833,0.00047424279546039443,0.0003221894689714501,0.009470919615739603,0.02204447569940617,0.00021723184874388788,9.546094151292672e-05,0.005208671384761092,0.020116932402687665,0.0018313733917320208,0.0006876365700400923,0.012262108989673153,0.012867703471845036,0.003927954295163482,0.002124112023431764,0.005152002329464791,0.015592093757773496,0.004665421531594075,0.0017780436207471765
251.66079768520385,0.0025161514917805662,0.02930241705566419,0.0004754816176191518,0.00032289926368036067,0.010246778504002803,0.02280432245350071,0.00021908875156688044,9.529909527424173e-05,0.006985352157430711,0.02390470908820657,0.0016682075948859594,0.0007451866473702955,0.005750039653846157,0.012068545506665503,0.0037258166745982157,0.002189491158361485,0.006396705830553267,0.013714503936673856,0.004669282354233585,0.0017776758456050353
251.59748679270444,0.004990886117268413,0.029988620133775023,0.00047105987159132013,0.0003221485938138598,0.00944514092926225,0.022228736864478123,0.00020881939972954074,9.73334105909888e-05,0.0023878540055917107,0.025978287328005896,0.0016119867886898848,0.0007736640308426321,0.007666168453191196,0.008166846438033441,0.0037770498517512873,0.002188196301387561,0.004927702124964881,0.015082114567765198,0.0046671121659680225,0.0017742548393618297
251.5342077467304,0.004741982697444309,0.032618587308062025,0.0004753390721572805,0.0003259203562152977,0.009516421232668451,0.021797584900412934,0.00020952467722755447,8.90498377616501e-05,0.012634698521893617,0.02806241518761678,0.0016103265895827776,0.0005062994571540665,0.003853126970431055,0.014037536876193826,0.0037886581309930383,0.0020112253964265775,0.007636549378816738,0.012797698267273576,0.004673196519648172,0.001778928438270804
251.47096052325878,0.0033417718234259905,0.031229830881278182,0.0004783606818417399,0.000321036992301938,0.009924145955270318,0.022104319843981857,0.00021441772769949696,8.863405454327526e-05,0.009915687413519518,0.02336887217775263,0.0016954729410745585,0.0005894875788479608,0.009528147552070711,0.013124109756006747,0.003796588276874611,0.002082541187569717,0.005975832325771436,0.013969977300790316,0.004669350432481711,0.0017830783175440948
251.40774509829066,0.004831026655168345,0.03365763139991822,0.00047274515176464735,0.0003168499722089366,0.00958925666221513,0.022052353311792776,0.0002146625387880919,8.699760386386022e-05,0.021936864968675574,0.03271200034363941,0.0016548579581017577,0.0006161521095208568,0.010685978299096923,0.007670999004133428,0.0037781417299451938,0.0021543028055910052,0.012102377916222758,0.014357866841252209,0.004668442980637244,0.001788126650113525
251.34456144785125,0.005241605692720239,0.0339077433039138,0.00047486259210285367,0.0003193913152445438,0.009638198129398064,0.02168974341047364,0.00021397145864046624,8.587139317797925e-05,0.025671197640004407,0.008915295609124962,0.0017341807474809976,0.0005479029691892478,0.003754134351898278,0.012394049759765926,0.003846823566376639,0.0020824204108310282,0.0115550135843461,0.023544660429160723,0.0046566840969277795,0.001782668478060576
251.28140954799,0.005126867633895996,0.03581493776413762,0.0004701439472839623,0.0003147370410129039,0.00997575102445902,0.021254541980948234,0.00021638985616636853,8.592956908843436e-05,0.013809086508775367,0.02053551751440893,0.0016964603322980275,0.0005427685710226837,0.0062973467167721855,0.012994526536194586,0.0037799628332426194,0.0020646045207816308,0.0013162170913378513,0.015815183815272138,0.0046576102497449525,0.001775052091800036
251.21828937478023,0.017246140676128455,0.02923335759432491,0.0004713672364796027,0.0003189110657767392,0.006800294094334113,0.023788338968656647,0.00022266172585049806,8.560670182485803e-05,0.003911408045190502,0.017465660420115072,0.0018114780365662928,0.0005396645086605971,0.010030122235466109,0.010144372464629904,0.003854309395442074,0.0020622173970856867,0.006636317422659575,0.015502941185666173,0.004664133707866943,0.0017693640124177164
251.15520090431949,0.007935565418334506,0.023107541118332568,0.00045509951651597906,0.00032030045446212525,0.010419101654939566,0.024361592084086087,0.00022672575848127607,9.09219015455613e-05,0.0037991887864455226,0.017899110432249624,0.0017728096043828653,0.0005702616233953502,0.005471296949117432,0.0062559249935367775,0.0037874625861258238,0.0020555886837098627,0.004336845770159049,0.015757354739022417,0.004671856752804685,0.0017794467139599314
251.09214411272916,0.0056820335505062,0.03459918906622621,0.0004934826985997902,0.00029570155755403077,0.011693899577067662,0.021905556419316605,0.000214234773023731,9.346126492537953e-05,0.002554217702318029,0.016996185301390077,0.0017203729192543477,0.000580124425464339,0.002099412882952586,0.01338881513167492,0.003807611605458093,0.0020139572202235423,0.00536162093930036,0.015402440968926663,0.0046613692454028416,0.0017824526191155099
251.02911897615465,0.011549824987150513,0.019478981778781084,0.0004862473304258431,0.00032823992820823486,0.010887059458205776,0.025355444648647165,0.00021237897783112414,9.247167958533877e-05,0.004998084317815922,0.015422763646784245,0.0017766177331572561,0.0006008497884537127,0.005936148053417217,0.006600703856934706,0.003893710597597555,0.002074582758690019,0.004487980418541315,0.015442221689177624,0.004662385626413632,0.0017764782701997957
250.9661254707654,0.008847917388884513,0.028592693418262496,0.00045614721432900605,0.0003323937941589587,0.008877306995838346,0.023160078053856024,0.00021627306236887437,9.269779775624012e-05,0.004733266700230715,0.014054169232066286,0.001669994876494259,0.0006372251402619386,0.0011970840643931585,0.015226381814947405,0.0037756524063161366,0.0021212244388238454,0.005129205136055779,0.015482278457888752,0.004661862283024346,0.00177835576859192
250.90316357275466,0.005085414699005179,0.027181265574369846,0.0004920513708616251,0.00034286398484398474,0.00958749103781523,0.0229242110760064,0.00021300030300614828,9.321741231690172e-05,0.002098378060429437,0.02070391703597943,0.0017383282443111131,0.0005653582512469326,0.010124809606146996,0.012235033898529316,0.0038504681707689447,0.0020535074110470354,0.004776862606771337,0.01525060589755876,0.004660935961574883,0.001778181296728548
250.84023325833962,0.009524232698170964,0.03293910311974845,0.0004865646099902691,0.00031882790177960177,0.008423003948288075,0.021932813408538684,0.00021581308294634156,9.084826684899031e-05,0.006012236136159031,0.02087464513055678,0.001812486806277599,0.0006038136766454736,0.004758566231953258,0.010081117803737057,0.0038881468025863375,0.002089008245713592,0.004925591802038131,0.015659287390043027,0.004661854375183308,0.001778722478431094
250.77733450376132,0.002180327814050576,0.033017780532927726,0.0004827241768175512,0.0003253262609398364,0.010217313428082617,0.02199579015402484,0.00021436491692046198,9.348978558048215e-05,0.004111710266636479,0.02114148361798695,0.0017534912388615133,0.0006611603915859435,0.009520655096244229,0.009251331640319244,0.003855679666891609,0.0021276903370207423,0.004469659125957522,0.015113445908320873,0.004660954283828742,0.0017776867599646367
250.71446728528454,0.004860776799521982,0.028995707464748888,0.00048155804383472967,0.00030927387487348143,0.009827458115632036,0.02303589314185909,0.00021239910833936536,9.430029360611155e-05,0.005063940799988448,0.018358288203427258,0.001714211850276211,0.000673127661464917,0.0031484581843122758,0.007779020262753802,0.003824230227865287,0.002108721319485762,0.004725154717428026,0.01537084942623729,0.0046607667388710895,0.0017769165433858237
250.65163157919804,0.003859437908840813,0.0331845845157983,0.0004674620836697408,0.00032183851252938646,0.009425257585208003,0.02197632157158848,0.00021314945072246373,8.597682494022292e-05,0.005678749648273237,0.016015403121082173,0.0016164650080637947,0.0005945961267613699,0.005419184046020951,0.013971474447997255,0.003742738461240392,0.0021252190072257623,0.004848591846654001,0.015155258125843635,0.004658683947128075,0.001776800797402842
250.58882736181414,0.0024039582075614757,0.029793832876879724,0.0004800208631545524,0.00031873673222778407,0.010269431540849064,0.022460897191178317,0.00021194061655200404,8.710962068289257e-05,0.005114220738213713,0.017607375676948752,0.001717724193134604,0.0005131394590351109,0.004366214267768191,0.01298952717043455,0.0038380013004300157,0.002033604438960231,0.004658181613243515,0.015598470092810783,0.004656397238928024,0.001775824323165559
250.52605460946896,0.0044820668089890475,0.030798377325691597,0.00046943724815933966,0.0003183646054113554,0.009753749109490955,0.022547167461272007,0.0002183361986819442,8.554148454026558e-05,0.006107188355807014,0.014426288833242495,0.001749068111223985,0.0005066072698065896,0.007185232038430075,0.014015547430933152,0.0038164723015788682,0.0020478350928659315,0.004938220420613508,0.015287299302452506,0.004655260288334661,0.0017812424684485184
250.46331329852245,0.0038704992820273077,0.03137387362648159,0.000476784646666334,0.0003247487659307029,0.00968492483965564,0.022484347563920974,0.00021911839966355938,9.178108272218684e-05,0.0036704962198916657,0.018142077850536713,0.0018052619417384828,0.000596968431112296,0.0052899075826226,0.007474901456323718,0.0038615217767248486,0.002085358736386469,0.00467217789820273,0.01550486297780663,0.004659457955844715,0.0017795259918252629
250.40060340535805,0.004574743584750853,0.03310401407616793,0.0004787021137866854,0.000319689198904976,0.00969160052871435,0.021638897712066882,0.00021559880996675646,9.483111444634437e-05,0.0018591041627851004,0.016821687900019824,0.0018173623659130164,0.000633555378829213,0.005355083128003099,0.01635739413003662,0.0039069406761638534,0.0020728129996138,0.004925119757983522,0.015326253705017721,0.004656483903699199,0.001775945541685585
250.33792490638302,0.0025871320848961598,0.032459993447827025,0.0004746241552609691,0.00031743826148214455,0.009786430847164225,0.02208678500715257,0.00021009950620224144,9.302194804073637e-05,0.0053994118781679895,0.019626612565555594,0.0017076487926521073,0.0006409704657541544,0.007409067799446863,0.00885044968578817,0.0038524549031981803,0.0020954243095144057,0.004734668759596343,0.015507198727404657,0.004656575693780188,0.0017773815499851206
250.27527777802808,0.0024658187278975394,0.032090046757379385,0.00047071349895942856,0.000314291340238371,0.010436224915370078,0.021964796607111856,0.00021415282937252436,8.748403401125232e-05,0.004748040809665333,0.017122554744910447,0.001675936888622081,0.0005975723203300704,0.004591103716511869,0.015514028720933812,0.0037897630276722584,0.002101106108455289,0.005032447604832483,0.015368235975894037,0.004658964241621873,0.0017794036338784605
250.21266199674758,0.001869256427254722,0.0313293236555993,0.000467590418433045,0.0003184575693534517,0.009616118875242186,0.022136697200440317,0.00022083053455900726,8.098508878709563e-05,0.0031853106251641208,0.019942775155009126,0.001769949636578882,0.000527348712832794,0.009328528226980768,0.011999550704714305,0.0038238635854080994,0.0021077752413414196,0.004768304318180075,0.015329159215960632,0.004657009997093932,0.0017766841346280834
250.15007753901955,0.002872706310796146,0.031455866193312754,0.0004699363342451999,0.0003184602856797329,0.010191132278117068,0.021941396917317155,0.00021990901104838292,9.313934296590015e-05,0.0038037319066690635,0.021817295622416934,0.0018265460548863768,0.0006275169640065989,0.0010253632785279787,0.010909987683400376,0.003889604042220064,0.0020845426047661213,0.005016613611435691,0.015448933579762937,0.004655912518724393,0.001776546884666477
250.08752438134536,0.00181358748932439,0.03139128793418052,0.0004690071731889189,0.0003211080388180199,0.009853389225706017,0.021698600068196048,0.00021723756127882602,9.341467871016375e-05,0.004758245950934577,0.023586944246846694,0.0017308721876136593,0.000652474642251374,0.005907409699722645,0.014041215740543605,0.003804324964257022,0.0021167721711811915,0.004774804563178699,0.015308211196153108,0.004654088599378369,0.0017757499691075796
250.02500250025003,0.0026425095577750192,0.030865687793920994,0.0004714654457589766,0.0003190155074243119,0.010407920535760038,0.022207733256515046,0.00021411597325322228,9.07694447929778e-05,0.004646660663347838,0.021721613910041675,0.0017081908637388969,0.0006436317196711232,0.004363421792380693,0.009095963055129008,0.003815020176536026,0.002128850408377378,0.00498759561621941,0.01550729004917407,0.004654071583735527,0.001775927027443756
249.962511872282,0.0025887843210871675,0.031759700286611306,0.00046913021440003554,0.0003212403040655336,0.009939314469328204,0.0216993119335396,0.00021654179643911987,9.373718974393575e-05,0.0005163290534568138,0.021946612964004967,0.0017491457958612225,0.000595904845067718,0.006956965582458676,0.014201269195815535,0.00383935970824182,0.002052431968786222,0.004871304388621379,0.015327328107758432,0.0046536316306519535,0.0017750752756202435
249.90005247401302,0.0023241012865986214,0.03145320976930744,0.0004720407126290677,0.00032120001806512584,0.0104808763299505,0.02262143008079397,0.0002153455062356336,9.081020402377446e-05,0.0041213873088767165,0.01753410102236874,0.0017138289353913025,0.0006307153034464472,0.005819305147523769,0.006999797127128974,0.0038091509628165234,0.002108635600790905,0.004994692263639432,0.015451761392333813,0.004654001484357433,0.0017745146674439344
249.83762428203852,0.0022700126545215095,0.03148882254798227,0.00046975219733541763,0.0003166564373152386,0.009778001900503683,0.02195145586788097,0.00021887943804882115,8.96433459998352e-05,0.0035981885804984817,0.017883160524908643,0.001680413090271925,0.0005768252612399322,0.006078239700581688,0.015232516595579261,0.003737354544168323,0.0020612662853435266,0.0048980085257293625,0.015305157730703038,0.004653044664728257,0.0017741118180036076
249.77522727297708,0.0019627606099731553,0.030974478155615808,0.0004687007856902733,0.0003214078871700925,0.010286613155942186,0.02236716999203181,0.00021470413823033999,8.83069553336821e-05,0.004683074570674075,0.02211329143294868,0.001725595725270033,0.0005858746491898615,0.008406154370699302,0.005194879613519084,0.0038276879614500365,0.0020900965760916766,0.005011201276691007,0.015511073049245611,0.004651627025968549,0.0017746007382018396
249.71286142347068,0.0022233510458856687,0.030912412396435596,0.00046954592924132953,0.00031929266333627327,0.009647620017441877,0.022178068193488467,0.00022076751864796325,8.862649790809238e-05,0.00519296022866183,0.01715689462623926,0.0017403113243345044,0.0005489323859160216,0.004207816142376787,0.014205114193060912,0.0037914562520700496,0.0020554048311147767,0.0049673848437122815,0.015283697833085025,0.00465224971616599,0.00177498576504111
249.65052671018478,0.0024311895890811413,0.030916472843602993,0.00046826492294640894,0.0003237388465988991,0.009964990096306662,0.022476042165163287,0.000218621563155354,9.44808060524382e-05,0.001283523890630371,0.02230889553337534,0.0018136573573547198,0.0006148120899037063,0.006530906798782006,0.0043842747530362085,0.003869444530688971,0.0020663611484074327,0.00500644055424363,0.01530534763600287,0.004650705857169742,0.0017752695763962436
249.58822310980784,0.0025086169167845415,0.030968136979704488,0.0004734473540100662,0.00032153384337721565,0.00987889457277156,0.02208360273319443,0.0002157259990217393,9.275045030459489e-05,0.005667570590286038,0.018920449609296935,0.0016847868969872763,0.0006399995904221525,0.002608243683778755,0.013769275825838732,0.0037717937507100994,0.002110176992777638,0.004997164498558584,0.015264816278371122,0.0046539091281912115,0.0017754177631023427
249.52595059905192,0.002652218098543634,0.03077150612393213,0.00046955997480506174,0.00032031458945443994,0.00990959392112813,0.02247414911464085,0.0002144934277247504,9.238697340616656e-05,0.0028287444260670365,0.020498126002899384,0.0017275208767526314,0.0006102214682221628,0.00656303235562111,0.006304145535068274,0.0038385208276637242,0.0020735434393385392,0.004928163562769108,0.015415611671036809,0.00465623861213053,0.001770137748569611
249.4637091546521,0.0023843095501438387,0.03101689361495364,0.00047229287533743326,0.00032074789307718254,0.00999414720068624,0.022030488431392183,0.0002110865084818222,9.14130503815924e-05,0.006875109429920222,0.02107822317443588,0.0016967541325587953,0.0006426807902836791,0.0031304378963145107,0.011768758109404899,0.0038264660380167466,0.002123712093461453,0.005082639921339974,0.015306776877284682,0.004647754079771669,0.0017774837008786815
249.4014987533666,0.0024235089751101562,0.030920019857403704,0.0004697561751484908,0.00031659460527376824,0.009959478924554338,0.02217972330692833,0.000212847328955312,8.864991490614181e-05,0.0013662601191319185,0.018144438093709876,0.001720770382733123,0.0004607422404453225,0.005262943545765667,0.013048856870091833,0.0038412688436508325,0.001960280554418853,0.004951850584410272,0.015398257468097485,0.004645191297097311,0.0017736462518018084
249.3393193719771,0.0026811916864626474,0.031075687085120245,0.00046879096670954636,0.0003226262453427225,0.010167184251073536,0.022245493605309148,0.00021488342318404943,8.994158373167912e-05,0.002286800150085491,0.01953838274260061,0.0018306722084986597,0.0005991368966641606,0.0007030288280286524,0.011031788488620171,0.003915375772795866,0.00209077159663395,0.00505551896671543,0.015235625756517705,0.004640695882151013,0.0017776341986508182
249.27717098728814,0.0024406014128466984,0.030835594079622268,0.00047214773462868646,0.0003204262834524811,0.009750000921467435,0.022077369655697895,0.0002149070222655561,8.671051035103075e-05,0.0023395164383794567,0.01833744135493712,0.0016184730840976909,0.0004915687316881325,0.006436823081428851,0.01418397063071735,0.00372072801919197,0.00200845642680774,0.004959422296854083,0.015336368299720888,0.004649469222542876,0.0017697827151993116
249.21505357612762,0.0025870245362262594,0.030976334035568372,0.0004730354498069458,0.00031879907773587685,0.009981534041466207,0.022228622544918968,0.00022016717388588324,8.667367068596201e-05,0.003416166602067578,0.02032575059005607,0.0018644218287108471,0.0004994396810205205,0.0010813281699855667,0.010527632724603149,0.003901543062721696,0.0020324846909995048,0.005235893034147962,0.015091081690529955,0.0046493761576728585,0.0017730424267870212
249.15296711534634,0.0026013942807239583,0.031081978364910546,0.0004676421254148875,0.0003239513160808226,0.009753620066732907,0.02217367261237013,0.00022257810996544975,9.001284513627763e-05,0.0031500894133487645,0.016780025822967268,0.0017702432928600506,0.0006025732251707614,0.004290155318282436,0.012293324626123873,0.0037944635189639956,0.0020951925608070207,0.004822285775353131,0.015776751952634113,0.004648122996478593,0.0017731425037542778
249.0909115818182,0.0021298313051377176,0.031049050206194823,0.00046991509715254036,0.00032207488831709685,0.010366308445524766,0.022217695547208278,0.00021780122850680763,9.549857270067636e-05,0.0011828828271953124,0.021250950698019237,0.001757992904710809,0.0005992236662805982,0.0019205893697106968,0.00889360033405534,0.0038268156911694163,0.002033847139694281,0.004706617237501344,0.015386105090524283,0.004647859604505476,0.001773025097465919
249.02888695244027,0.003334899327746793,0.03110013714258175,0.0004691044619988816,0.0003174492283342409,0.010033001739903936,0.022196891106858678,0.00021503316954970406,9.408077225331569e-05,0.0018842716600640616,0.016865860262702367,0.0017614696978276935,0.0006108687116774495,0.00249891502892645,0.014157791507758305,0.003849619029340045,0.0020529231483593416,0.0049928888402621325,0.015319699972934857,0.004646723878668703,0.0017730513018425916
248.9668932041325,0.002736208464768606,0.03072992564237366,0.00046928921744162174,0.0003158655782069494,0.009869478282207076,0.02220980086449746,0.00021448075125868356,8.978556571021176e-05,0.003929337001568951,0.017709387300267276,0.0017003764179386492,0.0005850514150296035,0.0017207656373533552,0.012689877149637258,0.003795727923901784,0.002061058271178514,0.004917796175575269,0.015330523575320817,0.004644898393601434,0.0017724255768481105
248.90493031383775,0.002329612977148926,0.03111547002047686,0.0004733370416769219,0.0003185727242522096,0.009913718192767353,0.02179809557810023,0.00021500222064047792,9.393225668688397e-05,0.0044041583679138244,0.01988339627733535,0.0017313830607414025,0.0005847832858373965,0.006362891972480277,0.015936901289035656,0.003820974678229233,0.0020396364942150773,0.004931355487354192,0.015336045295029228,0.004645425996950282,0.0017725582472916585
248.84299825852207,0.0027666275492457017,0.030339263306590834,0.00047117735276296514,0.0003168880605418004,0.010072386817062184,0.02246622940633641,0.0002167391753608978,8.866399455812194e-05,0.000603235358340296,0.01944790920455911,0.0017293542981232969,0.0006178798947418538,0.0047745571891524095,0.008983341724412655,0.0038042721325475867,0.002113344582496944,0.00495139988933055,0.015278034247862915,0.004645748687766899,0.001771722310672977
248.78109701517414,0.003156762187305855,0.0309426551244737,0.000462373667773559,0.0003204653188225033,0.009868546724421062,0.021765609989466316,0.00021449233601174994,9.239179230641296e-05,0.0031037541615552286,0.02068788601478963,0.0016799302741773642,0.0006144858483292167,0.005181792342470322,0.01484066808786023,0.00378736637524499,0.0020764390328851428,0.00484406148639869,0.015406059494584847,0.0046463916414171925,0.0017715734620083533
248.71922656080582,0.002812000046403469,0.030840686973748036,0.00047435138861520124,0.0003217052911211624,0.009731205630224454,0.022102940883548822,0.000212190763703701,9.181244313445522e-05,0.003331338434840972,0.0200329634991938,0.001713689827152062,0.0005750000849363255,0.005426227000691493,0.013080099446732892,0.0038244368311718593,0.0020450142223392264,0.004880892378450003,0.015298775574810049,0.004644991003678709,0.001772761009393023
248.65738687245158,0.003045328855680914,0.031131253716607125,0.0004697887084703382,0.00031646782053709434,0.010085995289832199,0.0220920058712175,0.00021384636657514322,8.859590616846573e-05,0.0013584111645166999,0.017882954838987677,0.0017219766642327368,0.0005746953823522153,0.003695484967113495,0.014666743164509902,0.0038189937195806834,0.0020696117477642536,0.005156858088076319,0.014808694368465401,0.004643150538857676,0.0017714704612672987
248.59557792716882,0.0024421588231068538,0.03100127453451694,0.0004710167161023961,0.00032023555524581253,0.010115960442488392,0.021757962232928002,0.0002140651774666287,8.917330322175369e-05,0.005251981859653191,0.021658012260436465,0.0017274996793727744,0.0006278311650956349,0.006374229058969213,0.014277930102323243,0.0038283623102429534,0.0021225228600372185,0.004920219503373097,0.015225304292911527,0.0046424419812901106,0.0017715461353484286
248.5337997020378,0.002693260268201605,0.03082804393793962,0.00046974810004536395,0.0003154473745969293,0.010322817613672859,0.022095839029180633,0.00021726912180686597,8.46013556460093e-05,0.005271721680288357,0.017537507778924332,0.0017369316387395796,0.00045075937120374793,0.005598907665794736,0.015180228479008486,0.003805375397105462,0.001987180040731995,0.00505513958125587,0.015378632538094256,0.00464151215195731,0.0017723238377739777
248.47205217416152,0.00261286499776086,0.031016780839018914,0.0004668599775731143,0.00031888001881684734,0.009529514884040436,0.021831630958517347,0.00022291586039065105,8.628201044255008e-05,0.004983316544928275,0.019402074417368114,0.0018348657156576392,0.0005757692340791258,0.007154230577543574,0.014582134455198938,0.003850809144438986,0.0020981442041731616,0.0044141658216859505,0.01641061744394136,0.004643778166344196,0.0017732901897602917
248.41033532066572,0.0025806333706718983,0.03085682763741015,0.0004692563894629021,0.0003188883627657962,0.010072084762159692,0.021433903486569535,0.00022165295919532175,9.457977491895904e-05,0.0050834072981687985,0.02791920717966832,0.0017534953477422888,0.0006602189244482643,0.005952110143500135,0.011781019252704325,0.003783101922676857,0.0020997431168180065,0.005381067884911066,0.015552597258260137,0.004642086370868638,0.001772616430576841
248.34864911869883,0.00271577532620044,0.030833000453730896,0.00046708388917033103,0.000319633877193996,0.009842430355888516,0.02179836804596371,0.00021526614870382205,9.323945864962459e-05,0.0029618870113268807,0.021174967927346286,0.001693192548287493,0.0006808353476822537,0.0078011742409532965,0.015456343872560304,0.0037629026680009964,0.002117436074633978,0.004987874944836403,0.01494514381894794,0.004635972908520304,0.0017647781345032653
248.286993545432,0.0026639916911538226,0.030883173139303756,0.00046846006646429395,0.0003217107360519674,0.009990972300274594,0.021790785091067095,0.00021242753126750135,9.551504092728593e-05,0.0033560703981013857,0.022391250894388162,0.0016267165196231972,0.0005891582087310867,0.006831917037513118,0.013899474611644633,0.0037369503363868764,0.002028074023197756,0.005084133615842452,0.01479555018645683,0.004638959588913845,0.0017735732805849074
248.22536857805912,0.002573776315655935,0.031007684766156635,0.00046895353961192706,0.0003200134424437334,0.009856637818340556,0.02154886522816584,0.00021630689270367114,8.735861759048454e-05,0.004166419849142243,0.024200529520807364,0.0016674711541658244,0.0005055198620049269,0.008898287341676369,0.014301714754150886,0.003738964390035472,0.0020220773776788263,0.004932057365023451,0.015210804837106016,0.004638353094191228,0.001771835743855532
248.16377419379654,0.0025149111537952546,0.030826627899980297,0.00046887042941724447,0.0003208171060348363,0.010180642211117176,0.021799586340439797,0.00021901103610654253,9.160746457170545e-05,0.006527015077827839,0.025038089742798607,0.0017916640710861165,0.0005766580701107979,0.007163000286141303,0.011319376260537152,0.003839021819031014,0.002055654398169388,0.004910463574608794,0.015389665572191596,0.0046394185494849785,0.0017719226361733555
248.10221036988344,0.002561622787113838,0.030927111226093446,0.000468616713532784,0.0003191668629615692,0.009812422688355709,0.022102588054003638,0.00022313313872837675,9.456019085726519e-05,0.0019051896271678687,0.020469553619304765,0.0018469194473463048,0.000637126028109668,0.008193881899045874,0.013058543022235481,0.00385119748635886,0.002079050398521887,0.00503064501795129,0.015448130390142534,0.00463776591954808,0.0017701951587140155
248.04067708358141,0.0025225353924582528,0.030784440197675587,0.0004670108839793919,0.0003194301822977662,0.009703546866058293,0.02179457609711194,0.00022118797379664667,9.551634400191225e-05,0.004476893875194181,0.02309068244355208,0.0017903389567641048,0.0006244667533459329,0.007297706885530718,0.012162708437985056,0.0038235417386612088,0.0020608018110759227,0.005101677324780493,0.015231862584307965,0.004638248652852066,0.0017711190770253796
247.9791743121746,0.0026402202279145587,0.030843750248004332,0.00046485285739184646,0.00032017192964366344,0.009611875318246225,0.02158927893338406,0.00021430711281709546,9.2891254628726e-05,0.006250123402298629,0.02609220138301426,0.0017296034219767226,0.0006516378949757577,0.010120692646928844,0.013719030915981952,0.003829411995622427,0.00211768398073623,0.004953644344082167,0.015284818548524518,0.004639227880074626,0.0017685391220411677
247.9177020329698,0.002524525588034148,0.030854033473539537,0.00046576161649160096,0.0003267948172471868,0.009922326624940456,0.021656168768947923,0.00021614250968474344,9.163582693216135e-05,0.007959469213428818,0.026981817146365633,0.0017047178999357374,0.0005712770490433282,0.00957687894509811,0.010127516042208105,0.0037816903189642715,0.0020460370450281614,0.005026036577524576,0.015253592728753752,0.00463763861565299,0.0017700947802785773
247.85626022329623,0.0027121938189759447,0.030728085425801833,0.00047264219221338427,0.00032413189544305485,0.009999462173194584,0.021611690667047323,0.00021274096228146453,9.217943539747175e-05,0.0068690590110846595,0.02677725789684281,0.001716409843566052,0.0006080901707928079,0.007325306195501083,0.01231335836133302,0.003811048603283843,0.0020713544826730496,0.004857905253475354,0.015242892030781479,0.004637015334666166,0.001767365645441107
247.79484886050548,0.0025971968521926497,0.03085094482356062,0.00047130223742262854,0.0003229916331401793,0.010236006964211699,0.022090773955015835,0.00021649577025495837,8.977946572582739e-05,0.006081810080702409,0.02380318759692701,0.0017966946706228113,0.000617034451607625,0.007947062126442915,0.008359597686085518,0.00385990519238532,0.0021044731184504725,0.004893018669276113,0.015359513425597974,0.004633168947177407,0.0017680047614485237
247.73346792197182,0.002506968528871176,0.030746191440881875,0.0004754922179889093,0.00032037516677231923,0.00997429439657549,0.022133671818750252,0.00021702610280432128,8.982340279349472e-05,0.002717158842359141,0.020284273873185914,0.0017617409927116353,0.0005635285923248087,0.006838448724666736,0.011875823995838386,0.003809185195234973,0.002057826397234589,0.004949929268238045,0.015372231769281104,0.004636150836670527,0.001772865278374579
247.67211738509164,0.002589866068834748,0.0308864242354729,0.0004664678673958568,0.0003197694772279467,0.00952375971484534,0.02233226462303396,0.0002187327058505541,8.895705362097552e-05,0.003369109815195586,0.02280356742269813,0.0018267688871968551,0.0005955326307426823,0.010550347302963833,0.005869229947547359,0.00388414758044569,0.0020859330999390647,0.005073885732629097,0.015354004201942693,0.0046377090404959844,0.001771973397267143
247.61079722728402,0.002533834938980594,0.030781126070221272,0.00047157420759960514,0.0003260615510576849,0.009652776871865767,0.021973426024574905,0.00021673830546702763,9.312420367878425e-05,0.004083775239230792,0.01950317551490055,0.001806298125003519,0.0006005413601624136,0.007334776574128752,0.014563450549323611,0.0038703059841306057,0.002072002156901333,0.004972033821772696,0.01524140567730921,0.004635096709372742,0.0017702365534548123
247.54950742599016,0.0027068185940061448,0.03080140407415853,0.00046988155880734833,0.00031810363837363556,0.0096247451345864,0.02228311205256667,0.00021166020083071706,9.009767403601787e-05,0.004816353782216001,0.024638703349462738,0.0018000659655234004,0.000662059567807789,0.008896597263704595,0.004523915373321027,0.00389932342796268,0.002122882193765219,0.005050663701172771,0.01540054081072672,0.00463337804569604,0.0017661746877595912
247.4882479586736,0.0026714414600051664,0.030770493288384663,0.000467508703585253,0.00032908010558104433,0.009795202226600883,0.02188808575824456,0.00021268429232006636,9.59957314483318e-05,0.0031501586522233098,0.021352150412865038,0.0016146085787015322,0.0006768286710764753,0.008007647534443869,0.013392265575063058,0.0037244439992209825,0.0021198306946950086,0.005008267873435312,0.015273760462425992,0.004632898109287947,0.0017663074668389147
247.42701880282044,0.0026026953994802773,0.030760102179651236,0.00047969433271494833,0.00032391532484567806,0.009329185322509405,0.022516274564343478,0.0002149801544875568,8.904564244585153e-05,0.006701882734362666,0.023166458468488887,0.0018858057690280664,0.0004868006920695456,0.008544267126500561,0.002987944392793382,0.003951888272502578,0.0019813433607643377,0.004968977087718926,0.015145731082153571,0.004628538711908114,0.0017595581425259084
247.36581993593867,0.0026766061930352802,0.030786855901427792,0.0004735419147581604,0.0003198682040752983,0.009659536228349988,0.021538947817077284,0.00021382783188689876,8.884971842320573e-05,0.0070565556995735535,0.025388907630744216,0.0017622616179931556,0.0005950539198651955,0.006168371871467371,0.012368489203941737,0.003838312995013127,0.0020853263784176225,0.004952521489117381,0.015235076495543039,0.004611958687875607,0.0017723287412643048
247.30465133555887,0.0025887692815917324,0.03080605090974875,0.00047749122013386765,0.0003131323190972773,0.00950935218815111,0.02242215170505923,0.00021325905199339436,8.875490202141454e-05,0.0043284310668433934,0.0233193659869339,0.0017501979372751021,0.0005863852345546355,0.01267303146132424,0.007142851821512521,0.0038294644883935533,0.002060335546686671,0.005033299919680021,0.01525260011939679,0.004638268358406116,0.001760185442646647
247.24351297923369,0.002577855782132018,0.030832342995908632,0.0004639559478471879,0.0003132641505671022,0.010037296975899598,0.02140397045515544,0.0002199922682123112,9.065315435555895e-05,0.0038189191416392885,0.026024001817134584,0.0016702894476231377,0.0006700748196751958,0.006071286232224567,0.01345411013442949,0.0036993211564769124,0.0021432734143891873,0.004885689764899475,0.015318244058024745,0.004638077962267153,0.0017687100939164752
247.18240484453784,0.002649767220135477,0.030695891193276946,0.00046508529363922406,0.0003211180689826946,0.009845794326496665,0.022808583236647126,0.00021833076986339496,9.199103725109448e-05,0.002481230394720187,0.023266872061191657,0.0017821953461161042,0.0006152744200290081,0.013444048701971464,0.0033922210353500466,0.003832818936871829,0.0020947380433988154,0.005000311970194156,0.015348082022844996,0.0046347549961763485,0.00176860955529678
247.1213269090685,0.002645906632808951,0.03073906999454521,0.0004684484905309773,0.0003243547856248236,0.009752476617807395,0.022216306035764324,0.00021866349772482063,8.933350570476853e-05,0.0035459340922573794,0.023371422440162173,0.001924916305167452,0.0007182199036591677,0.007062012198007024,0.006054615485710974,0.003965599881645863,0.002220674880616351,0.005038477739665282,0.015213807263466737,0.004633853958814185,0.0017683380435735898
247.06027915044473,0.0026634941410691175,0.030739378439401055,0.00047931964316567813,0.0003207864406690624,0.008778381856861577,0.023508003939397386,0.0002124613656590145,8.429201304754312e-05,0.002551755883129593,0.02145763459985894,0.0017030538567225446,0.0006002245266925663,0.029228989316866516,0.019341288333166395,0.003805469691703772,0.0021237523497095404,0.0048437925519604595,0.015293806727228054,0.0046337542063971185,0.0017698204566796746
246.99926154630776,0.0026195984241452427,0.030786106477203826,0.00044807523885787443,0.0003308864304457291,0.008272408374377626,0.02077549100193299,0.00021990317050667456,9.078544599805891e-05,0.002371937626681895,0.022626045554717124,0.0018009052951184655,0.00048707967692466147,0.033186269008896666,0.03705175939094848,0.0038797963070468194,0.0019911357964864807,0.004965042586007124,0.015352786298014148,0.004633250756824566,0.0017697140205469779
246.93827407432104,0.002639575605284643,0.03080642987447619,0.0004581184008145393,0.0003114380674986046,0.009324179496801173,0.020907571782377118,0.00022484000618659922,8.637455175055973e-05,0.002282988290588233,0.0237772105152867,0.0018742437912640105,0.0005930152679545506,0.01724906821078386,0.023481097867773887,0.003874767718465492,0.002099158786605234,0.005140636334102573,0.01534611591559375,0.004634367405945096,0.0017698475476556645
246.87731671216986,0.0026700640405925694,0.030784809587558942,0.0004742294144781793,0.0003229589248394283,0.010510761302767922,0.019285197522976177,0.00021681430701734564,9.562860264533195e-05,0.0031820013566184187,0.023702571828781934,0.0017224827730209374,0.000638989241627915,0.03557970076651364,0.04498850057675253,0.0037833130584419175,0.002082734016701723,0.005101840354865479,0.015123099621254835,0.004630751636244502,0.001771092364604335
246.81638943756172,0.0026523142232975166,0.030816845454020938,0.00046634126931486197,0.0003172780312635275,0.01218431305666222,0.022348589401558087,0.00021015752055124462,9.395792233775926e-05,0.0034209091849952585,0.02696345880021267,0.0017332356774055712,0.0006692388015617603,0.027149607370077194,0.02922903885296373,0.0038489006577454906,0.002120595859462547,0.004876558251173604,0.015190928912809633,0.004628261990766999,0.0017677243283368037
246.75549222822607,0.002675157569520711,0.030778546805262035,0.0004738093049221269,0.0003209339918765634,0.00868899932404414,0.022538748013028676,0.00021463991254200835,9.356935268632006e-05,0.002269463122452897,0.02116587768704932,0.0017468889520694032,0.0006512316488681275,0.024881689534639675,0.020890896395961946,0.003828962495527812,0.002089823954768731,0.0049013360048169715,0.0152579353112087,0.004631556912794078,0.001767930141843608
246.6946250619142,0.00264354472045834,0.03071645887607303,0.0004714654662664832,0.0003155264535517886,0.010450933230041022,0.020239085269755153,0.00021738994996256696,8.863463470495063e-05,0.003101397810412786,0.023466374379518734,0.0017681394121718808,0.000619331142366085,0.023540487798606055,0.032823929504303594,0.003826300810356227,0.0021222029118077874,0.004847495554119547,0.015347570010100696,0.004628336213326415,0.0017697062737459582
246.63378791639954,0.002690165608223973,0.030793612748403025,0.000466830973854411,0.0003129168496485297,0.010947465736142933,0.02239968164046686,0.00020881289564221508,8.620798654306333e-05,0.0024619803627220407,0.021260305678714467,0.0016996337235225666,0.0005171097932520785,0.008811142568571665,0.01317426551998497,0.0038314577944785744,0.0020112354465066447,0.005048373857862423,0.015512642207534153,0.004628661683778761,0.0017678949513837583
246.57298076947734,0.00266068842329093,0.030744002221554864,0.0004694350638984445,0.00032089903719449247,0.009520653808922013,0.022101629627876596,0.00021379050812530905,8.780842657485775e-05,0.0031327989647495693,0.02227899888505528,0.0017222549713764195,0.000641964906905722,0.006417074807313008,0.007334501225503655,0.0038025424784352713,0.00214392447977422,0.005209140371094984,0.01530039571481879,0.004627758217036792,0.0017680899773473591
246.5122035989648,0.0026876253270484416,0.03076184552406424,0.0004722833622699397,0.0003168518797688108,0.010153566007762321,0.021136567521451585,0.00021475016062610857,9.30032694468661e-05,0.0024573031564783937,0.024590896606519898,0.001696364381740856,0.0005481605796764127,0.01073915693175298,0.018467712115381,0.0037814985417340325,0.0019888618400470625,0.005068889818278004,0.015123731050117929,0.004628523408180193,0.0017676149572285844
246.45145638270088,0.0026490264872503872,0.030754162684949838,0.0004667483433771351,0.0003161105894806583,0.010198720252792665,0.022013204917547272,0.00021562933472668873,8.81256503104155e-05,0.0025643750681266647,0.023274632812585096,0.0017244825420896367,0.0005617599436636023,0.002738855131073595,0.009447551464140504,0.0037850987373697236,0.002054972920872966,0.0049782311108266105,0.015208783030269847,0.004628329871638685,0.0017661020189122505
246.39073909854648,0.0026557994180492427,0.030747200660757854,0.00046729424101754077,0.0003248945610279418,0.009727898188648316,0.02137084662894889,0.00021253420878530318,8.957303115742921e-05,0.005038375127890002,0.026935287282069932,0.0016614773259853077,0.0006394981229821295,0.005955647363822569,0.01220290334368274,0.0037650908827042977,0.002134337229650058,0.0050363055244848276,0.01525442012492014,0.004628366680675676,0.0017675127834266508
246.33005172438428,0.00266358559736612,0.03072957411123179,0.00046841438329128153,0.0003224016750020129,0.010547954898946619,0.0217629563548961,0.00021339026588230748,0.00010003230267179412,0.0065113133399645985,0.0249106288971662,0.0017657820924347138,0.0006945473426978321,0.0033892372565907706,0.010294302664479659,0.0038509841140967676,0.0020883310037222184,0.005080622969473455,0.015182869403495081,0.004625391936133675,0.0017674059041897186
246.26939423811876,0.0026420081463760267,0.03074667604704413,0.00046738144603148573,0.0003190582463304343,0.009761143773269478,0.0218516422691336,0.0002174204280968539,8.695458440641277e-05,0.002652502398875869,0.02133149064764579,0.0017865147624023996,0.0005577022716241185,0.005084913340391044,0.012056002750395808,0.003843164011488455,0.002058341313990482,0.005024686585606704,0.015045564063813154,0.004625187809703339,0.00176797893272032
246.20876661767605,0.0026214196578652695,0.030698747334253484,0.0004690524826299074,0.0003178082945127033,0.00983413828504639,0.02170945796864027,0.00021061470614170896,9.144137129780039e-05,0.005303929107309319,0.02518472105979532,0.001651060229353274,0.0005959029504943085,0.004261536974561787,0.009582929847647404,0.0037659580378050376,0.0020462708455428118,0.004864168289618404,0.015162837061138893,0.004626276655633921,0.0017676663667026784
246.14816884100424,0.0026298831503324765,0.03073458248783435,0.0004667063775160141,0.0003188738747613112,0.010152055931342675,0.021577610829336524,0.00021418381937590077,9.117556017403561e-05,0.0033876749443777273,0.024749487295134518,0.0016717013640082247,0.0006917548072194048,0.004365606352084235,0.012275546222214622,0.0037505058043095438,0.002161544009863085,0.004920950014427007,0.015202221538655785,0.004624731677718518,0.0017682227148849827
246.08760088607286,0.002675472205076319,0.030729271474000813,0.0004697741326788046,0.00031990519357457856,0.009940203587381471,0.02167335468825915,0.0002122409360798957,9.37539523591995e-05,0.0050475646565403655,0.026123499931187007,0.001788437848591328,0.0006267037860739802,0.004508105983605723,0.008596723074240243,0.003898447196349202,0.002068172708987981,0.00483868890088332,0.01523233460373455,0.0046275745222642455,0.001767207288419688
246.02706273087335,0.0026216306179836437,0.030726634256134432,0.0004674978009679408,0.0003180835421648504,0.009925101215320952,0.02156040362287213,0.00021621342814456474,9.501153920725486e-05,0.002963066521439315,0.02327083738913047,0.0016634860639188184,0.0006378996684295728,0.004893438789106614,0.01359928462693384,0.0037240117568677258,0.002059602123670916,0.004974329497902415,0.015372944244516773,0.004625862038021004,0.001766849616983074
245.96655435341864,0.0026528972573078664,0.03072201851378886,0.00046828982544172126,0.00031862275053118246,0.00971712427412806,0.021402108221049897,0.0002147756517372513,9.710834566661758e-05,0.008985459498038658,0.026534599050854413,0.001696856973188541,0.0006588482801194657,0.006248987937836101,0.011748647582578223,0.0037803258132581927,0.0020685734398110645,0.00506755468815227,0.015195696551325865,0.004627392034219731,0.0017633415718006017
245.90607573174333,0.0026208300793000546,0.030686478578626206,0.0004689007354210043,0.0003181115439932327,0.01014581328271807,0.02179801279581018,0.0002169161427646126,9.308879786135768e-05,0.005051230489232072,0.023736567985876224,0.0018345620708454028,0.0006726410371165435,0.003764232622348527,0.009825647910151517,0.0038963141091914698,0.002112275580242532,0.004926846904012139,0.015240353281867569,0.004621134500932776,0.0017599092665234824
245.8456268439037,0.0026646565155784615,0.030716687893883377,0.0004685443595456541,0.0003176599193860826,0.009637958181642687,0.0216025195475773,0.0002175579810222081,9.007119419976976e-05,0.005160103326688209,0.023363015449889467,0.0016898544707247586,0.0005603628533989912,0.0072483325798203,0.012686739064073421,0.0037388912084184898,0.002014280488856382,0.00502857839336717,0.01522931427448004,0.004619904513532137,0.0017660161509865295
245.7852076679774,0.0026514508915358123,0.03069253271998219,0.00046821456427743283,0.00031777694884139085,0.009723177185412291,0.021670758914129274,0.00021513676574570726,8.833884762991089e-05,0.005079450485975251,0.023509787855283463,0.0017826906747164242,0.0006022351440509838,0.0029037858250950334,0.011741573146227037,0.0038507544294079906,0.0021071925256358095,0.004900664699834982,0.015170812627370009,0.004617881308998517,0.001768965070849019
245.72481818206393,0.002629237933653747,0.03069984770306714,0.0004665402945198716,0.0003174653439166021,0.009648566018470512,0.021439608949052034,0.00020956331192138484,8.943881434884193e-05,0.007186702525938125,0.027536300947291422,0.0016080568423061834,0.0005590465596031254,0.007477594532668521,0.009844730044234794,0.0037396283888415484,0.0020348415387216002,0.0049511879789188515,0.015356685161698818,0.004625507978568693,0.001770605203753376
245.664458364284,0.002666514205280611,0.03071221170812902,0.0004661078104189679,0.0003190362225610194,0.009711803845808137,0.021419023630667364,0.00021691973225923606,8.978648873593488e-05,0.007028106053040318,0.026432219093512115,0.0017446487066078967,0.0006223931277261476,0.002995830988582448,0.011613999999060041,0.0038019813527639438,0.0021041754338846537,0.005074321406793403,0.01528244554219873,0.0046232017926928215,0.0017652803441626202
245.60412819278,0.0026586585040736365,0.030687523944490692,0.00046762887693243014,0.0003177490020115188,0.009865793907344727,0.021177830477800277,0.0002112419593468842,8.708173762946299e-05,0.009844205716866424,0.03078627312332803,0.0017197899181942327,0.0005986066107375807,0.0076766420546595,0.009816183344609326,0.0038303622263913353,0.0021010892960719473,0.005041756867713073,0.015209878735640978,0.004623848098318238,0.0017629340821106634
245.54382764571574,0.0026588678236887727,0.030743639658241426,0.00046788557162637056,0.00031623781153378643,0.010064134081269356,0.021407272551013073,0.00021610673807122472,9.567555587569779e-05,0.0059367352554643696,0.02551951167583156,0.0018120574318954503,0.0005687584811120539,0.002392036780355706,0.013256592713360972,0.0038850786063737166,0.00198551021168479,0.005028783552298074,0.015154143174867815,0.004620652484702959,0.001762741472297696
245.4835567012764,0.0026114171099013675,0.030645008243474485,0.0004652689863182132,0.00031766102751436774,0.00993188395503513,0.021706078618658003,0.00021631199450017905,9.196006530964144e-05,0.0094714061678403,0.028466824548059072,0.0017250544049582828,0.0007237726299428332,0.00851389038885874,0.005667750775704473,0.003787723866980671,0.002180166720813825,0.004967075188046161,0.015146231090832803,0.00462638966362016,0.0017672257705185245
245.42331533766875,0.0026919821951735634,0.03072245926892479,0.0004676806234329974,0.0003179166270361539,0.009834779465891263,0.021581739458800722,0.00021571079221877288,9.111665352532755e-05,0.004181095269049116,0.02229660128416379,0.0017320847632310123,0.0005818673525854655,0.00679032733698002,0.014189374054972474,0.003809091477913974,0.0020551048920964088,0.005002040980024705,0.015271378112982088,0.004621597184653359,0.0017707637356845103
245.36310353312075,0.002681634867750416,0.0306737529082632,0.00046706118554574804,0.00031701129346256465,0.009834339280688302,0.02152658412304982,0.00021148322439018706,9.337398724014853e-05,0.006568879072355694,0.027157788268032206,0.0017295725950159761,0.0006888169457222574,0.004180759638326099,0.0090357023689151,0.003824193618248727,0.0021290171125853963,0.005135155016652049,0.015165191306616714,0.004617125376509882,0.001765224445331893
245.3029212658818,0.002584445064800922,0.03069876883294963,0.00046695201393367027,0.00031967568444069016,0.009838089736700906,0.021516900286232352,0.0002214902729284885,9.050253401660503e-05,0.008672311143008505,0.026203216239908355,0.001738403033769903,0.0005591632280828276,0.004711850503474106,0.010525586885577155,0.003747108365169443,0.0020309392913761665,0.004901004473574165,0.015122807959515983,0.004617841631150931,0.001762141571857718
245.2427685142227,0.0027638519294399646,0.03071719802789344,0.0004671035683066008,0.0003195393358997736,0.009899846816673448,0.02147593320551444,0.0002152881680745279,8.744227870310864e-05,0.007298393373717809,0.02755753001656008,0.0017565047189881853,0.0006630642864922407,0.0056640800006489125,0.009488208806502205,0.0038226101427623737,0.002164184600612141,0.005001686876687075,0.015227979906380137,0.004618644865843735,0.0017617428939903147
245.18264525643545,0.0026827308707106155,0.030582711810708388,0.00046881002457957194,0.00031570590575382795,0.009831070455129466,0.021732560583124724,0.00021228865619080857,9.365469614493215e-05,0.005131936385195576,0.02347372251767347,0.0016887876444645592,0.0006595706535013632,0.0007178109161956694,0.011677277081509337,0.003772739073146789,0.002099900463194479,0.004943819116048087,0.015115015038045732,0.0046200365906381765,0.001764004167574502
245.12255147083337,0.002545838729378467,0.03062529511348967,0.00047015323152737963,0.00032091048618980206,0.009431367256970684,0.021161513850004077,0.00021853110926340453,8.515560802437176e-05,0.011090794505170132,0.02992375028364859,0.0017582819648774852,0.0006411688536259421,0.005688012486951728,0.0108009035359998,0.003792774969059367,0.002168551081705454,0.004954709295378269,0.015203166176042733,0.00461920270320568,0.0017630528604492541
245.0624871357511,0.0026414829147806177,0.03058706490534826,0.0004667508371239251,0.0003200383520687645,0.009963287980152046,0.02150641019416438,0.00020895844854510365,9.029096834140065e-05,0.010223358245343338,0.027864530443685483,0.0016208439449661393,0.0005892749618219843,0.005940792385321963,0.008653033943742072,0.0037546222951832546,0.0020513991527613983,0.005018942100655002,0.015142417940924692,0.004622166041998368,0.0017640306131748661
245.00245222954436,0.0026475845393183774,0.03072534267103342,0.0004681045005877631,0.00031653781758743583,0.009558551532783358,0.02142637852026185,0.00021751717006431934,9.473861161464607e-05,0.004837929003679587,0.02303600815912144,0.001773281890342324,0.0006426298744379393,0.007463130274765965,0.015262782801088929,0.0038319120401698954,0.0020788102840443887,0.004912272991343948,0.015161813332225682,0.0046219863537160085,0.0017670672012047848
244.9424467305903,0.0026415941474514206,0.030707685802353304,0.00046261005134151846,0.0003168178923176162,0.009721408647468698,0.021401490207760016,0.00020818208691515433,8.4609030160924e-05,0.005516962770639084,0.02744316158501363,0.0016590068178396191,0.0005448265200467812,0.0031406458070354533,0.01005990244378434,0.0037972633930320617,0.0020764103882850342,0.004996816919041591,0.015174562252182937,0.0046162224315772285,0.0017703177157271433
244.88247061728703,0.00269162452915154,0.030698960533149373,0.00046655306211727126,0.0003165343822320372,0.009569087155862984,0.02138090399312045,0.00020804779417150552,9.632392697243138e-05,0.008103396517811015,0.02813313541381468,0.001701220298109188,0.0006632336084369415,0.005452146952599764,0.009560878418045777,0.003829171447148713,0.002082058720032001,0.004938402859312996,0.015150344316635327,0.00461343185793242,0.0017669224389556155
244.82252386805388,0.002698466338374684,0.030651487401070373,0.00046543744196058957,0.0003174978841847188,0.01016760715833258,0.021358417636532793,0.0002199876852644364,8.785682186472899e-05,0.007009820838903596,0.027403585591537043,0.0017653755094429202,0.0006068101696192808,0.0040102851410542305,0.011008046394205702,0.003777169078091428,0.0021088275489291267,0.004955825632384677,0.015190676383400804,0.004609971291940803,0.0017636697367168406
244.76260646133142,0.002636396027398015,0.030616662813097755,0.0004651923438493777,0.0003211468021471804,0.00977912346048516,0.021731675475992872,0.00020384742694919039,8.685017624820148e-05,0.003929197324467445,0.023082876366805123,0.0016297444185628094,0.0005351600609431845,0.0036257502691979687,0.010828747072365532,0.0038032178826488843,0.0020286809566559395,0.004927662807117354,0.015167927989110519,0.004614128393633448,0.0017567260635143202
244.70271837558113,0.0026181183624186424,0.030670559244727547,0.0004657272551900025,0.00031764868115893423,0.009864756362784334,0.021639650181747877,0.00021730516460458102,8.834393371781328e-05,0.004293642169802233,0.022064885003894672,0.0017448272814041487,0.0006269720191921902,0.0027813037642427066,0.013730846116230565,0.0037971612933007117,0.0021220017093851458,0.00493855256148621,0.015278275332343612,0.004620018354806628,0.0017620540704151243
244.64285958928573,0.0026785324250581857,0.03069784759253967,0.0004635147344257356,0.0003193805002301782,0.009376508207473738,0.02166928926078912,0.0002108216710789577,8.59696533364581e-05,0.010853491321256424,0.026850873462644167,0.0016653253959880475,0.0005426090282651218,0.0033027994168932243,0.008831195960830186,0.0037686544680888196,0.0020395726879927525,0.005076981816052406,0.015201742900727748,0.004612147596648711,0.0017679398884755263
244.58303008094893,0.002633356414618181,0.030593950074406483,0.00046552362717588037,0.00031915608535872304,0.009541803871498186,0.021443355572297474,0.00021914758243404053,9.34077933815863e-05,0.010795281121724997,0.027366696190867186,0.0017702082795210885,0.0006836118866781314,0.002089532815877034,0.010132240737263024,0.0037992441347160116,0.0021175966425690845,0.004969932203505353,0.01510685639126626,0.004613469078101899,0.0017594469248966985
244.52322982909538,0.0026165113272665005,0.03068926925189432,0.00046693725253596865,0.0003189844858255204,0.009406278946942738,0.021451041306972347,0.00020150751118147223,8.655766143894637e-05,0.012412540952253545,0.03149760093843151,0.0015694463586390754,0.0005863103568553217,0.007839806377381343,0.004339110081613467,0.0037668146730440904,0.0020610112356586273,0.004935203388950214,0.015139724672795429,0.004614763216606476,0.001761507365494056
244.4634588122709,0.0026378824665498637,0.03064015337272556,0.0004679920425925686,0.00031441068624971867,0.009668366947459432,0.02137464664758253,0.0002069078328694086,0.00010248589851470432,0.008476902132600711,0.027443430867968577,0.0016398771582689573,0.0007760806016516884,0.01104622544112276,0.012421948523048912,0.0037813851114649197,0.002136129097078828,0.004888368117035108,0.015243314546783899,0.004613269253760861,0.0017630219335802568
244.40371700904208,0.0026781736206839017,0.030592007617361233,0.0004663904330896347,0.00032092844511016704,0.009472373654589937,0.021435778640052226,0.00021448592079554763,8.458051468427493e-05,0.006851751037805593,0.025427014216272668,0.001721972665083448,0.0005080190680990963,0.006864815796779083,0.011908197690731082,0.0037935091076627186,0.0020271004873970377,0.005007432928183877,0.015219991675541344,0.004612027658306303,0.00176193278928262
244.3440043979966,0.0026195948306346464,0.030630646541850926,0.00047080855764333295,0.0003199432714119005,0.009541484476651211,0.02121667019177664,0.00020795323695581262,9.344684064330751e-05,0.004506269615389595,0.024680676817999625,0.001676982463113667,0.0006800524767075175,0.008358754797619262,0.015709425328409625,0.0037974985569173823,0.0021177384800112518,0.005010189364605555,0.015218371713395643,0.004613953118936602,0.0017620900767585576
244.2843209577431,0.0027557960209212153,0.030716449981442347,0.00047446634504931745,0.0003138738902637556,0.009546611663649332,0.021467602081512285,0.00021888189889631029,9.677014638134847e-05,0.007111009913973792,0.02552361688197747,0.0017352419331917405,0.0006973281288237325,0.004467444519214399,0.011179106446519786,0.003749344834761334,0.0020986322251857494,0.005075388469638337,0.01515223196567428,0.004611418260852981,0.0017630216845307234
244.22466666691088,0.002590428308439027,0.03078593416617185,0.00047039676078792803,0.0003122557725006629,0.009364030451554633,0.021468310435373998,0.0002116525532314742,9.065964385010679e-05,0.005920219425836617,0.025038054692678342,0.0016945336663058178,0.0005955263395321267,0.008381491813412535,0.011615289875095332,0.0037911930650310196,0.0020495593177917056,0.005063410726687108,0.015129441947394054,0.004613100068468755,0.0017614971686279947
244.16504150415042,0.0025880307710745287,0.030352172551400342,0.0004556686391118938,0.00031804898416869107,0.009728703652897784,0.021377534254231233,0.00021265633767138738,9.551006838605086e-05,0.006568693991734774,0.02743949990814129,0.0016392696226974618,0.000678089559685812,0.0069009787469645,0.010727243783218295,0.0037545875478205482,0.0020935473515754782,0.004996697917625944,0.015061947969777697,0.004611081462787514,0.0017626381828823707
244.10544544813283,0.002532782787156787,0.030581066529735156,0.00045809276088810925,0.0003199736119049965,0.009612961858425348,0.02147564970360106,0.00020917279960605184,9.751953831741288e-05,0.002986189179854492,0.022385826154904895,0.0016512922100219434,0.0006612279366911895,0.008916784568533249,0.015187211872573068,0.003792170697083153,0.0020638247457747277,0.0049427827873758596,0.015033230025678876,0.004611314233479432,0.001759941854057563
244.04587847755005,0.002582004602901145,0.030550614757754134,0.0004676762065436027,0.00033224724225200977,0.009566639483901613,0.021712188814034077,0.0002187330519535711,9.784785737862749e-05,0.006693003794582733,0.023045517528547832,0.001781479266391555,0.000701104348506201,0.004671091561768538,0.011157160695660927,0.003810627318904048,0.0021311647255771262,0.004878990862786255,0.0151666925712513,0.004611721018562584,0.0017617932680261436
243.98634057111497,0.0025504292405124653,0.030562136918003295,0.0004553465906527037,0.00031709541248595597,0.009477618214417883,0.021475056846999418,0.0002177718146514782,8.955195162568762e-05,0.008907257193761493,0.02486759306852415,0.0017086344971639926,0.0006112492090779183,0.004829183513130429,0.012172250628873576,0.0037768020151078344,0.0020795619867400106,0.004986850768213284,0.01521608231684912,0.004610436141143012,0.001760648075659476
243.92683170756098,0.0026141467678475277,0.030630408506486118,0.0004686040418541087,0.00031693980148221347,0.009623085116492514,0.02151732958870562,0.00021510702296546834,9.42498200693349e-05,0.007235315472462194,0.02371704315511053,0.0017146295528168221,0.0006338347161653824,0.0026136780556401374,0.012712232704168422,0.0037681825997526726,0.0020625982326617446,0.004921980418292809,0.015201851974897498,0.004610435630325293,0.0017615403591680619
243.86735186564255,0.0025975490040607697,0.030517307208911017,0.00045915130737564456,0.00031845512510220576,0.009481734764620348,0.021619928809539238,0.00022642511911263787,9.036153193559968e-05,0.006762007714552158,0.02402461212664189,0.0018223747674449148,0.0006297162868114029,0.006744295714527623,0.011098459837876879,0.003791614913073032,0.002098255760955973,0.005088554143201503,0.015156960748393324,0.004609319667966577,0.0017628039978187394
243.80790102413462,0.002624401023673646,0.030552786237960285,0.0004725951140426235,0.00031281736453052654,0.009375935614504902,0.021705913049363725,0.00021951454894009967,8.674621500707318e-05,0.008155648135778432,0.022753897898514685,0.0017385084102670553,0.0005931539709528353,0.0033058068932546565,0.011655991169817541,0.0037480229719989502,0.0020808736806333036,0.004973053434168058,0.01502476818266931,0.004606846729212362,0.001761464550816098
243.74847916183282,0.0026164811140169278,0.03048744734976588,0.000462267329558645,0.0003150650968685522,0.009435428187202033,0.021402301248161826,0.00020964007730270797,8.944238223010545e-05,0.011150012370012166,0.02954357597062651,0.001667734729747618,0.000612615294951442,0.003964171111221176,0.008122537864949821,0.0037855123849669238,0.002070094415930252,0.005003815272251325,0.015085765046441461,0.004608157841199566,0.001759841685635453
243.68908625755364,0.002633785642931791,0.03060554261031805,0.0004633168734509502,0.0003139011802187323,0.009381011058047731,0.02154052963859327,0.00021556049343355086,8.594617845280496e-05,0.007036885500514539,0.025643115246301702,0.0016540684802730313,0.0005989995159929896,0.010218692833871086,0.010321658950719891,0.0037323683209891326,0.0020931973007512913,0.0049210900435275795,0.015061595348795772,0.004608253911991102,0.0017565909949080177
243.62972229013405,0.0026069571809174026,0.03062476774232189,0.0004598578791537069,0.00031501655576851145,0.009792605301688129,0.021282620234835348,0.00020697436696995742,8.70603238407287e-05,0.005471238981427969,0.024350849640107523,0.0016402962825636915,0.00056710803484709,0.005110393663274037,0.015032407776701189,0.003800439889841826,0.0020643746901082218,0.004913862409767507,0.015143493038067694,0.00461504465090098,0.0017610751300414717
243.5703872384316,0.0026591178605370734,0.030602777751048627,0.0004609151356205803,0.00032064727767457265,0.009344378424159009,0.021855024302812248,0.00021508060547027085,9.125602666074404e-05,0.0050863824833731995,0.020577483602619583,0.0016561105913472868,0.0006385930170811647,0.006176628973337924,0.011526287157106957,0.003730971278570938,0.002108794198183705,0.00510363997930174,0.015079425929731072,0.004606456386651851,0.001765140705617806
243.51108108132462,0.0027053640119017014,0.03048173883673391,0.00046704272262222235,0.00031431745085568725,0.009507318040004946,0.02131648588714522,0.00021033330087971456,8.993827151670074e-05,0.011782122020771254,0.027780969824228324,0.00166408230625732,0.0005951596644651909,0.001731473530370512,0.01391710187579488,0.0037737768672964833,0.0020499985934194507,0.004876665726402724,0.014922684199580398,0.004608161329365167,0.0017600811806331074
243.4518037977118,0.0025248817362257298,0.03058718685100179,0.00046744006160898756,0.00031910041628554906,0.009399852846503812,0.021240682684032116,0.00020825144287162624,9.588563241221679e-05,0.008003430198003848,0.029383149261066586,0.001633691686841315,0.0007301033595461024,0.011020777781892855,0.009961107929462488,0.0037582226734336694,0.0021490022358887843,0.004969908659164532,0.015442455774187732,0.0046023003097085905,0.0017635820767999406
243.39255536651257,0.002576136833892967,0.030634802599839115,0.000455146421636746,0.00031702854247509784,0.009664146013964554,0.02171035642088937,0.00021830682670046363,9.097642575717044e-05,0.006367851561158916,0.017967453770236737,0.0016671786957370511,0.000558977756954642,0.005232169605240705,0.018832417842945336,0.0037145178144594258,0.002024525328211383,0.005097875350864488,0.014928272709504474,0.0046059436220806885,0.0017575966458893198
243.33333576666672,0.002596126367804146,0.030557803980406233,0.0004660318509343908,0.00031234924338975097,0.00926539510858909,0.02146437913007704,0.0002151147928669892,9.257892444635628e-05,0.017688242198709146,0.032123607744348345,0.0017963641484737807,0.0006853743670919315,0.007859910766054343,0.005948132898166357,0.0038503558865122,0.002107749508849972,0.004797500037146835,0.01504165426228339,0.004604769458897202,0.0017618219053235021
243.27414497713454,0.0026185665022411854,0.030597095353489943,0.00046645086717357924,0.0003162723694868388,0.00974676911796839,0.02155775322224179,0.0002121286212338211,9.906049771980332e-05,0.0075789125811132185,0.025244304547231367,0.0016336846611562535,0.0007199690819436768,0.005782031853802137,0.009940588474567441,0.0037205674542198225,0.002098258278364924,0.004787589479875131,0.014849339963784625,0.004606073818777743,0.0017571741293397917
243.21498297689692,0.002618933725817368,0.03057100209183487,0.00046642731068088797,0.00031257107279351475,0.009185561335560328,0.02134593983764022,0.00022036589163087884,8.446391261752469e-05,0.012188628265091752,0.02724291837963576,0.001757546621411185,0.0005533288317821736,0.0031845883818127493,0.011362151470029417,0.003761209740534528,0.002069533290044028,0.0047703576484542775,0.015283148344232632,0.0046042138560980364,0.0017605598408797977
243.15584974495505,0.0026258487688143725,0.030542129348975898,0.0004655569917190974,0.0003144364299252616,0.010196493208689815,0.02100479416318132,0.00020650481691824907,9.182685787183315e-05,0.008025489081441245,0.02925685310164362,0.0016646811702112601,0.0006174423294185844,0.0024943706895145363,0.013594180308589327,0.003796309477078042,0.0020539760919174727,0.004940206087769141,0.015160446672226172,0.004603865309933237,0.0017593937782462668
243.0967452603306,0.0026342989640296428,0.030563460719886495,0.00046536398812803295,0.0003128190512424128,0.009418631178135652,0.022052080517279235,0.00021748821496888352,9.07005062585758e-05,0.001983173596048404,0.016496316144076338,0.0016888109897819947,0.0006339209021918435,0.00853714391229463,0.013488289753831678,0.003731602350157449,0.002078027821934389,0.004920306149687754,0.015302284659377266,0.004603990299242335,0.0017583899046941997
243.03766950206565,0.0026217990502643645,0.03054908613178939,0.00046220176369916026,0.00031584797885438645,0.009176651963396962,0.02135244161311775,0.0002143289748114374,8.468065571654251e-05,0.013986336713788215,0.0244387132675011,0.001746811148199326,0.0005228798460951752,0.004656775809159562,0.017398130222101287,0.0038255188278490684,0.002037981941540579,0.00509350596996678,0.015159630264892617,0.004603506212295724,0.0017583990941175982
242.97862244922257,0.002630586635559357,0.030562013405231337,0.00046514122793078977,0.0003166085552285414,0.009668299504294205,0.021257446504995586,0.00020579370640724708,9.128121847527721e-05,0.007417671470940539,0.02733127505591396,0.0016507849678965804,0.0006248330773450369,0.004049278625909662,0.011294895905554865,0.0037983739864577153,0.002081159088761318,0.004967906082470318,0.015191978186774509,0.0046017760033506775,0.001758906908011885
242.91960408088417,0.0026436812200891046,0.030531827093423523,0.0004658055319471119,0.00031162323138425667,0.009100482660253246,0.021968475458360427,0.00021256605031436492,9.03584150048538e-05,0.011861330975199457,0.024371336905883216,0.0017223086897136428,0.0006457513254371603,0.0017027149691898,0.008843705750674589,0.0038001077192343774,0.0020940271462115538,0.005079751926689396,0.015143479433234184,0.004600245867468162,0.0017572107407871616
242.86061437615353,0.0026396965047945217,0.030579434739586825,0.0004632122522422297,0.0003187843501247074,0.00906434986024644,0.02161501975601039,0.00020918490271699757,8.19699044705718e-05,0.010751682398990966,0.02772973470264202,0.001653183642816264,0.0005548418662809874,0.010978311110555571,0.007113608303647065,0.003764760519988113,0.0020950205976056546,0.004969451549756429,0.015140540377580683,0.004603592897689514,0.0017579664355714642
242.80165331415395,0.002619331696751008,0.030497030765866184,0.0004591547170315392,0.00031207605415720747,0.009192863450687334,0.021587879467972106,0.0002053064465369496,9.030205569242325e-05,0.011788086406834838,0.02578819357430783,0.0016026454816120241,0.0006448124026114853,0.0018704960349695762,0.011457526440689734,0.0037638499456517215,0.0020836012100591285,0.005029501489616551,0.014992440721854697,0.0046010280811482505,0.001755691325805876
242.74272087402917,0.002654868077773531,0.030548645571774436,0.00047089433116996414,0.0003075751534077984,0.00979492419582715,0.021458585996186535,0.0002168723862572267,8.358447221281423e-05,0.006760526877491395,0.0238566780280742,0.001755306675858192,0.0006017190926859926,0.007733607795256363,0.013133240860722378,0.003778134662644705,0.002100587128885476,0.004909568028845459,0.015083124033745414,0.004600978045812493,0.0017584236141707993
242.683817034943,0.002658078557989091,0.03047509082585912,0.00047161543091314587,0.0003179417286509982,0.008985560170717236,0.022268800615114714,0.00020803031399778963,8.432145609937602e-05,0.011948949715583463,0.018502579491213245,0.0016860389082334758,0.0005267498772566614,0.002507416834746948,0.012070578921399948,0.003790416096768567,0.0020265736961607825,0.004954382228481508,0.01509521333728122,0.004599547554165028,0.00175267495724469
242.62494177607962,0.002525377559501518,0.030551521404413803,0.0004637142413814233,0.00031856001040285426,0.009028830921978676,0.021849562983812937,0.00021837058216972826,9.200962997739796e-05,0.008932652187640597,0.023997178958399895,0.0017462001188970446,0.0006843685051138437,0.010087130836142617,0.007617685917407694,0.0037779446500082457,0.0021285211780544045,0.00498192437621975,0.015229060244731914,0.004596260309618636,0.0017582769784130587
242.56609507664328,0.0026384319658603497,0.030551901801624478,0.00046532042930538727,0.00032014722228071706,0.008749836242195141,0.021797352799530212,0.00020680573289026446,8.65698141310721e-05,0.014298038977810065,0.018254966624771364,0.001598056615883638,0.0004958985129862992,0.007430498268748318,0.018839866137269654,0.0037313272111181507,0.0020070235281467006,0.005017851584261639,0.015103228884820496,0.004597516591820922,0.0017556418563968138
242.50727691585843,0.0026161401523019023,0.03054705060198717,0.00046116186179305887,0.00031978475032512927,0.0089436366550682,0.021314314217191745,0.00020311109624503748,9.155295280015565e-05,0.012992755019367272,0.024235110350084584,0.0016077520403837877,0.0005577709460905238,0.0059472300683809836,0.016966394156862897,0.0037821064589400387,0.001994691683828912,0.005031813384752157,0.015138406505480583,0.004595402910454055,0.0017651210613046475
242.44848727296974,0.0026149033501325805,0.030581142724285953,0.0004440530967309648,0.00032958413181855163,0.008933189233220382,0.021046341194848214,0.00021233545993702384,9.254875790550697e-05,0.021073030280115673,0.024952013829228067,0.0016880422469297961,0.0005142871668857601,0.013863592977559869,0.027680442662731407,0.0038335614292062917,0.0019879241913189935,0.004942770796822736,0.01504972751291605,0.004610745665421959,0.0017589946181813844
242.3897261272419,0.0026180574675168577,0.030592113182227397,0.0004480431078860748,0.0002983504540577432,0.009298649269675966,0.02110394537418001,0.00022178204395447625,8.649961269878693e-05,0.020001672858575858,0.03424625724697516,0.0018408754057669678,0.0005808992116427358,0.008177945896635258,0.014738095204957315,0.003867109846302144,0.002029293966316255,0.004937592445118299,0.015146909176703142,0.0046020227738345085,0.0017561182884706238
242.3309934579598,0.002938863230493167,0.03042663518791818,0.0004535884819674912,0.0003734854219800932,0.008961794867669662,0.021570911096595112,0.00022090687702541457,0.00010275774079291828,0.017385462656353906,0.03279301384681472,0.0018373194481507349,0.0006238741435417304,0.008300733843802964,0.006741804492154467,0.0038715276246428267,0.002091727914005063,0.004911171991361528,0.015096324135845326,0.004601173539360419,0.0017573959491956604
242.27228924442835,0.00251122908215665,0.03014533402333897,0.000507685689115102,0.00035530279714561346,0.00917626144121835,0.021423722787193913,0.0001993331462919282,0.00010788178417376202,0.01717890772570716,0.03623022439697646,0.0016645880561303539,0.0007115662130215627,0.014196631471717637,0.0008879886643291052,0.003777657253588348,0.002093511462110611,0.00493045493254115,0.0151988305070948,0.00459851788216215,0.0017555605132024243
242.2136134659724,0.0033271261667692643,0.03054439997073332,0.00043404765306687403,0.00025323109161727407,0.009190388966968088,0.02160786583967439,0.00022069566035360519,7.510632113728175e-05,0.00770157196093014,0.024793450905103098,0.001703738980520177,0.0005787685635280431,0.00809215910290477,0.009936154999170867,0.0037907394957680416,0.0020219739425064503,0.005045485990902323,0.015142752832959863,0.004599313812270059,0.0017555609191795953
242.15496610193708,0.0030593229801044583,0.0311218651953199,0.0005042802794979622,0.0002961807396328712,0.009414195193430485,0.021275508483658678,0.00019728015748557255,8.46731324836107e-05,0.01009564989771464,0.026981658209842534,0.0016860807086996844,0.0006208008748345464,0.005014407715661048,0.010201757133506871,0.0038170911119874934,0.0020790420926397554,0.004973497324332041,0.015114767965034121,0.004600714380908926,0.001754260223707398
242.09634713168725,0.00248486117038294,0.02995335728142867,0.0004873210336343637,0.000309877609721438,0.009209894483226101,0.021956420585970863,0.00020288785531294036,9.191961673111319e-05,0.006823149391423202,0.020891991208928578,0.001660741372091572,0.0006273023695365505,0.005634061174721855,0.010971720978123545,0.0037755042636271464,0.0020495022379510464,0.005009282627062609,0.01511599401990937,0.00459921127849975,0.0017560104447293787
242.03775653460798,0.00224656979497931,0.030702644423899902,0.0005095492724438948,0.0003171451308790657,0.009177095789328377,0.0215374898122211,0.00020241949098465244,9.309438723227718e-05,0.013203103412844249,0.02847710662358928,0.001798715517350235,0.0006884530828647682,0.007801620276204303,0.006159333869415169,0.0038679916107928146,0.0021148760284508176,0.0049225244294708575,0.015064665825490809,0.004599483537630029,0.0017529608924134695
241.9791942901041,0.002491920410563958,0.030526159164221158,0.00047070417429445345,0.00033398837383649677,0.008949081942878174,0.021786306686933,0.00021268190404213251,9.361539962326826e-05,0.006250479640932315,0.023043587254177992,0.0016946268790625518,0.0006384934789058653,0.011955985021924964,0.011549988977453771,0.003765160068102891,0.0021009299845448455,0.004935273035177312,0.015163400670297042,0.0045991514340655015,0.0017561609411174976
241.9206603776004,0.002349970921731058,0.03074480254099103,0.00047695686847490257,0.00031467799155860673,0.009175033620129409,0.0218189149259413,0.00021334045162865717,9.1291767299141e-05,0.011897306426676413,0.021720024604329882,0.0017420811098142186,0.0006075704710135473,0.004999493326545016,0.010208699958894606,0.0037806128727121938,0.0020495215067278965,0.004957981794283736,0.015068377017817094,0.00459873029921677,0.0017556851764655391
241.86215477654176,0.0026848598544340642,0.030656216197267338,0.00047652904446238403,0.0003245305714276117,0.008791826450277953,0.021359280990766037,0.00021759123993396286,8.611530687967237e-05,0.007795972974536154,0.02664329918744426,0.001732289897599617,0.0005894070848426226,0.012401050879040667,0.012223074771927626,0.0037411024500892537,0.0020944427160820914,0.0049389183936394895,0.01516603248920024,0.004598026729069752,0.0017564802731458746
241.8036774663927,0.0025140788952618598,0.030510278896797086,0.0004689671083933337,0.00031770138336679283,0.009206282895850751,0.021329030203597107,0.00020248578767524921,8.831891017202193e-05,0.007369851162450712,0.02539346221992873,0.0016265856556172773,0.0005827780535420082,0.006225455614600891,0.01272292197702064,0.003797908735624021,0.0020619851153379377,0.00497405352760578,0.015070189046785048,0.004594316820047076,0.0017556563547282639
241.74522842663768,0.0025676494037434796,0.030656698677280034,0.0004757678007463674,0.0003152582413507888,0.009122056356991048,0.021653877886488693,0.00020991227525603596,9.207986990530396e-05,0.007677235733247,0.02626071401745508,0.0016285665375450414,0.0006988697741534927,0.014745876068381392,0.011069387703839036,0.0037012697508130936,0.002133931882230739,0.004898930628174294,0.015151734922590511,0.004597387389513967,0.0017533984570859548
241.6868076367811,0.002624953161271704,0.03046827822639637,0.0004757037689491235,0.00031938740046579835,0.009245473118407423,0.021486483339866885,0.0002071338231633219,8.772252540428167e-05,0.005634676602006986,0.01597628337068777,0.001616603140483759,0.0005046159587485665,0.011004538134661939,0.02117017324538854,0.0037195934569516217,0.0020050579530895094,0.004980950705917475,0.01511832031653123,0.004595339827077349,0.0017545853262888216
241.62841507634695,0.0025506887084431216,0.030601432070564635,0.0004764939226169334,0.000324693670864048,0.009036698483964134,0.021491534339436943,0.0002143351171017023,9.737619175990227e-05,0.014282776815033869,0.026727828105356264,0.0017822320369781982,0.0006491279243391135,0.002170099117190436,0.010681184683686257,0.003806506592641543,0.0020546366322523697,0.0049546326568489394,0.015098181912852046,0.004594801801348112,0.0017550315334386637
241.57005072487925,0.002485467115022435,0.03060620201544174,0.0004645295341890917,0.0003242450429108741,0.00909357134842837,0.021770660208570183,0.0002190110086271198,8.709498028850974e-05,0.0090699379416376,0.024425222781245072,0.0017587530613041803,0.0005907150917347147,0.008357402996024194,0.007989307135173908,0.0037777859749782523,0.0020922747110391124,0.005022093085719273,0.015089003724753334,0.00459437336880674,0.001753898062014389
241.5117145619416,0.0025998429218690292,0.03059879708542694,0.00046749932021167203,0.00032460779044002233,0.009184232715844265,0.021480237236447184,0.00021021002578990085,9.346801459254055e-05,0.01072972324391363,0.028428906834649385,0.001667572546010191,0.0007147955864964234,0.012393760449560132,0.008994924261256807,0.003756843098812123,0.002149591107064853,0.004951707670857694,0.015051993515495084,0.004593617615497698,0.0017543038907207485
241.45340656711736,0.002693458086469833,0.0305008363888895,0.00046549665147542464,0.00031951325703501567,0.009126715345048888,0.02162314048028544,0.00020996434499418923,9.602910449333023e-05,0.0014946111016091266,0.017570143913656886,0.001598566280349804,0.0006174191114181946,0.013834789203111519,0.01916306192144318,0.0037012220397229386,0.002027255558632788,0.004981207952076829,0.015135324311928296,0.0045947989952973,0.001753608177022117
241.3951267200097,0.002539607340937268,0.03056310471516118,0.0004678548695098884,0.00031829767996938895,0.00912736412040169,0.02179889629451805,0.00021636386546486868,9.10116947469651e-05,0.014913437967105142,0.02194688124658226,0.0018119208898129465,0.0005553267662024625,0.0028628173113406,0.01494429996582758,0.003833023170770446,0.0020105726403358906,0.004953490346685895,0.015025869653378213,0.004591782610747792,0.0017531770966621593
241.33687500024132,0.002606151996178004,0.030642221198405893,0.0004594189695471183,0.000323339668129219,0.008833704589019595,0.021486985919674153,0.00021562212468984602,9.118109094744086e-05,0.01462587507129736,0.02964275565525403,0.0017494933080956358,0.0006935443266706354,0.01306335905662985,0.007985905135172805,0.0038009705799797564,0.002141514066129287,0.0049376840297350785,0.015116751535342915,0.004592043961413683,0.0017514485308386771
241.2786513874548,0.0025787136395514576,0.030533404498707423,0.0004652888469980728,0.0003167331390840053,0.008941861999990143,0.021603765267714486,0.00021592689751540856,8.817914332706781e-05,0.005069263033808151,0.017793256811944977,0.0016329085696462572,0.0005740965235365889,0.013816296152009524,0.01895922885235519,0.0036861428492263922,0.0020397762114658666,0.005009599926246574,0.01505692301808604,0.0045912862397624885,0.0017542500942655502
241.22045586131216,0.0026152647423795107,0.03061105103054143,0.00046408274583103625,0.0003196531558867692,0.008985639924951794,0.021402513869839906,0.00021290887260155684,7.948792429834955e-05,0.01676404179072021,0.027679852181934698,0.001745457746846781,0.00046375705943359474,0.00392829011368934,0.015068113585959601,0.0038148051807959204,0.002010219108107134,0.0050031448986581385,0.015055323054547164,0.004594540217395823,0.0017536767669384895
241.1622884014951,0.0026430923197257056,0.030475609166897184,0.0004641122164434932,0.0003189586432242051,0.009200842549428129,0.021477904790891414,0.00020720823195644866,9.800544719265767e-05,0.009173399333751138,0.029957601780593618,0.0016768840105907483,0.0007294992568677681,0.01244855249062268,0.007135230420636459,0.0037991435103371172,0.0021163822964969307,0.005016582756462381,0.015036848665901338,0.004593317334161679,0.0017533124395088604
241.10414898770495,0.0025453506954050786,0.030561725329788614,0.0004629519177220564,0.00031744298912120907,0.00877591024374709,0.0218164332566633,0.00021947444128174454,8.934700025250231e-05,0.008409874166089643,0.020851638396212104,0.0017002901083109743,0.0005388120996267973,0.00949667361744289,0.013714045490530076,0.0037134268437933396,0.002003219018710176,0.004973576986947395,0.015034677879137573,0.004591825742693995,0.0017502060447017634
241.04603759966264,0.0027387401995185544,0.030609359443832085,0.00046707193315945704,0.0003103640501921243,0.009130756507854339,0.02125484046669186,0.00021237743501427601,9.035182549938586e-05,0.013358866096258545,0.027680461359332532,0.001759896634709397,0.0005751335158573133,0.003975675246148881,0.010478252307912968,0.0038235741338662086,0.0020221900964900786,0.004998682709104715,0.015042969883843824,0.0045907198309321825,0.001749994058806614
240.98795421710847,0.0025537214777083725,0.030415645215717952,0.0004653685374858076,0.0003184732256025677,0.00919769413620925,0.021487665412414828,0.00020893516464462732,9.60847815566731e-05,0.00552016473093151,0.024543354315779316,0.0016457177754839755,0.0006022727493065823,0.007239532962908516,0.011649615577225117,0.0037439803633219733,0.0019964398645375588,0.004949660081066895,0.015065362297687806,0.0045894131634052725,0.0017514273339057826
240.9298988198025,0.0025978492877309555,0.030722336951006554,0.00046521653149248274,0.00031671067255048866,0.008975399764373818,0.02180992050963646,0.00022507855811174551,8.767405304911104e-05,0.011084173771739592,0.023440150910165828,0.0018698940882510822,0.0005309447832222991,0.0037141785333453833,0.011279862235556926,0.003828065698947588,0.00201378898067855,0.004984101619707118,0.015085239387929826,0.0045942570263585725,0.0017536129583541195
240.8718713875241,0.002790146972491699,0.030546245161544465,0.00046669002195982986,0.0003154128740043365,0.009154066708664732,0.021504768843144846,0.0002084071367575482,8.153035659031455e-05,0.015128993874502604,0.027943917770311286,0.0017402116205171444,0.0005840202814129666,0.005818529349357385,0.007405626550415264,0.0038265258495519022,0.002118018712059746,0.005076734542770792,0.015090404020210758,0.004587696254216194,0.0017493851818447448
240.8138719000723,0.0026848038913520975,0.030540105888934407,0.0004669108296835369,0.00031706098673954075,0.009027945005804923,0.02196998154795141,0.0002210743439754196,9.758619717189978e-05,0.008216598597547803,0.018941569891809992,0.0017348061393281833,0.0007319730234149765,0.009208305726358456,0.011200583847523975,0.0037220026652439076,0.002088035831610337,0.005002822433769992,0.015056140810299426,0.004592831555348983,0.0017466187330577474
240.75590033726533,0.002762324597997624,0.030383336482245626,0.00046605456532610926,0.0003160388149635665,0.00887941028123364,0.021809893930926225,0.00021723577097066652,7.497290654891815e-05,0.013137010517043081,0.019569524943028053,0.0017954446854290568,0.0004064825419437077,0.0021378230111009484,0.013335164875428554,0.003827769163962052,0.0020078194611308094,0.005015403328962518,0.014936957249784449,0.004589050067856553,0.0017533910382481115
240.69795667894107,0.0026411745141540722,0.030360210574615912,0.0004623584458113924,0.0003149537013090589,0.008558051184319512,0.021593427795074487,0.00020269671250891722,9.561704839798243e-05,0.013165919333295467,0.027046235821139356,0.0015840648067804728,0.0006337103390465947,0.0074260442661888545,0.007995583158110199,0.0037541367182142705,0.0020142737495742213,0.004994002080640722,0.015121310260516871,0.0045896625796906666,0.00175113701638749
240.64004090495675,0.002654228543730393,0.030524541006685148,0.0004660036797693493,0.00031723507528767965,0.009130967556271474,0.021410414728261613,0.0002197823403510063,8.966344622867032e-05,0.009174779246282024,0.023952581861751136,0.0018145734146850078,0.0006209344883403715,0.004971522116258251,0.012525143585826397,0.003820818159604652,0.0020916695206345524,0.004848748258944308,0.015072365386351221,0.004588708415595336,0.0017553618311350265
240.58215299518886,0.0027217392444210614,0.03046293027885769,0.0004639109209360765,0.00031602143916216517,0.008933240631893219,0.02174891998017542,0.0002051059987098631,8.44628465176138e-05,0.010980644954525689,0.022010657984877502,0.0016231537316165742,0.0005049020487664608,0.003235931535598139,0.012188215415122015,0.0037484804904190493,0.00202068757683544,0.0051114785442310535,0.014990956075792152,0.004589964697845961,0.0017472549205008459
240.52429292953346,0.0027523707829765335,0.030132822458139277,0.0004633819755390655,0.0003175389185663547,0.009232441781930093,0.021848247942676913,0.00021780167340260521,9.05960662796868e-05,0.007057789953530669,0.021978062357526366,0.0018294879183372791,0.0005763282041812013,0.00530335858321474,0.009579019970343848,0.00385578256319696,0.0020241127930851442,0.00507017994777507,0.015191606383240058,0.004595670143981808,0.0017521362811033308
240.4664606879058,0.002789924388339774,0.030657445593502856,0.00046644857287664,0.00031628841793010704,0.008932973307334523,0.021849033156452348,0.00021474976651364336,8.464670602723867e-05,0.009636232944485013,0.019264725672035566,0.0016768447076252182,0.0005588377842627478,0.0049491535986869355,0.01204814942540451,0.003713821497687161,0.002078431463194227,0.004977363631013981,0.015043049018788154,0.004586784049322136,0.0017527807422533573
240.4086562502404,0.0024817848909438308,0.03069032039154446,0.0004642834384400026,0.00031401220026432326,0.009137813577730278,0.021852230775405188,0.0002182028616050326,8.409881562784688e-05,0.011205185054574268,0.02023913256202252,0.0018074133686432471,0.0004754493839773051,0.0010075951449854364,0.012620232485371445,0.0038198561114872994,0.001984267765281258,0.005093134322008271,0.014994411082393085,0.004590829705319913,0.0017469580177984186
240.35087959649127,0.0026826936739547925,0.030387309749972943,0.0004646282687425612,0.0003153484324057582,0.00887453534329236,0.021897362111847306,0.00020707398910203807,7.952531442816082e-05,0.010012835164771045,0.022888018755678228,0.0016797877834358605,0.000516442068510865,0.006212913296921628,0.009962236864619016,0.003791522810929551,0.0020842872522010576,0.005037633769329762,0.015094676821061661,0.004589409452878795,0.0017571722230322947
240.2931307066315,0.0027512058041684966,0.030630274468706056,0.0004635870931144256,0.0003172637228248419,0.008977922632722278,0.022122470587810552,0.00020834040240791867,9.442995559426641e-05,0.012918058821741006,0.02044127093116833,0.001645472214789997,0.0006152327172811741,0.004048219283685431,0.008972083923918708,0.0037383865203278193,0.0020314031103344974,0.005113415145350776,0.01515622062081955,0.004584546709320584,0.0017543644042033622
240.2354095606534,0.002531970563831851,0.030558239993446538,0.00046359131396384105,0.0003209128406797675,0.00874671651676071,0.02190868636092101,0.00021358427464108888,8.675879652060747e-05,0.01126348565478385,0.02149031406544514,0.0017530462784026545,0.0006202852362745414,0.006942379229644618,0.00832284464292764,0.003806048579301556,0.0021224833517076535,0.004895603331502854,0.015325285425400103,0.00458105222981659,0.0017569418871293326
240.17771613856874,0.0027266165058849735,0.030361764617851256,0.0004651496557137621,0.0003150910906390802,0.008845288864965908,0.021877491543745443,0.00020501337035650304,8.53557366495848e-05,0.010925407092527257,0.018645894680023947,0.0016362463266501991,0.0005400489193484261,0.004731981324666325,0.01302312775422298,0.0037609875619133795,0.0020369024158029786,0.004941278119784274,0.015117189913905213,0.004576138003957231,0.0017481113854167136
240.12005042040818,0.0026127326844863153,0.03045910092142023,0.0004674570345001767,0.0003172121356379619,0.009021449861318755,0.021809006449345747,0.00020683367860852716,8.72832330679254e-05,0.009284819995776019,0.02219950638026098,0.001663227142945536,0.0006067356553774152,0.004947036823202188,0.009657691905646375,0.003774756392504364,0.00207885143745647,0.004918284342651139,0.015105119002810826,0.004584623608584919,0.001741113157480719
240.06241238622184,0.00265377376589965,0.03049671680458029,0.0004658854823334239,0.00031652927034779343,0.00897029858044576,0.021757388134688607,0.00021508393733202097,8.16481308444105e-05,0.008817302123279802,0.020754432501357372,0.0017388993600396087,0.0004945965513131327,0.005337246648175835,0.01263178292027905,0.0037697193591356213,0.0020292210961967453,0.005003784111923396,0.014966887456832091,0.0045878397303491135,0.0017447198481298624
240.00480201607877,0.002699959655956695,0.030416642429415698,0.00046630135877984743,0.0003172367537217517,0.009091239171735375,0.022017374004750897,0.00021383126055683462,7.693525418619603e-05,0.008842944527261525,0.019222602910685636,0.0017507106371182958,0.0005060931275814559,0.00448748747646128,0.009893553084047334,0.0038022139988827175,0.002081954854321692,0.004999151361096241,0.01514155285262452,0.004590904969128372,0.0017470254446518365
239.9472192900672,0.0026147183739735056,0.030424096549554636,0.000464220930096012,0.0003177792126271979,0.008927449952568653,0.021932949390136548,0.00020474955406594972,9.476097606964318e-05,0.010053168088576503,0.018724215084194282,0.001616677287791327,0.0006326101786052363,0.004603244931612447,0.011501472510455009,0.0037399882967562,0.0020589752639395297,0.004966239245166455,0.01516363287338543,0.0045812831088471945,0.0017549573971690666
239.8896641882946,0.002623771005661767,0.03052092371614487,0.00046478585117791846,0.00031731839981074595,0.009173962063288897,0.02184089756056778,0.0002137769507324186,8.761498492471497e-05,0.007526001775646415,0.020554220804351802,0.001757125677190043,0.0005991682385345692,0.005045788513024307,0.01014570378235418,0.003797593791762808,0.002063379756644997,0.005034116012112156,0.015138768502468713,0.004579708733380483,0.001743045667926213
239.8321366908873,0.0027127505171299846,0.030433484719226245,0.0004645960531857959,0.00031778320094086847,0.009258838168839012,0.022040107453585957,0.00020635303882495936,9.444776588543076e-05,0.005499429692980963,0.01794774593723319,0.0016052878638088443,0.000653462326748403,0.005540779185229019,0.011652496512565082,0.003733599090163985,0.0020580084929853215,0.005023347216362379,0.015012509251195467,0.00459388978274383,0.0017453364447419376
239.77463677799093,0.0026592416105181236,0.030432256605153928,0.0004639992223622662,0.0003158896712228608,0.009097114846690601,0.022080084461393038,0.00022210589030922953,9.361504818271443e-05,0.009925035595818883,0.016347975683229255,0.001796746074901436,0.000590436399356897,0.0024940464624555094,0.013178382572148584,0.003775619139758104,0.002011734602575154,0.00493829308414612,0.015087218922999291,0.004591727835313802,0.0017564293284434154
239.71716442976995,0.0026512973289042324,0.0304897573640549,0.00046451781526447725,0.0003159368608752198,0.009065340952381172,0.021974821427722235,0.0002143686222481325,8.903711981852985e-05,0.008058796950242843,0.020710466264790554,0.0017302053301901678,0.0006074143932459679,0.005497077700638036,0.008746709753888159,0.003763762713145641,0.002065801165397688,0.004993163479109133,0.015034837013521095,0.004579008357367356,0.0017487902576396016
239.65971962640788,0.0026541132129823614,0.030451337190503962,0.0004644306757171401,0.0003154134252016213,0.008949978811004941,0.022086639227477268,0.00021308807340706504,8.93806620594152e-05,0.009579624062087445,0.013284253468310182,0.0017230647584053505,0.0005775584819392585,0.005562852731029723,0.01541767950833767,0.0037965018264967303,0.0020294284179392004,0.004909568499705924,0.015127175836360378,0.004587224692966386,0.0017471616015189097
239.60230234810737,0.002647408002891784,0.030422168528533793,0.00046342430680694437,0.00031637759445227734,0.009003676736886382,0.02180860633599495,0.00020834109740048548,8.965783038889953e-05,0.010309719511635498,0.02023936344525174,0.0016431594364921124,0.0005980421697322531,0.0026442893343586182,0.010867930721985188,0.003749998013466785,0.0020627082032416027,0.005051240346628107,0.015079985888127916,0.004582491370135531,0.001752857111094887
239.54491257508982,0.0026502231654352503,0.030425404625911902,0.00046386404188089944,0.0003153504079431777,0.009063711818032203,0.021878191764986506,0.00021309913934277496,9.165078631542462e-05,0.0070354843479880315,0.020363836618456928,0.0017154705965893768,0.0005614305054806466,0.0067342686682147716,0.010240076247744997,0.0037667279793488218,0.001990154115989632,0.004937629705073635,0.015111110272794196,0.004578452027135504,0.0017441154000790663
239.4875502875958,0.0026317632386753014,0.03043437821651072,0.000463470251160067,0.0003148478300081392,0.00911922182161647,0.021932635624887706,0.00020962916974078964,9.026198954469907e-05,0.009120676076157361,0.020475641802896405,0.0016990000010863766,0.0005953417132065474,0.004038529007944486,0.008613414505012209,0.003789832552173049,0.0020484469750219523,0.005116640545188441,0.015011603500625553,0.004584979964385885,0.001745244736479258
239.43021546588466,0.0027118495594643456,0.030428729228725766,0.00046310357772529526,0.00031595817429554043,0.009028435860167775,0.021974992421033988,0.00021164856380422907,8.724977461860188e-05,0.00753228730231657,0.018268723974277992,0.0017136445435940865,0.0005706933752958128,0.007018522253035974,0.011367857401216541,0.003781947556183668,0.0020586020728282878,0.004957228256014129,0.015032770520109802,0.004581188582441953,0.001751308055709481
239.37290809023457,0.002653842692123887,0.030423374512994008,0.00046300135315584614,0.0003143420608904387,0.009218288830792957,0.021876118254703564,0.0002068484956794698,8.896270942523303e-05,0.008904405514478355,0.020260332964898754,0.0016685444796770558,0.0005919241978578514,0.0016271353172342547,0.010941120587189709,0.003776210893498487,0.002064918852804509,0.0050296423769628385,0.0150646205044026,0.004583014095228094,0.0017500817045434324
239.31562814094283,0.002646423799421354,0.030401630853833808,0.0004636618158188884,0.0003153025676893867,0.009184270677057346,0.022020866679296112,0.00020991289610727704,8.430331862436979e-05,0.006411809648209183,0.019411368022686393,0.00171809611556129,0.0005641348555046815,0.005744726027516023,0.0087313885059638,0.003798313323319349,0.002071465183845852,0.004927625168551108,0.015097120102454294,0.004581934472864046,0.001751454451381187
239.25837559832542,0.0026610587396713637,0.030407445239310684,0.00046321551387271093,0.0003150699926410762,0.009259223439274608,0.021891922057217558,0.0002083331766233091,9.06345705871772e-05,0.006986638203709465,0.01722550449978886,0.0016334555502370853,0.0005907843945983028,0.004756344865773928,0.013915806458240709,0.003722305030776894,0.002036941344523487,0.0050024200428448505,0.015054919920366247,0.004578622821496177,0.0017472548886169979
239.20115044271708,0.002650340232859385,0.03041239325779421,0.0004637290215120106,0.0003150842713781133,0.009105687015541184,0.02207026389007301,0.00021355538333784498,9.334701110194185e-05,0.009532864755757878,0.018854772601997496,0.001755317558974722,0.0005667988992426637,0.002639653645270361,0.010942831176288968,0.0038021111767136957,0.001982950454171118,0.004933725109448078,0.01508238976706068,0.0045795311526191295,0.0017473766923174388
239.1439526544716,0.002648913842128657,0.030422649502043833,0.00046383649201373804,0.00031596378644092513,0.009001894551500113,0.02191111741273894,0.00021176894217472039,8.542863095730921e-05,0.009366132065168906,0.01989297833292474,0.0016863839714036208,0.0005601468202511554,0.00467668584103885,0.01022726450964708,0.003742660657267451,0.002055407496467857,0.004921454484504691,0.015042343750418508,0.004575558620199864,0.0017436726356987772
239.0867822139613,0.0026852753331446187,0.03040315288982666,0.00046280295727967757,0.00031629419485040535,0.009166047251553447,0.021769181838557167,0.00021176903528563344,8.39826340927724e-05,0.006660400821739077,0.02076745069005148,0.001713343382430978,0.0005272122125807606,0.004817378860317516,0.010755580819726964,0.0037778421133813347,0.002034116387904667,0.004986518187890659,0.015070633401736023,0.004583705625342739,0.0017459451361238813
239.0296391015775,0.002656093246880506,0.03039236716194392,0.000462226058213665,0.0003135696922374734,0.009051358931575968,0.02215100033806783,0.00020900958173332307,8.837425738018915e-05,0.009177878872317751,0.018456130379537607,0.0016781975064330706,0.0005733365614772186,0.003934606137540422,0.009932113331025665,0.003765519491408307,0.0020327398308522884,0.004942386719735903,0.01501589376263656,0.004575147525211363,0.00174420561576391
238.97252329773005,0.0026714576144557557,0.03044251266340732,0.0004642339900255623,0.00031493248461765164,0.008877118117035919,0.021879894411018203,0.00021555844010490299,8.474802581215108e-05,0.009926240401728034,0.019709495531669136,0.0017544920588077892,0.0005829886641023744,0.004796304053664175,0.010138776082491627,0.0037883470201331756,0.002080497607542095,0.005092532665099273,0.015049487198207612,0.004580720385461826,0.001745265285407877
238.9154347828476,0.0026204518142825916,0.030379455517948614,0.0004633413989665514,0.00031582334855615466,0.00906595406869609,0.02175127072385533,0.00019986069130969533,9.000683405486806e-05,0.008499796763482738,0.019329780549956963,0.001588594746532284,0.0005941567641398085,0.004267921640197873,0.01239938136639177,0.00376454118548825,0.0020558779279334824,0.004957401784603332,0.015179829113510063,0.00457791538089507,0.0017480716490599277
238.85837353737764,0.0026113368172693144,0.03038726642310876,0.0004618244680095747,0.0003166220826729724,0.009138356721160139,0.02208718525858762,0.00021565728833346833,9.096987815252132e-05,0.007424064703376202,0.018861482685223387,0.0017296652450981892,0.0006055382116162086,0.005245217216379106,0.009317024841302349,0.0037527475923816206,0.0020399871881365823,0.0049392044949819625,0.015026721248908545,0.004579931073928998,0.0017444942242419168
238.80133954178606,0.00264792098645885,0.03038654251094453,0.00046325036416208516,0.00031923005373760306,0.009138834016686108,0.021889996609403512,0.00019935632053888526,7.943514712015628e-05,0.007464908276993279,0.01772274020974237,0.0016199718040337337,0.0004815014796544298,0.005578414083710746,0.013338753589127866,0.0038033119994000902,0.0020517939986680997,0.004994981305043473,0.015087877187072812,0.00457950828526208,0.0017507454282472083
238.74433277655768,0.002648484801579168,0.03041154888421993,0.0004647234515458588,0.0003167046177374929,0.009058391523238353,0.02187187570322679,0.00020953214837476661,9.674404813039642e-05,0.009400905673707653,0.019468859892346594,0.001685643202519308,0.000706143638512053,0.0030635407279225786,0.011162085187633888,0.0037552739722775306,0.002084808878334844,0.004941373064231876,0.015167747756885754,0.004573516846477006,0.0017427676000913534
238.68735322219575,0.0026633614904136623,0.030425638935402604,0.00046139580109455535,0.0003140142465448432,0.009215056063519312,0.022031060482155095,0.0002159587810290291,8.297231681110107e-05,0.009140147135482933,0.017825543974906717,0.0017538654080205198,0.0006261061948103367,0.001888455749426129,0.011245054321589015,0.003783404956290844,0.002141956108141466,0.004921073240247438,0.015102326481615934,0.0045820768574758855,0.0017460738185431032
238.63040085922216,0.002678884971921717,0.030374203886312977,0.00046622048308875074,0.00031902871058343634,0.008993328280027944,0.021956395483624668,0.000205536493972484,9.255125062700941e-05,0.009252569460303624,0.018859510956846043,0.0016032518953207806,0.0006326026605091873,0.004018431315638324,0.01066259605268761,0.0037129047792081905,0.0020623562717717488,0.005012706189307266,0.015075109958656251,0.004571348865495705,0.0017452150424480247
238.5734756681775,0.0027008910308774993,0.0303700636375986,0.00046750783193730717,0.0003177837791779628,0.009080703575501293,0.02196026416736334,0.0002125159020827114,9.313735640622777e-05,0.00968566141585681,0.018672439970414664,0.0017047096843638848,0.0006269422284923486,0.0037618478972111877,0.01165039016559678,0.0037563563121416417,0.0020556755149471807,0.004883148058338497,0.015107203117166573,0.004579185136654601,0.0017462328132776199
238.51657762962085,0.0026409857099810147,0.030442190083705734,0.00045945107581130075,0.00031550164543485664,0.008884247608929882,0.022124792085076336,0.00021165289859050208,8.607037229894671e-05,0.010342583656224808,0.01606877551479976,0.0016482621060495697,0.0005624478180584361,0.004534317265566303,0.011418908836780869,0.0037128492444734305,0.0020525922016163124,0.0050025482544114935,0.01510719066514504,0.0045747777406792145,0.001748892929924591
238.45970672412975,0.0026418339371258766,0.03038247767626881,0.00046432450488367107,0.00031057659240180493,0.008948672179874302,0.02189773411746964,0.00021022786068761596,8.73779546131576e-05,0.010961290927328289,0.01843864845766391,0.0016666621657735515,0.0005847853683355646,0.0038027643219902063,0.011443239197983335,0.0037383276346117256,0.0020506478809797593,0.004633992065398298,0.015172072256926721,0.004575798821680404,0.0017490300580416112
238.4028629323004,0.002614806563593299,0.030373615420790322,0.00046527618331527565,0.0003140688907931922,0.00912997223197986,0.02188477862712688,0.00020978229314985575,9.245794922905189e-05,0.00797267441901978,0.020065745721121853,0.0016493436608874905,0.0007269398999128,0.00444963946802717,0.010527491192618999,0.003725363633371488,0.00216105710943886,0.004870903766072234,0.01484465758514311,0.004573147158248715,0.0017490483258105769
238.3460462347474,0.0026276983450864004,0.0304229164338012,0.0004658027757503764,0.0003130495382153279,0.009293003848938193,0.022070289935110426,0.0002153789802364599,9.085762265451993e-05,0.006459969957517877,0.016490710514271645,0.0016684555561452276,0.0006150416033878688,0.0036808038750005766,0.01132235812916447,0.0036794412610791486,0.002046358584162504,0.004898726280227691,0.014913755614419233,0.0045675415851426805,0.0017454929212156738
238.2892566121039,0.0026444017371195735,0.030355774610951302,0.00046573834405924414,0.00031627187956581024,0.009024971621365115,0.021940443782455108,0.0002131323635641973,8.416746738072141e-05,0.010257388852004537,0.01912254326224611,0.0017029881115058734,0.0005403094580648852,0.0027053254197761116,0.011290589552594335,0.0037476619134872357,0.0020420700212336507,0.005257092895265107,0.01485745756207935,0.004571343690764258,0.0017397842736330835
238.2324940450215,0.0026526590661185485,0.03038206308769442,0.00046092953471244555,0.0003162982211468331,0.00922417216172819,0.02211886304745997,0.0002080157456281281,8.610859393385435e-05,0.0087951630370339,0.016328002157322587,0.0016257532102126938,0.0005208473150522333,0.0024298015864889235,0.010992303050779435,0.0037205652622904475,0.002007155476293823,0.005130293431299204,0.015195627811650458,0.004572328431653652,0.001740929773164389
238.17575851417007,0.0026487767592978185,0.030377629911754522,0.0004640183141605833,0.00031439509601468657,0.00908114564056659,0.021909365627464664,0.0002190208519114495,8.328020773554912e-05,0.007631861703294449,0.018557846783180017,0.0017512195193255958,0.0005248046444970889,0.0049112614577496395,0.010667129373563062,0.003745340794767257,0.0020320880550902818,0.005075205353614781,0.015126732867831855,0.004577038002072716,0.0017441935735996218
238.11905000023813,0.0026078584579290443,0.030358257986863185,0.0004626024182461883,0.00031569616775867107,0.009101067800469235,0.022043030300158112,0.00021214161373930488,8.641555793034234e-05,0.008550523115972793,0.019210825523450915,0.0017021040511442534,0.0005775003245752859,0.004915389687330938,0.008700730404271682,0.0037591090797451767,0.002068302950666058,0.004900362393187446,0.015190867397078386,0.0045722717773376,0.0017457709432359054
238.0623684839324,0.0026487789297156305,0.030369329211781593,0.0004616414152493077,0.0003127692296595696,0.009261866483389985,0.022118732739505785,0.0002122423305997428,8.525860326805456e-05,0.005247186899814884,0.016788833611945324,0.0016847550646663246,0.0005817463704101915,0.00586933955328487,0.010649190984762389,0.0037342543677255716,0.002071219189539913,0.004861804565479681,0.014996163877049927,0.004572569576591513,0.0017466714248598738
238.00571394597813,0.002637483781028771,0.030414827280834864,0.00046415773826676086,0.00031484227706050493,0.009108082541877675,0.022186472183203493,0.0002189947602825773,8.951402385441731e-05,0.010427113766127,0.01633716978530451,0.0017549450503114956,0.0005859776361376366,0.0015322870389880572,0.010205887118484533,0.003750032953585935,0.0020328385331272306,0.0048707988409041,0.015135616382697342,0.00457788210857207,0.001741664242741644
237.94908636711878,0.002640591274658542,0.030411718506857397,0.00046370818006678105,0.000313566375366615,0.009194006677030471,0.021936899582221437,0.00021394000157084765,8.883944869727719e-05,0.008371151490459246,0.018284863098052193,0.001681059983561483,0.0005599382297181511,0.002799482062451181,0.011090267673858838,0.0037128103322715987,0.0020395074709604563,0.0049462877405193235,0.01508799747049332,0.0045807657258612215,0.001752354325461547
237.8924857281161,0.0025519603990522355,0.030380102562854602,0.0004629721733118255,0.00031533691876424415,0.009058048542030397,0.022216199182448403,0.0002141301951424248,8.439755634440834e-05,0.009303181969948872,0.017759902194756077,0.0017072836853297764,0.000546686637914258,0.003486555386824998,0.007889376111422186,0.0037296241972717375,0.0020319954048254813,0.0049383507751335895,0.015141334354704179,0.004566243256610159,0.0017391910051500375
237.83591200975033,0.0027370329538966005,0.030410274984045024,0.00046066765908442533,0.0003143565330356154,0.00915859622247531,0.02204358485984728,0.00021554053326282502,8.634267565431006e-05,0.007838368745788313,0.016882378829534157,0.0016858109071218191,0.000550210834831072,0.005107888864757704,0.010450709806156068,0.0037155736950112857,0.002043871830178976,0.004921181222851327,0.015048635853281327,0.004569350157985638,0.0017481667328307043
237.77936519281985,0.002703673214287591,0.03037247780809382,0.0004607503190815283,0.00031501786245678064,0.009149982164757646,0.021957661528741793,0.00020593436488916818,9.020996363695646e-05,0.009275670746040642,0.019916439504410147,0.0016457806143581376,0.0006222398755620466,0.002355114590000239,0.01017824546204343,0.003762526551839359,0.0020696683673429154,0.00489711967185957,0.015023277622698512,0.004578011849089769,0.001748144394868572
237.72284525814123,0.002692912072364264,0.030457633858729165,0.00046143914846711264,0.00031408170847358786,0.009188430469458974,0.022057433678928488,0.00021617633309778248,9.145156409881481e-05,0.004490558721973195,0.018110430123811194,0.0017024284628503628,0.0006078957522820468,0.007159202913313183,0.008644589750262176,0.0037328379208713806,0.002034233520963809,0.004972073436690202,0.015030445071201496,0.0045701027761408915,0.0017355792530066648
237.6663521865495,0.0027596182290396645,0.030294088024418686,0.00046207596472592935,0.00031523102885409177,0.009001014493239257,0.022049437845915516,0.0002062882093294643,9.165717484674205e-05,0.00819467043569314,0.01767436715684026,0.0015560303388783708,0.0005623345612830338,0.00567411588418795,0.010149501874208553,0.0036685074982853263,0.001994314208568066,0.0048740415999539355,0.015102519590755705,0.004571418611403992,0.0017453787672582417
237.60988595889762,0.0026195840597654186,0.03033307861195976,0.0004603903775540476,0.0003140368211480854,0.009292070451167101,0.022303393770721817,0.00021548125008762184,9.712583009632215e-05,0.006583982457220113,0.014220821544952711,0.0017153144211183447,0.0006113362380400734,0.006175924902997959,0.010424409877551524,0.003747069679926444,0.0019987479714958225,0.0049092464465454325,0.015090023587933859,0.0045752106163912025,0.0017426456586245773
237.55344655605705,0.0027173193463065786,0.030309972476464376,0.0004629208193792683,0.00031345236010988503,0.00905072262676206,0.022029152937615475,0.000207316247499346,8.337107484285531e-05,0.009104649908448306,0.018464829524876204,0.0016634645710115366,0.0005196163702401498,0.003213591588503598,0.009481774815567213,0.0037458289563450154,0.0020373953669381964,0.004897447372224501,0.015131709343794214,0.0045703436685365344,0.0017448594728238765
237.49703395891717,0.0026973375089344273,0.030312185262630482,0.0004648960641874305,0.0003141107036287528,0.009080270109055719,0.02222077920226378,0.00021311552886645206,9.284416903699178e-05,0.010974324882779317,0.014257320850323751,0.0016658476756579016,0.0005540165614845942,0.004660079526361103,0.012053602124398136,0.003699284527744847,0.0019691811667567117,0.00495199418425806,0.015080954027758555,0.00456626141797245,0.0017354037648542441
237.4406481483856,0.002794236038784434,0.03039399400287454,0.0004615964510113742,0.00031415219154805194,0.009277925048725662,0.021956605505065934,0.00021475197345035055,8.865862777947388e-05,0.00832108329233812,0.019323583533278354,0.0017647696179810702,0.0005624134505698304,0.0009644049502967379,0.00967765808152659,0.003769924967598932,0.002025787249818857,0.004946563144558111,0.014992178674316601,0.004550723426273425,0.0017479145095201758
237.38428910538812,0.002734828964047035,0.03027738602068325,0.0004629354312362171,0.0003138454028447623,0.009267291265411568,0.022077748921726793,0.00021400234701036413,8.86555797758629e-05,0.004609005972966422,0.017255383323263204,0.0017205473877478375,0.0005307328084838428,0.006272543310558421,0.009570789470022406,0.0037454741244387947,0.0019885787125757896,0.004946691065267974,0.015022083666615633,0.004560766469408031,0.0017505524118283367
237.32795681086856,0.0027146126999495227,0.030345315801237477,0.0004618998720443632,0.00031360525639490173,0.009215388803470064,0.021814463266345483,0.00021337152610907665,8.620385044921935e-05,0.0072570561132560005,0.02022026532227211,0.0016910420069386548,0.0005481677770184441,0.0034885949198294837,0.009947310697397667,0.0037190385533457755,0.0020440190369056736,0.004932173112687405,0.015107793891280646,0.004566363644632647,0.0017543916769519835
237.2716512457889,0.0026200302329353,0.030265011447131396,0.00046287042920519416,0.0003130871611034416,0.009242242527016135,0.02222827488056794,0.0002106970927058169,8.687726525897608e-05,0.004358834508935465,0.015448329055231469,0.0016844418063722201,0.0004973384078571263,0.008595244860878993,0.010483865837377496,0.0037493049370961903,0.0019704274870311466,0.004980195699665236,0.015054677881294951,0.004573954965327966,0.0017423621268354437
237.21537239112908,0.002654278131702344,0.030398182158650564,0.0004627100206863112,0.00031438836640170604,0.009228042110833456,0.021929530436726553,0.00021041733792643023,9.02285785840058e-05,0.0077422625409294624,0.018572003105353046,0.0016603515813063232,0.0006107210558035141,0.0026020065534435094,0.010095276535668924,0.0037106713245233344,0.002035909280081574,0.004943261717111449,0.01510723012673167,0.004564300304438008,0.0017318704586260058
237.15912022788714,0.002661299093193384,0.030373490740387747,0.00046286242337579105,0.00031473086480322886,0.009150078081710509,0.022102402037421816,0.0002093170733162556,8.725160267370235e-05,0.00858730276648709,0.014597974132791233,0.0016947225847802738,0.0004657527196703398,0.005635358426461476,0.012554604953764911,0.0037710983456691475,0.0019349021810364194,0.004878278010021779,0.01495186749827711,0.0045600872686163444,0.0017380028935459369
237.10289473707923,0.002645294780939816,0.03031583196075374,0.00046375166937028786,0.00031546803208059963,0.009191684753997072,0.022131473320910772,0.0002091669506332149,9.372523926957404e-05,0.00865466687606507,0.018627746244191567,0.0017028762172622155,0.0006054594703372096,0.0023768034049335175,0.009448952403144063,0.0037726568988826477,0.0020270563695005783,0.004869939094371458,0.015080834297356493,0.004568467922182674,0.0017503667015981348
237.0466958997393,0.002600763067446148,0.030233185803309727,0.0004613322110596109,0.0003129047271398465,0.009010982723431666,0.022156969828280013,0.00021164941733678024,8.512766185391578e-05,0.008989463330304101,0.013463854207859421,0.001747595285795061,0.0005776496052034461,0.008027065617632783,0.01319020501733127,0.0038071903260666323,0.002049924253569546,0.004901274445490988,0.015142783491390312,0.004572289872927822,0.0017305238891757754
236.99052369691947,0.002628362537700025,0.030433844622433717,0.00046165083489849135,0.00031436770942833874,0.009492351419755357,0.022052525431640373,0.00020425564223666966,8.875607366326669e-05,0.007877270020461418,0.015054750238432925,0.0016867042224707918,0.0005346201671681148,0.0035160141796443728,0.012449072446148346,0.003796737298324614,0.0019944651606596,0.004858636626193586,0.015102601473938049,0.004555718250106231,0.0017408610372675252
236.9343781096897,0.002588329766192943,0.03030661540792395,0.00046296517138086596,0.0003137845351019363,0.009023005658678003,0.022056363729247224,0.00021367539924795084,8.43126885632201e-05,0.009187486797884012,0.016517140485572696,0.0017445726421574026,0.0005388939615342972,0.0048304093242655536,0.01156250096539378,0.00377301321363056,0.002033058698982837,0.005040514250478506,0.01496779258310084,0.004562150391860925,0.001739965852463646
236.87825911913788,0.0026402451520932944,0.03022107017871071,0.0004616722491276632,0.00031426067344637453,0.00926483181047569,0.022183976641227492,0.0002033857732025476,8.636560375554587e-05,0.010074816912261034,0.019074810119133277,0.0016474948391207655,0.0006017907398747961,0.002134776018988001,0.010013295218623288,0.003779406625164135,0.0020823324794646014,0.00495610093732307,0.014978900666698481,0.004566026538621541,0.0017370746395606329
236.82216670636993,0.002622326551230706,0.0303102665992108,0.00046219726343270145,0.00031445342729811027,0.009215569989227821,0.022196123671485445,0.00021330769889230144,9.293845566162178e-05,0.006606628064026805,0.01989884669220554,0.0017351026340493457,0.0006496518225279929,0.008184987115304946,0.00474746497062748,0.003759340122065561,0.002063748250069735,0.004897014810540063,0.015039402107870723,0.004552462256204712,0.0017396803318638578
236.76610085250954,0.0026879188762111315,0.030277379055054607,0.00046185574430674856,0.00031352834412220305,0.009321691319155643,0.02222418338581494,0.00021128743242821967,8.442458429273032e-05,0.0021329095436356084,0.01866512755380854,0.0017889660937498004,0.0005772618548419723,0.009290753061848277,0.007000493541639815,0.003847450686023579,0.0020650274757527684,0.0048419905418216735,0.014995179021397092,0.0045657279400432875,0.0017453032951932753
236.71006153869826,0.0025632904306228015,0.030323521577593895,0.0004628343566182376,0.00031407007647736015,0.009291701469679286,0.021966664515388187,0.00020787651622658176,9.092157370550978e-05,0.002189454117824628,0.01776799182846865,0.0016611027807148305,0.0006289911361371341,0.01147824432706057,0.01211294167773413,0.0037461841734246232,0.00206576026924829,0.004953638583010871,0.014973096226729507,0.004561576582786493,0.0017390438359112458
236.65404874609564,0.0026403803621785895,0.030217100085115634,0.00046207175769299286,0.0003137520022560661,0.009334879599409755,0.022202988512227212,0.00021305634239242102,8.844602434408209e-05,0.006791818172459107,0.012407013667699624,0.0017746312673481911,0.0006522560579246792,0.008759304969029167,0.013647254507070106,0.0038157417430016815,0.002103834718331602,0.004984055168790133,0.015095466819222152,0.004564086193481607,0.001737777288875234
236.5980624558789,0.002728443232998347,0.030268823275619184,0.0004617730564859105,0.0003145988174100739,0.009362639672071372,0.02204544737391412,0.00020991811557128132,8.714519499530402e-05,0.004781344906887164,0.01590406914487798,0.0017132940120440144,0.000660924544838009,0.006712518037194282,0.011457323570169146,0.0037805825698201813,0.0021336500667238473,0.004825932823677551,0.015147164047665413,0.004563077657098675,0.0017387365310937417
236.54210264924316,0.002587638309629042,0.030285565015678185,0.0004611111141817312,0.00031506269114324193,0.00927891335846667,0.022082329776900684,0.0002095965945906581,9.172621519072925e-05,0.005987019031324045,0.015955944587902938,0.0016338823251679938,0.0006918729078016653,0.006110670778101774,0.010932249702708311,0.0037041005816648297,0.0021174050212010966,0.0048015692479200485,0.014977763630636612,0.0045618080672832195,0.001735649284890561
236.48616930740133,0.0025972322992352534,0.0303535423058287,0.0004619381466400267,0.00031313471049421756,0.009277999948623309,0.022047127986701616,0.00021318033161016144,8.888695253411458e-05,0.0033995743639527952,0.016837315369489507,0.0016511618679198887,0.0006640747121547673,0.007441238616499994,0.010165064833239531,0.003678321205822862,0.002117715735849984,0.004986223551745269,0.014912832649911067,0.004558452492378135,0.001740810333682042
236.43026241158395,0.0025668709882652584,0.0303469338782722,0.000462179570137212,0.00031364815024225427,0.009188781084010719,0.02219688182807859,0.00021262339779859826,8.686383134821215e-05,0.007140867879546893,0.012527025432298444,0.0016185299417940642,0.0005532835123870565,0.008642695411502964,0.012942821444103431,0.0036560888583495863,0.002014337196685029,0.004882200825252254,0.015160682157574861,0.004559842325400717,0.0017349071130732256
236.3743819430395,0.0026562384736622427,0.030488904084216985,0.0004618708376883159,0.00031312177047688983,0.009364615538285175,0.02191074082858452,0.0002080905337616073,8.539767797285172e-05,0.004811335155859968,0.017993990246177365,0.0016741994433540125,0.0005290387199759582,0.004184125588774284,0.010223483838328436,0.003759971713246669,0.0020203498554763003,0.004881546243115571,0.015140316682316454,0.004560802638626408,0.0017476578460782987
236.31852788303405,0.0026593492297124085,0.03039549442859007,0.000461367876984047,0.00031391563391168205,0.00910318973682671,0.022227647005246425,0.00020897227222879433,9.2586486100369e-05,0.007090101790833656,0.012530964229503722,0.00172593853402516,0.000614654517108882,0.007461332985861517,0.012483469914289858,0.0038274464831387924,0.002024350283619342,0.00475934771549073,0.015200014978512819,0.004571568836585077,0.0017363160358118976
236.26270021285143,0.0027076978063888778,0.03044612391976272,0.00046078881818231515,0.0003152967598552535,0.00927908928975599,0.022151443730070188,0.00021426157748069015,8.744192224504088e-05,0.00840691269582996,0.014893336363484814,0.0018641686344613912,0.0006695757800833527,0.0027084118320921803,0.010549759263768117,0.0039061961580770985,0.0021361478743217284,0.004951590529881396,0.014921813049717856,0.004569558658712869,0.0017402837689607863
236.20689891379317,0.0027490922786074664,0.03021388186728788,0.00046230265455082955,0.000312961749044647,0.00934249232228411,0.02205830164591064,0.00020986501420141817,8.854602208031025e-05,0.007036065405904739,0.014730875354794004,0.0016278156994070623,0.0006607066088020114,0.008406578554288661,0.012704321655340349,0.0037020869289119346,0.0020917384267514242,0.004883688067010207,0.014944158922842093,0.004568282693084372,0.0017207421729386204
236.1511239671783,0.0025244911965022886,0.0302976991508203,0.00046169468875299476,0.0003143253112310218,0.009329001708261583,0.022107793797941474,0.00021491562321452964,8.829837466778481e-05,0.010151103822871814,0.014134240441850944,0.0017386947505304297,0.0005566593803211423,0.004215129439568502,0.01553869662677374,0.0037228256425785667,0.0020050582002288713,0.004973770384906406,0.014908362018203841,0.0045421028678512675,0.0017328011311541136
236.09537535434376,0.0028003687487168642,0.030417553249658207,0.00046064837335679744,0.0003122275952592098,0.009373860209521655,0.022048211447504174,0.0002118027047055295,8.857175374615068e-05,0.005942196418941871,0.017243886528473994,0.0017391267044928075,0.0005753418301639724,0.003939779210708986,0.008994085198477556,0.0037876176293302572,0.0020350571949849165,0.00483737239352782,0.014988828990794366,0.004560965162184791,0.0017397852631352898
236.0396530566439,0.002570680282074391,0.030324641152246954,0.0004624955438280611,0.00031256921200934043,0.009492624864321475,0.02203224524230636,0.0002089390187423571,8.823863319319938e-05,0.0050002849991430225,0.016466102675970287,0.0017185477639120922,0.0006800270843384962,0.005710019041613908,0.010408060201812341,0.003786809919471858,0.0021356368273610445,0.004963682102644185,0.014995909983859423,0.004552620771250574,0.0017383351915336925
235.9839570554507,0.0027056246036996196,0.030606026147844398,0.0004627250002063856,0.00030982394505426497,0.009292134871789039,0.021954298534133467,0.00021273879077945618,8.89172584808634e-05,0.0035602322128345638,0.015643588006854926,0.0016724557960935654,0.0007268935917377746,0.009953732798599468,0.011561963253999493,0.003711887346630378,0.0021744539107964728,0.00477338127677864,0.015119561092964685,0.004566070881127869,0.0017417524399483018
235.92828733215384,0.0027750248181897057,0.030437560554023232,0.0004626355297811785,0.0003147514371363706,0.0094541892087131,0.021970713318712087,0.0002098422023356992,9.392990053072954e-05,0.008357380704712484,0.01206177415216847,0.001628526630638164,0.0006109463871451255,0.005398979823004355,0.016893144204513474,0.003688181044673282,0.00202018190197205,0.004958867728769467,0.015041971653960593,0.004555304387651445,0.0017320631638312067
235.8726438681604,0.0031542376383885823,0.030381627137727612,0.0004650975419051018,0.0003115932363645314,0.009138502066384991,0.02198887345111772,0.00020926331146878786,9.583805297097453e-05,0.00800537089384552,0.019940584271830854,0.001692078090656033,0.0006574479271024475,0.002113544634159367,0.008073768125249204,0.003756996486569359,0.002035721292234329,0.004965795212655955,0.015068110137422626,0.0045590638559391385,0.001745146357417592
235.8170266448951,0.0029104444035849167,0.029985550471353234,0.0004742215836046166,0.00030847478494159755,0.009262538131743499,0.022185669907796832,0.00021153040797377803,8.832259114675336e-05,0.003927898586622965,0.015156999794525951,0.0016628901754768778,0.0005969055438872261,0.009001196934170884,0.010662964145795832,0.0036982849851563415,0.002036865427199265,0.004872904769086333,0.015006390723207488,0.004561185500784002,0.0017319855325332483
235.76143564380016,0.0028772895262130765,0.030256238112104993,0.0004560782839293746,0.0003165862741040574,0.009323337717933759,0.02203308505988646,0.00020812510152708207,9.368759411473384e-05,0.008207689652181814,0.011643927489499743,0.001599011933655536,0.0006145195554205185,0.006653345671101877,0.016579788505512946,0.00368697354983956,0.0020244465336150988,0.004833236955474398,0.014907170345602605,0.0045537794439952225,0.0017375257622865299
235.70587084633516,0.002726736916385935,0.02994225899472823,0.0004628304738788262,0.00031488861100835625,0.009337604803236178,0.022188679497976777,0.00021629450666456185,9.181423102820145e-05,0.007365169958215751,0.018862015255676264,0.00181848931992559,0.0006647653808215611,0.0023168515673677456,0.008600167867150657,0.003815835217849188,0.0020843044138686507,0.00497641434026967,0.014997364863203985,0.004555867022117136,0.0017267828566469108
235.65033223397742,0.0027248999550368983,0.03054182647388676,0.000455787403283411,0.0003149475403594018,0.009465849720718445,0.021998365280762402,0.000210792818467505,8.538917276655698e-05,0.002744250686921498,0.015994911323784285,0.0016391836967859417,0.0006416117342428675,0.009276891473186237,0.011414078206674802,0.0036847353364811426,0.0021269352154265047,0.00487459222888471,0.015033280546698285,0.004539017273885394,0.001738911590024961
235.59481978822146,0.003295256847585189,0.030073194004633746,0.00045978605353870077,0.0003144936230607862,0.009266085561197769,0.022004633765426274,0.00021146048742098024,9.742025152457708e-05,0.007747521164988652,0.01505659279886714,0.0016431858870894264,0.0007120959625685205,0.00627340196174393,0.013138099983858013,0.003687421108240744,0.002098171037607475,0.004927087960060976,0.015052350239714452,0.004550712964908936,0.0017519496274107048
235.5393334905794,0.002442899879886281,0.030199872055756256,0.00046480865444436387,0.00031138841500635904,0.009356126465477614,0.022056149501232376,0.00021090126596722648,8.741324548767381e-05,0.004767452528511444,0.01647726136089552,0.0016870415699718427,0.0006342289350437781,0.00515530645874851,0.010385076626907247,0.0037275028624954025,0.0021084554665616725,0.004820670577151218,0.015022111997797245,0.004553157393489077,0.0017463167725041762
235.4838733225807,0.003570915644228751,0.030383722710061914,0.00045948944428873806,0.00031568172121369055,0.009173084095106905,0.022190698161980507,0.00020677857345433322,9.206266210280563e-05,0.005801629217071154,0.012934495144533658,0.001608568589093879,0.0005716781131516923,0.005501525926817887,0.01180162902442704,0.0037026814625448533,0.001998695479789046,0.004844991393999212,0.014931962821915057,0.004561068557932861,0.0017432447691169788
235.42843926577214,0.003035293469868784,0.029275116832342248,0.0004615099366956852,0.000311573677977503,0.009434557344401994,0.02210769064596495,0.0002105007879450659,9.115394814465494e-05,0.004519750595491258,0.017675118461418875,0.0016727586187235287,0.0006144657371375091,0.004376282917468223,0.010479370974079989,0.003726191132593807,0.002033194361444209,0.004905839245619949,0.014989878940335606,0.0045571109888181355,0.0017274811653229046
235.3730313017181,0.0026262536548127243,0.03013743871789988,0.00045687387489399926,0.0003124585281491783,0.009369954380331695,0.022018132928025593,0.0002124325933336894,9.663172262865504e-05,0.0014834956021623094,0.017175030578356485,0.0016845228997396783,0.0006751511797780251,0.008473272483917499,0.009728776255692463,0.0037211834827192186,0.0020486474476179087,0.0047922624482234005,0.015077355270294381,0.004546947116512865,0.0017393475612846538
235.31764941200007,0.002354769614268804,0.029710154348850364,0.00046039989196472106,0.00030291593922215465,0.009464947898920342,0.022175710100601768,0.00021106666786549854,8.998101397065641e-05,0.006671206560488384,0.011142276138199604,0.0016418338924587166,0.0006675849841580138,0.007750207005455157,0.01609268970053953,0.0036971186676322313,0.0020956971676773127,0.004835303025910986,0.014831480534423912,0.00455908779925929,0.0017471719275198375
235.2622935782169,0.0024615013981240615,0.030815854977871416,0.0004603334167561931,0.0003127725765036266,0.009471473523413269,0.021888011744233233,0.00020930476973041808,9.402394421062764e-05,0.005478029547551904,0.01633484925114582,0.0017030948886889404,0.0005738962078163098,0.003079063630818332,0.010915339195564215,0.0037796368036520627,0.001973889754051673,0.00527991288412583,0.014978264431652101,0.004562911591048883,0.0017309091036515375
235.206963781985,0.003135990355162752,0.03053068911344967,0.0004610723382423009,0.0003151548017333423,0.009226595521729584,0.021827624096035225,0.0002105566833401213,9.214523704048702e-05,0.003468208459554115,0.01822386319989856,0.0016068975889386944,0.0007223182895670968,0.007279614111708341,0.009766127168946096,0.0036476734395821673,0.002136858429321245,0.004743313177925819,0.01541230649901816,0.0045435334561319,0.0017270497607729204
235.1516600049377,0.0029655447981533425,0.030159893684930973,0.00045757536475244634,0.00031112901592603734,0.00939612649716915,0.022120922963764958,0.00020859381403860286,8.936713485764828e-05,0.004209734479076342,0.014543964266736488,0.0016853382239202918,0.0006051912676697959,0.005479263462253624,0.011546619965368746,0.003757131562246779,0.0020517597877599213,0.0045545961831230984,0.014624944369097417,0.004551577550373833,0.0017361951141284593
235.09638222872593,0.002737031565702664,0.02971142539467989,0.0004577576790866025,0.00031247173552801814,0.00944647681386724,0.022053026230585054,0.000208212629575701,9.176809660661696e-05,0.003771387231781126,0.016880646187185207,0.001643925064249684,0.0005840590565940907,0.004312803073419244,0.010905697555654719,0.0037160968329270063,0.001997922411638981,0.005292609016376038,0.015102201011085795,0.0045487799085729445,0.00173226884446855
235.0411304350177,0.004205091925733283,0.03204528468147024,0.00045941217420834157,0.00031406320388354053,0.009059686282466548,0.021629653895664524,0.00021193552017790635,9.044719072207126e-05,0.003762136595053929,0.01681080971693333,0.0017018026765971224,0.000630470161045493,0.006796961750733427,0.009574535374147378,0.003747596632318273,0.0020607408899968923,0.0045120720686487184,0.015494774109051377,0.004548833738450321,0.0017368056804871622
234.98590460549815,0.0021828991167601153,0.031155801062394926,0.00045951481608006106,0.00031372418442254265,0.009565041244700359,0.02177074686129266,0.00021208138540153298,9.170833404284133e-05,0.004267982046954673,0.016860431690387288,0.0017632731004602635,0.0006212013242372651,0.003994022399152033,0.010905835595145795,0.003798688970510844,0.002040177521150883,0.004636034539045876,0.01460411562505162,0.004548247976451139,0.0017358188727705328
234.93070472186992,0.0025521950684898433,0.029861890294886926,0.00045988631479225835,0.0003143143919414168,0.009218713182419352,0.022200529398829588,0.00021240865365657586,8.98732560275196e-05,0.006135433264925675,0.01660224603047449,0.0017672073976542086,0.0005908144607375486,0.00515819025425393,0.008821017256223593,0.0038057798338208093,0.002022866851707923,0.005177936884988272,0.015115751192191185,0.004553645367888492,0.0017334461957474656
234.87553076585252,0.002332959348137188,0.03030017026270783,0.0004592474709109237,0.0003139593409832758,0.009556409964841493,0.021991047561408142,0.00021147037881270438,8.892545399965067e-05,0.003561351087215621,0.016653783782961392,0.0016882540253744577,0.0006073032167941133,0.008163453702852885,0.010605980836337939,0.0037308622997279206,0.0020530236645762714,0.004823650471062439,0.01518381834959228,0.004548523946476723,0.0017298631133624088
234.82038271918293,0.002807097004933795,0.02978916963970775,0.0004581085458361072,0.00031285899713244097,0.009241390326309634,0.021991719872807926,0.00021119320109052355,8.869418567851624e-05,0.002191114647305859,0.018151952215666695,0.0016595720183469776,0.0005972867015402196,0.008806032760498702,0.00932179376279421,0.0037035917739402695,0.002040424299397603,0.004942135357944669,0.015453592823899912,0.004546210526308224,0.0017352120842358163
234.76526056361507,0.002334133523042087,0.030010629719807096,0.0004607111005357926,0.0003119533622349021,0.009504226871742327,0.022130530351631466,0.0002083437264748872,9.015027719234804e-05,0.006077313395399518,0.012856694096390685,0.0016441391374133144,0.0006827052386204881,0.010750592575911195,0.014059986487068006,0.0037144567105105576,0.002117213263865034,0.003957274519319345,0.014902804210105506,0.0045468189292531425,0.001728731473233548
234.71016428092,0.00237893774106256,0.03037890483531582,0.0004597727173004912,0.00031317010041563337,0.009505446365148983,0.021975405782951516,0.00021191699597217578,9.080482270716386e-05,0.005851873259716556,0.013971205153480083,0.0016920384332746092,0.0005655670251514362,0.004242758859523863,0.013389305693477979,0.0037247814225502686,0.001993822343940819,0.004840521261917238,0.0145778978419921,0.004545309450600954,0.0017369390190252266
234.655093852886,0.002818220052870414,0.030181290758076525,0.00045890764281768617,0.0003128840338875111,0.009352727891151706,0.021852968008430913,0.00021208115796019923,8.669150510497563e-05,0.003671561641922665,0.017519286931947636,0.0016746239829325091,0.0006496894607087114,0.006968702190190083,0.01121618724639493,0.003712085425458183,0.0021148585010531996,0.00455413232805467,0.014721695660172056,0.004551080578153229,0.0017300828557543669
234.60004926131833,0.0025293865450436485,0.030065288017423128,0.00045887238945982895,0.0003136366540156304,0.009328004196852188,0.022010630845642164,0.0002104251701214959,9.191958201797621e-05,0.005451329086688948,0.0147766211470156,0.0016777739521264955,0.0005754935414669965,0.005590920855289469,0.013798675323412118,0.00372685252324224,0.0019972977972840594,0.005378474205777999,0.014774223237187308,0.0045426428840168905,0.0017403387437841772
234.54503048803943,0.002460454831738712,0.030370024556300154,0.00046017922450709863,0.0003118382599061587,0.009531541391126969,0.022218298380671304,0.000212215305360621,9.053183529672376e-05,0.0035290439535037915,0.014181125479801875,0.0017253449921721474,0.0006758760072062519,0.005226076242934266,0.00936178662878967,0.0037768344920696075,0.002101600773222911,0.0047578018157159434,0.015094770293394968,0.004555351958755141,0.0017392420522990254
234.49003751488868,0.002726425405914457,0.030373366660265463,0.0004597957377277265,0.000312609894213591,0.009437073686928948,0.021751117639625978,0.0002108030248749223,8.940016493577457e-05,0.0033474722283150567,0.017681519035235765,0.0017618507983226874,0.0005435794867843277,0.006086062584698024,0.011953573305338647,0.003821810204676594,0.001977834215443583,0.004737433864235606,0.014710330601618237,0.004554111847760745,0.0017317281175612406
234.43507032372247,0.0026670730114796088,0.03013808723339476,0.00045943182181179727,0.0003100161089252794,0.009372197483596008,0.022116140107096675,0.00021309605894796675,9.20967555340882e-05,0.004274591582103315,0.015793597407340664,0.0017569918237732905,0.0006288909070458243,0.005725604478546328,0.009563647729686348,0.0037895532466226058,0.002018125048905132,0.0047649723803482825,0.014858289002998935,0.0045479653210148486,0.001718455093803986
234.3801288964144,0.002663704861662209,0.030270631715417846,0.000457344274927844,0.00031055165425195497,0.009498325097267436,0.02196651598536527,0.00021102798442981533,8.92854570303948e-05,0.0038509849290345104,0.012882472665071785,0.0016000747621803214,0.0005426253157507707,0.0058958289019188734,0.014871277985705504,0.003626213166143594,0.0019753686502434033,0.005067055944704875,0.014888727227147474,0.004531614736609773,0.001734042288016869
234.32521321485478,0.002657297437862478,0.03023731814063929,0.0004571884876451543,0.00031356485899981725,0.0094064929954609,0.02209661329262763,0.00020976763782996896,9.217123968638816e-05,0.005036137051023361,0.01592298043766997,0.0015614468349714598,0.0005685402570432451,0.0038121335233946446,0.009935823004776986,0.003624508685115198,0.0019654189628985964,0.004848673518414311,0.015016067892477052,0.004553366058729632,0.0017394054016221995
234.27032326095107,0.0027106461636863238,0.030170583016607425,0.0004580958046036834,0.0003124113895028809,0.009517680443238113,0.02184654161034148,0.00021066490820150277,8.897187809734149e-05,0.0006199835436754417,0.018191982964666596,0.0017022338869728878,0.0007350209371046716,0.007607487043645437,0.010277235974592265,0.003751719252931385,0.0021722370930869726,0.004963074081394408,0.015081100780772442,0.004543895559526754,0.0017265985443901482
234.21545901662768,0.002581875289212377,0.0301787942429547,0.00045808006252935483,0.00031465713943554393,0.009274904004327783,0.02206761153219502,0.00020948336004044177,9.425376940230366e-05,0.008390953215375528,0.014575450034088788,0.0016334090086991809,0.0007519389341382721,0.002479114611339217,0.012719339125367884,0.003677911366089109,0.002150527488963749,0.004578323524211623,0.014980190845926788,0.00454139798175847,0.0017375526049231331
234.1606204638258,0.0026204281159832765,0.03027420218297259,0.00045754765724562076,0.0003062339918622531,0.009507185965126378,0.02207386620694529,0.000211154681360311,9.160674416856422e-05,0.0020335557233937067,0.016475813090688848,0.0016660430937975419,0.000669652399207736,0.005933652595227653,0.008727463493400138,0.003708167145888096,0.002086205802032424,0.004905199180924315,0.014921892161218198,0.004544404272917119,0.0017385395593890029
234.1058075845038,0.002625857445232967,0.03019826872490067,0.00046310425468811195,0.0003081179635203374,0.009420131744969706,0.022076396758023215,0.00021215491156456855,9.209035895086385e-05,0.0020449319205665226,0.01579638641851688,0.0017098336487011284,0.0006626671657016488,0.007530934772680011,0.009717234691968116,0.0037475689160350704,0.002069876381137455,0.004610513913458525,0.014867827815328132,0.004550099077444986,0.001734456305380654
234.0510203606366,0.0026470004258314327,0.03017580160070287,0.0004555867678308309,0.00031387212783212784,0.009601587437387394,0.021748457648969967,0.00020891133500958875,9.21403528172125e-05,0.002107091863371512,0.017333041906837706,0.0016346854140995293,0.0006826658713520096,0.005698889458982196,0.012383552657428621,0.0037008423541277677,0.0020910639758807983,0.005081231536606137,0.014936196645396924,0.004538208763643106,0.0017295687573679712
233.99625877421622,0.00262552857715746,0.03022317888673989,0.00046117683244017326,0.00031633219151710844,0.009250581126925986,0.02197252270473401,0.0002108572699753254,9.356116814369167e-05,0.005747710181900633,0.015243577297932359,0.001630236780883798,0.0006943333263854446,0.004148294046329592,0.012577000646592618,0.0036722131988950824,0.002109210722114739,0.0049728574584654555,0.015068721389859157,0.004544632099578134,0.0017440841812197017
233.94152280725152,0.002757474181606125,0.030170397707142024,0.0004580244555546853,0.00030081644864247953,0.009624492579445308,0.022146384324384486,0.00021208467619585045,8.903787070029155e-05,0.0037874139977683435,0.014985369312680477,0.0017665888759906309,0.0006466157341368699,0.0027198146463983442,0.009807647851642254,0.003802364719800043,0.00207126052043782,0.004787351798648108,0.015084398557300214,0.004549542155629166,0.0017349296446563676
233.88681244176803,0.002650560016894818,0.030072850835404456,0.00048728822183457583,0.0002843414480386834,0.009478224219184268,0.021775965399591025,0.00020494181931197117,9.22300002979064e-05,0.0011833329848110266,0.02009640922734407,0.0016598789253778,0.0007692493994930103,0.008924320477765965,0.009443057132689702,0.0037301429018281066,0.0021413872961142466,0.004696832212793776,0.014921193758150302,0.00455192849376115,0.0017386348361331445
233.83212765980832,0.0025838170372806555,0.03017264686582751,0.00044412351046474604,0.0003167858854870637,0.009637461550950724,0.022085881531423265,0.00021791511724780468,9.209163356507068e-05,0.005345849709699255,0.013531117668825064,0.0017873045233852915,0.0006608108315050972,0.003138487174222208,0.013299658712514963,0.003783709585406055,0.0020753242874774177,0.00468705024513685,0.015030229687198297,0.0045424817522794845,0.0017239093362659856
233.77746844343156,0.0025610400315900844,0.030075130635473825,0.0004545547080319927,0.00031458140971068907,0.00951564511773767,0.02197418246354406,0.00020714926793959814,9.353907702409671e-05,0.004119370968397623,0.01814239884985262,0.0016731771226804817,0.00071171142004263,0.004654560217540137,0.008719416386798575,0.0037524090491856885,0.0021055299005267843,0.0047740412147761644,0.014667064475422847,0.004538442474899513,0.0017363099672801916
233.72283477471373,0.0025455411746802105,0.030273427413589384,0.00045180845997725116,0.0003162350886151334,0.009594486954964171,0.021850842831277365,0.00021185758953401874,9.271622087861e-05,0.0014353088885035567,0.017187754161213577,0.0016931844874452273,0.0006732914066384779,0.0060676446289891686,0.010933764569285912,0.003737901806383518,0.0020860078740062814,0.0050641050106912085,0.01493505279322459,0.004541541329979238,0.0017332804604218426
233.66822663574771,0.0027414441232017704,0.030043677702817,0.0004645731195066152,0.0003187649963270772,0.00944924396804002,0.021764389112697857,0.00020702545231302802,8.996398074274036e-05,0.0030384192114135053,0.018006244386898594,0.0017304533872838158,0.0005714704864211286,0.005176932708371546,0.012112158912122516,0.003804949012916969,0.0020295650120159842,0.004775546850086518,0.014810170305026668,0.004546399285751782,0.0017512007162168814
233.6136440086429,0.0024429668138033355,0.03016343705607064,0.0004609055826532444,0.00031565083330634537,0.00945537467340438,0.02217266408877969,0.00020801422158096572,9.148090791963442e-05,0.003998137682053464,0.014142196097959496,0.0015512030565359074,0.0006094132133133929,0.004299717865421097,0.010221385454153971,0.0036189878459080517,0.0020230269850886455,0.005085661308555812,0.014814870415631384,0.004545965467890575,0.0017387305259249951
233.55908687552548,0.0027182487013043257,0.03021346621139284,0.00046023348620938487,0.00031677067038620967,0.009494616209780048,0.021769918738650938,0.00021056299414973377,9.429700276155446e-05,0.001958952968623033,0.018350106515366133,0.0016922111611563696,0.00077684048750574,0.0044528242565909796,0.010767275750423489,0.003726995609720717,0.0021814399760476115,0.005422954445786498,0.015281084412229555,0.004533982633854067,0.0017370237927797894
233.50455521853846,0.002521761602765684,0.029977900075281894,0.0004612618044646032,0.000313066570308848,0.009410898879654548,0.021879421218138156,0.00020974858938120362,9.023638522068884e-05,0.004445809873257115,0.01740348940637752,0.0016496890056863598,0.0006301066639749624,0.004339910210572185,0.010904565611520613,0.0036854518503392254,0.002047799551871562,0.004300064238246687,0.015561397237490343,0.004527037821066345,0.0017155534788648801
233.4500490198413,0.0023682770174058704,0.030374080493074856,0.0004582400188166683,0.0003142930963318022,0.009490880538197447,0.02182658721102575,0.00020591602416308727,9.279937503236033e-05,0.0011175303415302763,0.017957955481545794,0.0016823575206321897,0.0006735069594472639,0.0072527699775881485,0.010910072158345859,0.0037767938980345812,0.002072515078571452,0.0046905978577173445,0.014001286495424687,0.0045460815913197766,0.0017224635613975175
233.3955682616103,0.002843308083542158,0.02959736183029417,0.0004600813708073681,0.00031468518690066003,0.009648840683040819,0.021972058775312883,0.00020795651186387848,9.260517174104051e-05,0.0038775981919903814,0.015913393956144342,0.0016096139727771231,0.0005349857309406219,0.002012302098573407,0.011018481390551484,0.0036694884483565353,0.0019365720883319387,0.005371605249079702,0.015289310572910447,0.0045389352696794455,0.0017391689811918727
233.3411129260383,0.002610058137403901,0.03015479983792001,0.0004610246486253124,0.0003145453957479271,0.00949677647631812,0.02199132725467292,0.00020852751860463034,8.807428960471461e-05,0.0018576016958004801,0.01838626804509015,0.0016885547624621682,0.0007246322671179454,0.007432802850169209,0.00674060100929974,0.0037421997340666554,0.002170131662199211,0.0045666932687922004,0.015162357152906779,0.004537764363646748,0.001724855847663394
233.28668299533476,0.002795502205909957,0.030092742621720233,0.0004637237240846322,0.00031623774191023884,0.009284186800873097,0.022067925462800085,0.00020566244767742688,9.100537702288394e-05,0.003713145398798347,0.01694452027211608,0.0017500839973392385,0.00048039514951568737,0.006991926628474454,0.008242652331285917,0.003835158903462292,0.001895126776615198,0.004775039018594619,0.014721633919168677,0.004546991144212167,0.001728391478725095
233.2322784517258,0.002729914692066675,0.030016407331450504,0.0004612299346688868,0.00031267418535783486,0.00905016448178327,0.022312482186731077,0.0002124695269425359,9.079127000558552e-05,0.003803010619996182,0.01286533341312875,0.001578999965425212,0.000558756344328704,0.011256726002000776,0.011624252883204265,0.003597630823510219,0.0019674246136193764,0.004560774963453975,0.014816319591981042,0.004536992196966193,0.0017277465428644544
233.17789927745397,0.002584335743606964,0.02981443005841993,0.00046223362543150486,0.00031174101751583176,0.009307607330497097,0.021957571075982955,0.00020921484473941892,8.89354655182078e-05,0.003428505717352568,0.015568991468537189,0.001660543715096132,0.0006010650397653985,0.006347456985636448,0.012577750100038476,0.003711992803356428,0.0020354961733431063,0.005409638321619262,0.014296640321895142,0.004541548815342348,0.0017300510800651694
233.1235454547786,0.003200032495883084,0.030280861303360506,0.0004606045041901026,0.0003138605905832095,0.009419186434672284,0.021764964088390282,0.00020890156475654028,9.188287539063673e-05,0.0010291037498888417,0.017244121519645852,0.0017039645409581347,0.0006201199024548958,0.006904322246809738,0.010441363055441187,0.003754273061913471,0.0020326531496503305,0.00492705138363768,0.01622205581667173,0.004534504410168064,0.0017290116983037062
233.06921696597536,0.002734389193514483,0.030354040036222205,0.00046082162984936053,0.00031396431973525234,0.009498357609406259,0.0216149156449015,0.00020726189715397793,8.997930582815122e-05,0.002765321643981295,0.01712077693806198,0.001593370168166151,0.0005567197335912053,0.006077752034590766,0.014963396210766894,0.003663691822718771,0.0019767603118694054,0.0035976266160076677,0.013166037571248948,0.004538982834833098,0.001731601814362761
233.01491379333646,0.0026592888223073213,0.03007586899827275,0.0004601748202132481,0.0003129406305878767,0.00952976272153129,0.022216278946696578,0.00020786337827875503,9.021459129707547e-05,0.0016980626815126943,0.01487714081774776,0.001704002915477714,0.0006970485861065554,0.005356626049729814,0.009657916831604323,0.0037714369871874967,0.0021225767355049496,0.006712648341791836,0.013890405638306569,0.004540608415605422,0.0017248460688312846
232.96063591917078,0.0025599496837856632,0.030118102467897104,0.0004609263558569373,0.0003124707776365751,0.009397213927679062,0.021426937032704693,0.00020610646368851985,9.156095364945202e-05,0.0016829754245870508,0.01928477941337515,0.0016497090670372315,0.0005116615561846291,0.008499457845104983,0.014917539401772465,0.0037388110330498574,0.0019312249222025772,0.005545932850115026,0.014337960822144334,0.004539909336922578,0.0017322261909667985
232.90638332580352,0.0027026314928000074,0.030092488390710683,0.00045976172820187845,0.0003105984749517593,0.00955585641044427,0.021614837710939486,0.00021098741561171157,9.069006852757947e-05,0.003950996836777202,0.017767553762844834,0.0017464149551022516,0.0006218375122355389,0.0017308880953091803,0.013325528357538663,0.003782054955869249,0.00205000481213127,0.007465080776783462,0.01644137330906113,0.004538687420410578,0.0017320911892543137
232.85215599557628,0.0024968446893124272,0.03014712238069004,0.0004625846542520098,0.00031225000933745705,0.009404596134544136,0.02206260867108723,0.0002077857328866103,8.931960396204208e-05,0.002631498110158749,0.014859001516768989,0.001596035970560161,0.00047558712147953826,0.009186602068498449,0.009342851186586447,0.003646679452072579,0.001887218166288222,0.0036209159841974125,0.016410000087880447,0.004531054521113654,0.0017278149918316201
232.79795391084735,0.0025116574940853382,0.030187856600306946,0.0004613981435603167,0.0003110757130221014,0.009217705720145972,0.021731025183243328,0.00021005004755154477,9.184296578167736e-05,0.0037469745111324932,0.016132303016899743,0.0016525150554863905,0.0006411887619157723,0.007572255382374239,0.01351946956234783,0.0036945734931073154,0.0020521307613973485,0.004728089225946906,0.014966637952979658,0.004534175011253016,0.0017323208912287343
232.74377705399118,0.0027444353864521038,0.030131953187724946,0.0004604129805829476,0.00031262477610446895,0.009574848693751813,0.02166859559857884,0.00020919323109833078,8.721263163562319e-05,0.0028574917336020647,0.01784512778500569,0.0016430017541279565,0.0004819164609673709,0.00404596832484473,0.01283443996970552,0.003693037693050883,0.0019198603218124899,0.0034079372860166164,0.014644770651651874,0.004534588840330384,0.0017230984517111886
232.68962540739884,0.0025905955274956095,0.030085752910501435,0.00045936722652175596,0.00031395186018773075,0.009327464880286213,0.022036634795729024,0.0002073276364382934,9.183851133013809e-05,0.002743691184406639,0.015773430733485524,0.0017565626968679274,0.0006654058869019442,0.0063984313915514505,0.010288935016635366,0.0038199663380353178,0.002081239275889794,0.005912055182904863,0.014183204566735837,0.00453134622885982,0.001731826891161043
232.6354989534776,0.0028748972802508277,0.030144198412511414,0.0004617781068767861,0.0003102479990239734,0.009495845973293313,0.02180198694698391,0.000210848670235518,9.014846553126667e-05,0.0021555804761367154,0.016396348023591186,0.0017026255894257664,0.00047856622272234717,0.004940473058559945,0.012182784921749387,0.003738032226146491,0.0019118689588905142,0.004443510392654136,0.01493809872202029,0.004536451115353201,0.0017415844278804982
232.58139767465119,0.002854230309834517,0.02981296410070984,0.0004586736631152747,0.0003187326758167608,0.009265361210707068,0.02188660146425303,0.00020322126801661878,9.195243370548186e-05,0.004336099784179616,0.016476308071881326,0.0015635159813322385,0.0007382904585194234,0.00459816407243988,0.011989206696899367,0.003676430096738842,0.0021428598228569627,0.005454909332237837,0.01479919012494815,0.004548559047633691,0.0017286364341269674
232.52732155335974,0.0024611209143371865,0.03011966173947659,0.00045812458555191156,0.0003114234944968116,0.009539205341647069,0.0218072160140262,0.00020861404584772848,9.436929885848942e-05,0.0021783339825790365,0.017948252297714754,0.0017182507401763962,0.0007081146428378095,0.007295679346094307,0.010451334229561706,0.0037602572085789353,0.002084268953976928,0.003992861349490856,0.014795680900878707,0.004519434746258361,0.0017220837682758873
232.47327057205953,0.0025772056862080014,0.03004337557202314,0.0004732219237211892,0.00031156796065338145,0.009482666320927053,0.021832147100119863,0.0002053007778307363,9.296370579369382e-05,0.0041934584375684465,0.01731453535909438,0.0018203858921726583,0.0007577432484328176,0.0036756254593821158,0.011023624534512673,0.0038891839460904482,0.0021822883830892492,0.005560649414081677,0.014615649402608386,0.004537042803216687,0.0017503407845724701
232.41924471322338,0.0026460459518193717,0.0300316520877802,0.0004645146279720157,0.00031048786935000867,0.009574119621354684,0.021781053751267123,0.00021014652452482297,9.344013362271097e-05,0.00100858933237066,0.017125561572844915,0.002069224264913902,0.0006441883578939918,0.005645008735188735,0.012058126848961716,0.004132452637497608,0.001966515273755615,0.004420220507615602,0.014833287240058795,0.004549519294106858,0.0017189724215117507
232.3652439593402,0.0027144115897446944,0.03017088961415143,0.00047056955109046417,0.00031890112510734453,0.009346690435201178,0.021603426890272545,0.0002065201181338929,9.25709593279274e-05,0.006711167400326883,0.016889964677934712,0.001849866209289449,0.0002982757786759847,0.0018881766608511855,0.013447424945857144,0.003901454658339976,0.0016887840125553158,0.005540817796761925,0.015114978698296658,0.0045212019498595945,0.0017242338857045788
232.31126829291523,0.002498295517752345,0.030197544960099916,0.0004585468446088279,0.0003198109444701785,0.009457908774564223,0.021823292207519,0.00020784577569110948,9.257814807046966e-05,0.0028585454925218854,0.01672879811756047,0.0015446669827732875,0.0004198685234947125,0.005485954685644766,0.010963973737169615,0.003599227913572062,0.0018051272060151443,0.004136031830908389,0.0149269516758108,0.004536157835022483,0.0017357961692067649
232.2573176964701,0.002546610015570621,0.030117318254306056,0.0004561485157112295,0.00031743609829410787,0.009545901857759938,0.021908542402871937,0.0002073101728442064,9.228632601500726e-05,0.001479654781577191,0.016426196350562312,0.0016411466067062781,0.0005679252688550906,0.005472591475800447,0.010745175088214374,0.0037213991805368288,0.0019771909778642073,0.004851101952820972,0.014845252199702917,0.004538938039603081,0.0017289451310465937
232.20339215254242,0.0024342122777254232,0.030083300513083125,0.0004569294173452816,0.00031068101589147394,0.009581366238051765,0.021555655838752394,0.00020449401841017854,9.115524466540286e-05,0.0033101054580863343,0.02076819525456099,0.0014712726006656785,0.0005649780620512806,0.0033813201573704684,0.010702441004252857,0.0035689059288022324,0.0019345724992298429,0.004369942783640399,0.014402586585908487,0.0045473682141128425,0.0017239397043624614
232.1494916436862,0.0026100591356792782,0.029922884189008302,0.00046245308787061756,0.00031612844686369226,0.009334485456839636,0.021759398112004467,0.00020898516992127054,9.412697074548663e-05,0.0043973491913240235,0.01871024659019009,0.0016486058504419047,0.0006778203731554902,0.0043088896282645495,0.010798710692948,0.003677742259134225,0.002052227839862314,0.005172698834498562,0.014746324569075228,0.004528628355368523,0.0017077251494971015
232.09561615247162,0.0026149553272622537,0.030158474236556904,0.00045260716175786985,0.00031775427255710124,0.00955231992583134,0.021843888454684848,0.00020783395774899804,9.498398235413258e-05,0.0017773720501366502,0.015520883928318158,0.0016440760395690414,0.0005033340304529801,0.004513920664527222,0.012409799607054725,0.0036877290716404495,0.0018835219972173096,0.004928713996220573,0.014534126838404186,0.004512290718127377,0.0017252592386698294
232.04176566148493,0.002545159398787025,0.030006131334060028,0.0004673282429737563,0.0003062513836959258,0.009357471134909532,0.021606358380179477,0.00020830851617398372,9.255229242629381e-05,0.00657794560971958,0.01950835945949947,0.001551570953282818,0.0005963399733112461,0.003475762269453301,0.010658052214531677,0.0035785478226953247,0.0019706549977965113,0.005255317528623377,0.015238136862251596,0.004520726926738435,0.0017326002982327793
231.98794015332874,0.002707510246300997,0.03011105598245855,0.00045264660144083893,0.00033275682981999345,0.00924958513843875,0.02183129556530525,0.0002093332110944274,9.246648360977513e-05,0.004235028698091052,0.01653257057007657,0.0016237695499169117,0.0006661639497665988,0.005769569044825078,0.011775465665139007,0.0036671499025283144,0.00211416160705486,0.004674067975584869,0.014741781873277566,0.004528146293571404,0.0017473898703147153
231.93413961062157,0.0025657341577311997,0.030117244531862146,0.0004259579991363719,0.0003289542094526712,0.009398471292295709,0.021731955383418607,0.0002110334908936761,9.407762806767517e-05,0.0035581629286140734,0.01789041931700144,0.0015395448586169006,0.0005852728204446279,0.004559889138551698,0.010668122615234171,0.0036286101966904924,0.001984519731129956,0.00495702021284355,0.015309912627424031,0.004548362023732331,0.001750134127377698
231.88036401599817,0.0026219180179343124,0.030054335798112668,0.0004702870667344786,0.0003330205154774603,0.00931888688524489,0.02191825271433578,0.0002045816521145636,9.451418558833459e-05,0.0036479779907836246,0.015242739863669922,0.0015489739918253251,0.0007079798342623925,0.005683835515982628,0.011736087142146787,0.0036087157304096227,0.0021331327495657487,0.004696432144624727,0.014790450968209488,0.004531435701830278,0.001741886743230534
231.82661335210946,0.0025771517814770295,0.030039336186872257,0.0003744726955378855,0.00021798052963683924,0.009449645348487553,0.02173335219089398,0.00022508239809419396,7.26832699158153e-05,0.0031863046371746013,0.015590289938260343,0.001565286764532314,0.00044278908143846065,0.0063953980698752706,0.01359109661588494,0.003608047542038116,0.0018315109673461827,0.004378639017142913,0.015070362519445218,0.004517761623141798,0.0017353733272989548
231.77288760162227,0.002652923561206488,0.029988627575166873,0.0004369002886849941,0.00030027405044308363,0.009339830103161625,0.02194983322059337,0.00020915310709785018,9.104681775651314e-05,0.004900037659114582,0.015493885996219732,0.0014903646240433165,0.000911944782440568,0.005001940501982889,0.011761496826678694,0.003511420601490677,0.002290386706089536,0.004964635734369302,0.013949111185878648,0.004504836329326246,0.0017124428187319403
231.71918674721968,0.0027242845904226157,0.03009070405738575,0.00046493282023177295,0.0003180443464016009,0.009720300352211178,0.0216438460687121,0.00020736633567093002,9.325633525098182e-05,0.0013298778586242092,0.019606206499839473,0.0017494546800425205,0.0005646090702023552,0.004546894843529279,0.010097785773323584,0.003816724453675916,0.0019619068580319548,0.005230370986024766,0.015023182083806957,0.004548981565743004,0.0017238175888504316
231.6655107716007,0.002632710181344659,0.03004539999267229,0.00043441022693726914,0.00032429071965053,0.009306921342990455,0.021599315337079737,0.00020997217670169267,9.343877160946763e-05,0.0063258095423594845,0.018639291244011473,0.0016070282400139583,0.000512501432315123,0.0038093192705278265,0.011801188101228828,0.003670052718262229,0.0019195047879871044,0.004991146607074254,0.014797782288522559,0.004519797811707836,0.0017441715302460364
231.61185965748035,0.00267022476555837,0.03014107326245229,0.00045718018732402723,0.00030008851905547254,0.009293155664735927,0.02163429740327394,0.00020820974265011718,9.13703074205851e-05,0.005055581303938896,0.018101397839234822,0.0015572296893942958,0.0004890609345015587,0.004548798121847923,0.01147109553726329,0.003610523675826173,0.0018355100849886282,0.004691818420745206,0.015323564707730638,0.004527496751367839,0.001713643909290823
231.55823338758975,0.002683489979281721,0.030058023256970202,0.00045709512653330204,0.00031598515443305474,0.00929228565545906,0.02189185078826842,0.00020991822979179008,8.990580661263477e-05,0.0040414483143968805,0.01594260685796677,0.0015275229143995297,0.0007651198153514432,0.005662118945722675,0.011385781414903618,0.0035563036994636314,0.0021994240563058716,0.004686346269784171,0.014484280399783073,0.004535050056910223,0.0017308902926278901
231.50463194467594,0.002667260617037973,0.03013224170621756,0.00045374977428425226,0.00031625849139316805,0.00960460359271218,0.021837034801737074,0.00020700138297744092,9.002553038333273e-05,0.0012805366513008404,0.015532490543955434,0.0016643658761943648,0.0006577454205148097,0.003647026959252143,0.01243620031707465,0.0037255360002750567,0.0020955460633952728,0.0053900228458218695,0.014530587682896941,0.0045271232543429,0.001727208165386001
231.451055311502,0.0026280170859235745,0.030005741130571764,0.00045483388509860755,0.0003149178066289168,0.00930517189839638,0.021523410533679965,0.00020823766370787482,9.115086603616502e-05,0.0066494172932776395,0.018870859898038744,0.0015809906832878772,0.0003274183796313054,0.004621740320620173,0.011954205631279228,0.0036347389268474935,0.0017444097019988307,0.004951649011791725,0.01567557793900792,0.0045314619638079905,0.0017334199867356309
231.39750347084689,0.002678171104009996,0.03005728691616248,0.00045554476151154035,0.00031537307551481324,0.009265983897086489,0.021856744486843015,0.000207549585429837,9.014535600665086e-05,0.006691863402876493,0.01732652993734336,0.0014828282957918368,0.0007280194508836576,0.0025681204708866575,0.010937685010722571,0.003528907240615515,0.0021316189512486207,0.004516496370339852,0.0135835821905568,0.00452782423104208,0.0017260069796141476
231.34397640550546,0.002669099061745,0.030091134745035567,0.0004427980436070819,0.00031245704838595424,0.009427712527040185,0.02197082073652613,0.00020767560693998887,9.173745567707105e-05,0.0033406458601301058,0.015217682490447082,0.0018109610995374387,0.0006257047527030104,0.0029874998048151783,0.010086498152057819,0.003899336450246751,0.0020371071083689933,0.006475534917603858,0.015452156759587679,0.004538396616652344,0.0017284683991461876
231.29047409828866,0.0026702354716097005,0.030131095408327424,0.00044518777411480827,0.00030834729347389324,0.00947850054289455,0.021657639120478096,0.0002086202794288032,9.128272727328815e-05,0.0029768520260103556,0.01814103458881408,0.0017332298458269926,0.0002777225666887474,0.0035568843427653016,0.011007082401287263,0.0037993382546973415,0.0016744686810528811,0.005057571843208163,0.015130377230875104,0.0045276839647111706,0.0017260668228784627
231.23699653202317,0.002661977094150102,0.030051579704230367,0.0004547023854390911,0.0003123579014395081,0.009286406238176375,0.021657178585644195,0.00020987053564985465,9.050906787653146e-05,0.00444230408737175,0.017716685110890494,0.0016591089005059765,0.0006535214758439581,0.004957960525923488,0.009846666599495311,0.0037034542478775563,0.0020762387500569378,0.006092534588760978,0.017425481889145184,0.004529552232075201,0.0017317330135599625
231.18354368955158,0.0026814484108182404,0.030205749238807353,0.000449606463285597,0.00030666402484999473,0.009427335547517025,0.021816541909191606,0.0002070599471596242,9.155951452296913e-05,0.0024966098277212365,0.015441143771077524,0.0017989702654802537,0.0006520794428825263,0.008048832474352653,0.01237572292464667,0.003864301953677127,0.00206037031828875,0.0012943276014114953,0.015097151665252094,0.004514821424463103,0.0017307734154186581
231.13011555373242,0.0025284537065391544,0.030155640632978015,0.0004400627690078246,0.0003131758639302193,0.009397403366703305,0.021625739391583337,0.0002073901771060432,9.171121821641616e-05,0.0030563055982369878,0.019489274060625447,0.0016268395560901277,0.0007722279797394913,0.005298270459260876,0.011266676421588188,0.0037029929939283997,0.0021914470697413815,0.005131010587356369,0.013390848410817039,0.00452778517534839,0.00172502286749616
231.07671210743993,0.0025917588976028293,0.029977958457743297,0.0004564031529067373,0.00032569909124558714,0.0091947964679291,0.02172318163925874,0.0002101100749981403,9.197762857016509e-05,0.004104659120266698,0.017274955679662345,0.001622366740369846,0.0006708847115446673,0.007028517931233376,0.01331154482121517,0.0036557775419725036,0.0020911915990383537,0.004676110363802328,0.012989651765366962,0.00452703306507019,0.001726752161130967
231.02333333356438,0.0026333938571149484,0.030165182314580683,0.00046342232517983023,0.0003111089136834869,0.009414848301894421,0.02188008415241886,0.00020323845949806352,8.956181160647344e-05,0.0046243267906907306,0.014911815821470605,0.0015940196867141319,0.0005024657388480639,0.0022747525835192135,0.012141230188204382,0.003690005642614375,0.0019158673629304124,0.007678089810320853,0.014719224828390463,0.004532132731033689,0.0017248238912353857
230.9699792150116,0.0025220509397622702,0.030060214594550324,0.00045086816033102314,0.000310253458520079,0.009676703909179832,0.02190276088212885,0.00020899484713994638,9.118247482540325e-05,0.002061488664777333,0.015155578424046025,0.0014844647400162,0.0005621331240676422,0.0038766192880281673,0.0113311821389719,0.0035222195567544963,0.0019474888330068905,0.004688204283368639,0.015974994817709462,0.004525045516452857,0.0017373262650043054
230.91664973470333,0.0023862209819915507,0.029812455507127314,0.0004639519130696245,0.00030017447450484866,0.009695511275965827,0.021466456039311025,0.00020455209233547736,8.735857284068781e-05,0.002795156000057822,0.020687054177102662,0.001759937237297631,0.0007046461114431269,0.0031623314049399015,0.011068288381876542,0.003850732905646316,0.0021551802490742174,0.00557811470798756,0.01535834582793361,0.004538210023295729,0.001726464744035528
230.86334487557716,0.0027613867926358747,0.030044166995425912,0.000459379380626217,0.0002943167143406225,0.009304154408606735,0.02164064893731533,0.00020726137015920714,9.1334192866329e-05,0.002732200039914705,0.018243997077946727,0.0016152370743372003,0.0006958649689549906,0.007372705979983202,0.011233555180909504,0.003657341203504484,0.0020821069089568514,0.003495120297698533,0.015165374766660597,0.004519406220791662,0.0017136530875311382
230.81006462058622,0.0019767122910373356,0.030060379735891155,0.0004460854282076509,0.00028386765395527983,0.009625598346789468,0.021533226294870176,0.0002085808116960093,8.465849451576112e-05,0.0034676078213241026,0.02012324429071275,0.0015722151582532526,0.00047363868040698083,0.003201582621919823,0.010527308412766594,0.003608759217207384,0.0019035652387348477,0.005606618901888493,0.014431590490047764,0.004508356307966003,0.0017272247366656034
230.75680895269963,0.002840982851233387,0.03071387778116698,0.00042706984726170565,0.00034370797087906747,0.009079218501983394,0.021644768525497574,0.00020764641794886695,9.479750960570679e-05,0.006884500930472015,0.016625671558293396,0.001725512169238346,0.0005655590887226041,0.0045803075209155004,0.011419465255361165,0.003824482233084255,0.0020003204488248695,0.004469587582087654,0.015049008993327256,0.004533677722492784,0.0017467597331154825
230.70357785490202,0.003816150450219657,0.02972987703455272,0.00046422428827523035,0.0002006650040765443,0.009267928654760943,0.021715835500041403,0.00020935108635613826,8.048575543826226e-05,0.0027772810462795687,0.018747152090778752,0.0017271793572373913,0.0006382374288609206,0.003329160489890454,0.010817987357061182,0.0037976324651613023,0.0020275058177899167,0.005325469450458757,0.014860535147922757,0.004544143455508269,0.0017012907638342303
230.65037131019375,0.0027007195847113326,0.030548875304286103,0.0005244234148913272,0.00028085258304806415,0.009104484321518738,0.021471134037015126,0.00020089127191776093,8.332410079980121e-05,0.0073933800082740895,0.01992538402678018,0.0016947297153832419,0.000578036035728883,0.005009636329335486,0.010454518654735317,0.003722307602102612,0.0020096493627581396,0.004055828152870084,0.015052792039677652,0.004493105608045228,0.0017135708893184665
230.597189301591,0.0026994347353164797,0.030034851418101197,0.0003794934903476174,0.0003896581008483467,0.009193345693430086,0.022032535002628504,0.00021231084664002532,9.973302463101579e-05,0.0075099197460873676,0.015658932837848465,0.0018987401338427705,0.0006644609052397254,0.0049326117510071306,0.009378680037340058,0.0040001531387149755,0.0020726294946455314,0.005216345631059937,0.014550078305929774,0.004519703714107874,0.0017485003581016077
230.54403181212547,0.002785253543711908,0.030222383811123507,0.0004937067430605922,0.00038035018480497596,0.009532301581545805,0.02162133469271605,0.00020291146783967727,9.534113487873768e-05,0.0024232737510526325,0.01760820324475472,0.0016181018662310936,0.000448983904365398,0.003496794762176492,0.011974407633766537,0.0037095445168219337,0.0018566836894803455,0.004842303058461645,0.014778722147315957,0.004546333649637808,0.0017157079045781363
230.49089882484446,0.0026576557122098164,0.030147711563174997,0.00046539712306119984,0.00033647244039932816,0.00907016527001097,0.021499152471189657,0.00020593131643986513,9.272377606930505e-05,0.005803246959181076,0.02090290893437675,0.0016222693448436254,0.00047205120957617653,0.00530988037229447,0.009779359451563422,0.0036618492563295075,0.001858193678918045,0.005438798457902823,0.014867907244235371,0.004502499632570455,0.0017017016480847312
230.4377903228111,0.0025325661419679734,0.03019444336405816,0.0005050599132540498,0.00035321629243632776,0.009399512006877964,0.021941903065855733,0.00019876411092650253,9.39251679446178e-05,0.005083013814133919,0.015380870538374117,0.001607942480962641,0.00046271495880795374,0.0037865455701644743,0.009783137316773714,0.0036700291186514632,0.001874764596074092,0.004715863784137882,0.01518925113309565,0.004500737113148847,0.0017310547021165096
230.38470628910392,0.0025522486532272466,0.030001466951236247,0.0004702240065622163,0.0003004670062429719,0.009546859172506432,0.02166019702469187,0.00020510563557432328,9.235949878450322e-05,0.003472441199327044,0.020011190360253638,0.0015703552634287656,0.0006413963855166787,0.002384312592066205,0.009271950314320935,0.0036164622720593034,0.0020458009878738834,0.005015721282175553,0.01508025395105475,0.004510762596807778,0.0017441734575504829
230.33164670681717,0.0024676804507108305,0.02991078066483915,0.0004606135769909885,0.0003306312842426267,0.009254519687880707,0.021554634370583654,0.00020535664297917553,9.231471268854739e-05,0.006154107985447359,0.02070654746135805,0.0016826776714863197,0.0005651206069712082,0.0039740958988047905,0.010031173017595024,0.003792170432806839,0.002004559664123944,0.0045358588046907995,0.014810326358303158,0.004554101129282881,0.0017431232269216597
230.2786115590606,0.002840772258579729,0.029810812380381406,0.0004826760758110865,0.0003153847765946279,0.009208847425787443,0.021920617326385845,0.00020346313942450585,9.026503839568781e-05,0.005251198360164678,0.014553025748979893,0.0016169070096290488,0.0006221619775240873,0.004048033716778483,0.012466362263320657,0.0036978636945925784,0.0020141338515554585,0.005060548909200102,0.014883383104585689,0.004535343886792007,0.0016961304514261394
230.2256008289595,0.0027288931597788326,0.03020239986792447,0.00044499987657490794,0.00031062104442506234,0.009296630146413257,0.02172855519168188,0.00020512303159288568,8.825065788471203e-05,0.0054515645924225475,0.01635836329816781,0.0016239880452178553,0.0005446612843576805,0.0038716353402059693,0.011892804745579728,0.003716088078308814,0.0019524179979292806,0.004727757427409308,0.014566167744359928,0.00451792200095769,0.0017054957014509065
230.17261449965483,0.002565232086443819,0.02989461428327767,0.00047989980656069523,0.00033851702053363516,0.009374805671684612,0.02185425663933066,0.00020449656854683776,9.173276706821631e-05,0.0027809423524745385,0.015588888674096791,0.001669650805227827,0.000579623513721475,0.005467583052113179,0.01157136180884755,0.0036984152269556366,0.001989380633186803,0.0051597696644487935,0.01501343962758804,0.004498706759948784,0.0017002347580066584
230.11965255430283,0.002757843645787578,0.030016237697774416,0.00047595472368271077,0.00033680113552882456,0.009446750156762643,0.021702518632839347,0.00020103654684111214,9.416860050053798e-05,0.0030308470807199864,0.016682134752273696,0.0015871720716920264,0.0005931454457741426,0.003608027800465373,0.012185067051555573,0.003663261688545678,0.002020170375847613,0.004911157547885606,0.014627934934829268,0.004506996736241485,0.0017360739434817433
230.06671497607547,0.002528041272728742,0.030025535768856183,0.0004943511542823912,0.00031379917642191215,0.009413449864377931,0.021708081592630855,0.00020047513056897431,8.795742140367435e-05,0.005771787591793435,0.01642751165629445,0.0015664828246792764,0.0005175989197745624,0.0015172670382358616,0.011917301001904726,0.0036401873285334015,0.0019531913901002485,0.0051004431426157825,0.015054852608122192,0.004523780793252591,0.0017250470928047408
230.01380174816012,0.0026515452306598974,0.029926492936531407,0.00047503497129229973,0.00030900343423714756,0.00917619034528427,0.02163817241522342,0.00020162890403125743,9.072985895092924e-05,0.005731233073536326,0.018645746989336253,0.001674599245423085,0.0005861726809561345,0.005059519441522243,0.010870029162339605,0.0037636370101959003,0.0020102282358536263,0.004749083473255546,0.014826464533306416,0.00452295466126982,0.0017311534069548863
229.9609128537595,0.002600677891889341,0.029985785414659842,0.0004634766485385482,0.0003062783493172298,0.009420580483012822,0.02194746066834248,0.00020390636244156386,8.786609024660797e-05,0.003208092368634525,0.015406653166908753,0.0016049331839012816,0.0005853745159308836,0.005420841492559097,0.010169084680515646,0.0036854787104361494,0.002014073426937952,0.004953261108442562,0.015122564906315382,0.004518119307586998,0.0017175081108458195
229.908048276092,0.002749071220471245,0.029903444074389218,0.0004601512511051832,0.00030588428983908175,0.009399072905140348,0.02141320266339153,0.000205746493337363,8.89434325400448e-05,0.004521388058073861,0.021164993524272317,0.0015680981118924005,0.0006390359928468409,0.0044485015368716085,0.011242385885341058,0.003622337927300919,0.002054827574324662,0.005073086415761145,0.014733193865599346,0.004511684094116742,0.001720922665371074
229.85520799839122,0.0027487753695157923,0.03005367935214923,0.0004655973796667095,0.00031432006310065376,0.009007327731223105,0.021732221594404345,0.00020329760263556248,9.154733216796185e-05,0.007837378466937614,0.01752068471093107,0.0016731110388610046,0.0005941420353689742,0.004057551939651826,0.011057761985693965,0.0037643524213205153,0.0020108943707926982,0.004805422934176613,0.014757754323381748,0.0045239559230224845,0.0017266745684001736
229.80239200390628,0.0026925490419026517,0.030106638408040155,0.00045885002956872503,0.0003094928659803295,0.00939569001831677,0.021823373832295035,0.00020659812279904543,9.065823797155031e-05,0.004476927404097926,0.01659411315402314,0.0015867457932648038,0.0005942032130452271,0.004171420217431725,0.010438226958302564,0.0036448333180564133,0.0020065489991482016,0.004970114154025351,0.01469696417697303,0.004521237811070953,0.0017249980542090634
229.7496002759017,0.002635885126730419,0.030056905877581044,0.0004605452247431294,0.0003130146993865966,0.00927428063653879,0.021559939466778977,0.0002017231558556951,8.621801576862164e-05,0.005969863447263624,0.019606229779472576,0.0015792574122638257,0.0005647329533804835,0.0030974969582088386,0.010618118154313311,0.0036843558479431986,0.0020214504493229236,0.004624664502855925,0.01486346357523034,0.00452540181885339,0.0017257155632636036
229.69683279765735,0.0026192997938112423,0.030025290251913528,0.0004649914865904202,0.00031014087052962504,0.009227608841458783,0.0219125517060143,0.0002020283144083956,8.978813718093895e-05,0.004855946005647701,0.015679379379098468,0.0015387865403824496,0.0006625363480110811,0.004829958245965064,0.01018546664993786,0.00362965858707619,0.0020810186524010663,0.005126846921596813,0.014762258584571624,0.004521079896834077,0.0017222064018239962
229.64408955246847,0.002589908777898995,0.03003781925144871,0.0004616028933014894,0.0003093438431144151,0.009465946558237607,0.021750869604645316,0.0002008676584898615,8.987007649400553e-05,0.001837079459880255,0.015972921386462224,0.0017239245732684676,0.0006207611569167386,0.005450255376173737,0.011958430289947893,0.00383697715080516,0.002057699702998655,0.004534793163001285,0.014742750534029448,0.004520448544591304,0.001727075145551942
229.5913705236456,0.0026922683571795106,0.029977111021610645,0.00045916949912096737,0.00030934970138065917,0.009422338706011703,0.021674692438732466,0.0002083210573566403,8.931531092604333e-05,0.0037878632562343226,0.019601363602438394,0.0017431146922505234,0.0004921477101101133,0.0032432078269808307,0.008870987373881891,0.0037795952050133233,0.0019273245690386864,0.005108854102229795,0.014907505954735277,0.004512010669021099,0.001728274740488818
229.5386756945146,0.002710348708538306,0.030042630292957166,0.00045882274987528546,0.00030999965774766166,0.009316206244723835,0.021728796678273037,0.00020380187863740815,8.870590029221902e-05,0.004095394668473197,0.016935943675452755,0.0015220384584477338,0.0006578673859878459,0.004718605437646478,0.010905992033553781,0.0035964305445416018,0.002079407877913862,0.004735054259046681,0.014868438287419761,0.004515810717527495,0.0017261393446253832
229.48600504841676,0.00262736808714468,0.030022112340966085,0.00045927276725620127,0.0003144215418366393,0.009423695811976121,0.02170981896128571,0.00020353921930103738,8.929197365303398e-05,0.0034919693515942066,0.017968134852564203,0.0017238577302405185,0.0006076741169078869,0.003510718476427747,0.009831910528474439,0.003797784463633267,0.002042959686307122,0.005004502514581353,0.015201024557284155,0.004511611980027212,0.0017221823227254291
229.43335856870843,0.002641767357547256,0.030076531060315114,0.00045901234472655385,0.00030972494468012833,0.00927177972752797,0.021391314711848745,0.00020327634624577758,9.224319508931061e-05,0.006001650775170069,0.020635190138325443,0.00157055432032575,0.0005444462379741732,0.003779625038176547,0.01119164715570416,0.003664592775241638,0.0019471946837347639,0.004892454093395915,0.014656692791686254,0.004524015909187159,0.0017262840708723096
229.3807362387615,0.0026148926768319804,0.030062552453730018,0.0004585205791386442,0.00031239448439181113,0.009196554114458457,0.02178474018035478,0.0002015874384891391,8.714642783165931e-05,0.00645602448640153,0.01661881780213135,0.0015815795281186747,0.0006186941344289166,0.0032949163712740915,0.010511486237541301,0.0036944900241130565,0.0020672713315704346,0.004883052129619857,0.014933854060857496,0.004519427689898019,0.0017266458441949526
229.32813804196292,0.0026318536249257778,0.030129199128137163,0.00046177967921142137,0.00031068657192210854,0.00922645603257163,0.021631771420704465,0.00020190118769770183,9.109599810207229e-05,0.0061866856318120635,0.01798286993745457,0.0016134815130374796,0.0005604030823865163,0.0028117150817573806,0.011148753710410016,0.0037038079650558602,0.0019822881231143083,0.005157139809936384,0.014654266121247728,0.004514945115880858,0.0017359853411475473
229.27556396171482,0.002651332157864252,0.030024390378461715,0.00045691910527637195,0.0003084375354264135,0.0092096108168644,0.02176431455212331,0.0002044957702579695,8.761662558667607e-05,0.00687825945966358,0.017941072051308557,0.001646272053308079,0.0005610015610385603,0.002990649467886678,0.00930465853969292,0.003730112427170142,0.0020162470740806193,0.004745663496871336,0.015043533329345767,0.004525126970482399,0.0017360222198279172
229.22301398143483,0.0026068370898291405,0.030039134931665934,0.0004569529511086592,0.0003130097718213966,0.009397893321837807,0.02191260850598462,0.00020287746066569433,9.043893574852103e-05,0.004765561684321854,0.016300640356788458,0.0015911998445442366,0.0006777705092659761,0.003713324084233034,0.00906340282197172,0.0036822866864626744,0.0020666258935716445,0.0050726472329972825,0.014896618677299552,0.004521666573614552,0.0017013757183693583
229.17048808455547,0.002712826738251038,0.029980896025868536,0.0004614050549727937,0.0003142397740910053,0.009568711615473223,0.02147408963685963,0.000204076217284989,8.634627874082598e-05,0.001711232606864166,0.020564165459736036,0.0017238563741708538,0.0005454611681839898,0.00594216865566352,0.010456591008836282,0.0037724782552214257,0.001993287891192514,0.004651919133596172,0.01499226471411046,0.004485755019867576,0.0017265524996325798
229.11798625452465,0.0026130287133554844,0.029960261701969946,0.00046543890501701867,0.0003043127397135022,0.008992748059670439,0.02153741160977907,0.00020153250174346962,8.94977033472664e-05,0.009132606865323993,0.019213117213558884,0.0016408888273315213,0.0006036218837025237,0.0029637241124356095,0.011367070097287343,0.003737431638471543,0.002034860701550321,0.0050896444247253295,0.014734997308651297,0.004524357053124383,0.001737352443066444
229.06550847480537,0.0026557182897249954,0.0299667638491564,0.000464384977313981,0.0003222388586205224,0.009257147770629805,0.021957116663184232,0.00020065531706475872,8.93903694077636e-05,0.006712707501563333,0.015438834735176503,0.0016663810626007813,0.0004904747053076831,0.005874501183405152,0.009726560537679204,0.0037795816517577044,0.0019195301613217871,0.004595316957446787,0.014850626893802598,0.004518329380554353,0.0017150087866065096
229.0130547288757,0.002754138780890701,0.029952702801027825,0.00045718083155440634,0.00033076072717773994,0.00940362072096617,0.021569846357737687,0.00020461249877233646,8.618989210266355e-05,0.004046599618144026,0.018536547130388357,0.0015492582238478558,0.000504821293316723,0.004087326729599568,0.011148166762401383,0.0036060788115076653,0.0019621532475612123,0.005192965238299537,0.015049525028492241,0.004506374076618882,0.0017199529154147484
228.960625000229,0.0024875609244315814,0.02989122079793832,0.00045615636897436765,0.00031653568923693977,0.009101408754706584,0.02185887301633358,0.00020168031595617754,9.135375091243243e-05,0.006543700908027799,0.01509564235618444,0.0014720619213445714,0.0006473011921589589,0.00505985413704129,0.011535556657362452,0.003561858174365981,0.0020515033500051695,0.004764117334466427,0.014795407235828402,0.0045055872455788196,0.0017181653428418443
228.9082192723736,0.002484591842836003,0.030022217836857847,0.00044665265749906037,0.00030683616125673567,0.009602407422220014,0.02175856982110676,0.000207240833615297,8.584244046974909e-05,0.0013532325854171046,0.016056512197779205,0.0016574654697495731,0.0007198935353666388,0.004430648502323918,0.011957165667322136,0.003700622912017301,0.0021979141068718126,0.005265474956959413,0.015018742233731985,0.004499911447031377,0.0017376992813345152
228.85583752883298,0.002860469959028712,0.02998572844505024,0.0004623992742508955,0.0003063725767345581,0.00899494902330319,0.021479548654186536,0.00020201763851666353,8.729465212062728e-05,0.009144013818344657,0.018206491890820766,0.0016863263334526465,0.0006236656786767607,0.002739444777368043,0.013239088375411297,0.0038073299822420532,0.002055179111528609,0.004726178571032987,0.014482364204946549,0.004540869918229889,0.0017076661332492305
228.80347975314578,0.0026190455648263254,0.030157936078637572,0.00046447771407079526,0.0002885078213410689,0.009324633586060112,0.02184065502397294,0.00020144267712669909,8.61147766001575e-05,0.005267062621217976,0.016927872603130476,0.0016466457762356536,0.0006609746638971656,0.003510986322137921,0.00888959142464106,0.0036638009829810495,0.0020656714904775542,0.004904761318035927,0.015145504550959905,0.004443806517606777,0.0016909067429631247
228.75114592886553,0.0025822501955089627,0.029980562565643635,0.0004453015387449878,0.0003199465885179365,0.009293925616641989,0.021480776515390897,0.0002053350830864974,9.011629820856386e-05,0.005098418130160084,0.02096272145806328,0.001661934210204158,0.0005272972664771203,0.004408020679404668,0.009687038451183815,0.003714885916896024,0.002024204789239063,0.004928795133360476,0.014557301699931165,0.004488049471744903,0.0017900779803733296
228.69883603956097,0.002561986205161213,0.030071368492523273,0.0004682433678005408,0.0003071795571248534,0.008944845468025108,0.02169391178455432,0.00020149717495927883,8.818902710787659e-05,0.007407173430485049,0.01753140785205338,0.001576400779250861,0.0006131456708385705,0.006040253607876937,0.010808386955752395,0.003669174384325296,0.0020706263145023503,0.004785570794382976,0.01520916242454886,0.004514144026406861,0.0017456725316828197
228.64655006881577,0.002558118319102981,0.029992787846773707,0.0004531025267478309,0.0003088310666467763,0.009378171976279825,0.021959479631283054,0.0002043742637587054,9.010574997429811e-05,0.005243752098417155,0.014046081194916743,0.001650714706597572,0.0006189255274654371,0.003179720440958053,0.011197547312188836,0.0037938538240494374,0.0020895782714893236,0.005286559023301831,0.014658318155438837,0.004570953063579849,0.0017688502201194485
228.5942880002286,0.002664555071848812,0.029983363720424847,0.00046583564438611695,0.0003116819200137746,0.00921437582704882,0.021605321875751884,0.00020275346012217006,8.464377483649088e-05,0.00494247209411422,0.018869419186043755,0.0016053265926905449,0.0005727214876867429,0.004680492390699733,0.010038329265429314,0.0037216160669780074,0.0019654961805238885,0.004665013429561027,0.01488222761453032,0.004546880739389872,0.001647728509583041
228.54204981741321,0.0025945041842375836,0.029986833450494053,0.0004578319097211957,0.00030098400632314054,0.009189596326342654,0.021954926102816335,0.0002034221639384407,8.784860827432276e-05,0.0060927889856556535,0.01476922255555694,0.0016202963084214117,0.0007099306181687417,0.005177732536316258,0.010302964927226651,0.0036828768655784534,0.002132864719979673,0.005234067818364892,0.014804912545095894,0.0044976003548708905,0.0017114219843123299
228.4898355039982,0.002614896807226327,0.029941228689166564,0.0004568430811166088,0.0003100930421353084,0.00961271487941205,0.02181850920629049,0.0002023447240780117,8.764416637475242e-05,0.0018786761612130192,0.016946827695972187,0.0016737620217227088,0.0005704299548142392,0.005544205488738606,0.010112087863957744,0.003745690518586903,0.001972697262759601,0.004615498711643992,0.014678159412284779,0.004490740733975795,0.0016820225041110585
228.43764504362727,0.0026729088458257184,0.030010573793982545,0.00045784487099913507,0.000306219320322466,0.009318986978197968,0.02148336788879983,0.00020486726509505232,8.781573370884968e-05,0.003769828063480678,0.02082419647710341,0.0016680371152938177,0.0006913431002883193,0.004642014092662877,0.008825639831625386,0.0037130402995292173,0.002163801982962002,0.005046296517695686,0.014903037803825018,0.004489342578861198,0.0017588497466506856
228.38547841995896,0.0026818612738351514,0.030006121022996372,0.0004554635937943608,0.0003102671508216522,0.009181723890386923,0.021756889608073617,0.00020240697211351054,8.864872927868595e-05,0.005361993901807876,0.016235210111900794,0.001797275749448185,0.0005183734557527718,0.005179956269798792,0.011113671349435517,0.003905129330583024,0.001929820162675786,0.004580633313753094,0.014740393715273869,0.004521153529121418,0.0017037945306697675
228.3333356166667,0.002627580869193748,0.02994972231081182,0.0004561651917719197,0.0003102825389556247,0.009508250580929118,0.021598352355876295,0.0002034849821327432,8.737069817426262e-05,0.002395970014867606,0.019159498459519992,0.0015640934214443964,0.0006260919734195484,0.003401695354552235,0.010421663765043469,0.0036415496762109145,0.002081288376266527,0.005094408951055309,0.015184695158704065,0.004506376826704295,0.001731197248849967
228.281216617439,0.002709601186510987,0.029864626897527002,0.00045744231782015443,0.000310420695301666,0.009209883587288322,0.021486586080259343,0.0002019791025890273,8.499409893937094e-05,0.005225230669853034,0.021659672051964427,0.001703593304566333,0.0005921149004536362,0.004341033836799761,0.008875491507381797,0.0037967520358621718,0.0020278584386794586,0.004953447512787994,0.014382243384394547,0.004511676930253608,0.0016927196549059906
228.22912140597907,0.0026551112443171754,0.030065556463595242,0.0004580776886507341,0.0003092451661145514,0.009097939627242717,0.02171164229384223,0.00020248718495140245,8.787289030494651e-05,0.005790430040717725,0.017797083284745184,0.0015450649801010189,0.0007176453690474031,0.0058887518247563355,0.009335029605553127,0.0036185145256825402,0.002180198275397763,0.0046090745456017,0.015061058326567657,0.004498729147452898,0.0017382328012301414
228.17704996600506,0.002570497213600056,0.02999229684297903,0.0004560155069975126,0.00030887868663668464,0.00940129657770321,0.021622163771600936,0.0002055251081264666,9.042845028227958e-05,0.001573178109218469,0.019010917709104843,0.0017851181651371715,0.0007123977062437307,0.005975154569742053,0.009680003790001468,0.0038579224786757516,0.0021111905562822514,0.004918248274587445,0.014620815667071373,0.004516638630021887,0.0017057329270336412
228.12500228125003,0.002617950285039125,0.029957953127180085,0.0004562398199598657,0.0003077139451270785,0.00895514118854777,0.02147526263099985,0.00020290593821950897,8.620017610029252e-05,0.007866525912547074,0.0204522736307126,0.0015853928464194223,0.0005605964813574085,0.004532965110949418,0.010294041767569668,0.0036792093775406204,0.002011289404108154,0.004711787929804229,0.015281578381809524,0.004517975682289315,0.0017297119892741228
228.0729783354618,0.002582238035399775,0.02995928587089643,0.0004525363541717888,0.0003090747702479753,0.009191421582577925,0.022241897789806293,0.00020361799389212492,8.66566947880796e-05,0.008348538841830353,0.011329670212494043,0.0015683359548826483,0.0006490858645136059,0.00539798903066854,0.010704343450985527,0.0036546761214008754,0.002063677506966104,0.005252014715703261,0.014577149162259327,0.004514730484195823,0.0017000688793882008
228.02097811240313,0.0026758169893349704,0.029946220745976675,0.0004550073586145624,0.0003133967511009463,0.009803528696025668,0.021575464230352635,0.00020348556961518032,8.514148202234134e-05,0.003276548014314886,0.018939936927378692,0.001701732956039819,0.0006169206119777262,0.006229437232903157,0.011433717173645027,0.003782073642314689,0.0020925841141388787,0.004502877239012116,0.014991465238558866,0.004508585869597776,0.001722186125374964
227.96900159585144,0.0026131975347167794,0.029972342637504343,0.0004566434537897693,0.0003092269222042787,0.009108363919304816,0.021460034959387475,0.0002010695046869796,8.695543327193735e-05,0.006921417094812858,0.01968925030909597,0.001575691226999791,0.0004890249589200418,0.004651752038596912,0.010944202944473767,0.0036708442301900614,0.0019328638739248014,0.005331644579577867,0.014909066098476018,0.0045031132430823325,0.0017145161172270123
227.91704876959892,0.0026198446414977725,0.029977256218602276,0.0004561727767919256,0.00031349389982612364,0.009400986107675896,0.021726824143417853,0.0002055538258191563,8.750880557207173e-05,0.003705061660100455,0.017878707894947804,0.0015963129053044715,0.0006583861901427994,0.004484353410792388,0.009623457409474479,0.003657699916137134,0.0021139501814848084,0.004718547212978141,0.014753259071923253,0.004511361584455009,0.001728953008603715
227.86511961745276,0.0026770787190173485,0.029964307548374113,0.0004590916876398969,0.00030956163552727634,0.00931208001758101,0.021388795843141916,0.00020578522673462928,8.757048720679527e-05,0.005112636085943201,0.019769998681403715,0.0016644370350455589,0.000564315621059975,0.003933837174011358,0.011842050308159636,0.0037239066032788157,0.0020056646310444783,0.005175264898343703,0.01489749656551843,0.004509487418704789,0.0017232268327273639
227.81321412323464,0.002627313369464703,0.029962035131966453,0.00045432186277005797,0.0003105092605440133,0.009041627276749344,0.021538105713398835,0.00020540804581822142,8.610580696263231e-05,0.007945410778994586,0.01967295657316895,0.001622838196648962,0.0006102150029316974,0.004198271770660667,0.009646226653233886,0.0036898987341092045,0.0020637817192027865,0.004437612681850101,0.014684762647945248,0.004516625018332435,0.0017203697485443704
227.76133227078117,0.002631798470845445,0.02992738547072891,0.00045802591007663887,0.00031289503416775634,0.009233923655049563,0.021607900844068252,0.0002019510076047109,8.690089252818417e-05,0.004718964224262949,0.01756916828531104,0.0015712641490615367,0.0005742897403614901,0.003922828626135655,0.010474889634255982,0.0036631081770600246,0.0020255218311563167,0.00522765959374541,0.015378460544729938,0.004510254862922808,0.001720126733530881
227.70947404394357,0.0026598044310896162,0.029971414453528366,0.0004540632660657287,0.0003087107718819769,0.008961846895670804,0.0216182039163276,0.00020417288797488386,8.743902730418122e-05,0.007441109020153026,0.019143594134889523,0.0016183579873747212,0.0006459715360898262,0.005083093850291527,0.009842740087515555,0.003702474597768504,0.0020783395085654023,0.004970941540419605,0.014142995884948002,0.004512935594617398,0.0017215073008802898
227.65763942658776,0.0026578130924905592,0.02993307763423759,0.0004547695315035136,0.00031584884009828545,0.008843382580713438,0.021883910771198438,0.0002037036717757437,8.725613758127223e-05,0.009562690115481833,0.016324702920323758,0.0015527518858984605,0.0005657972914460839,0.005129618338515288,0.009814451178362854,0.003628894859235658,0.0020171646333749698,0.004780916148796448,0.015047752221029565,0.004504989910497174,0.0017202502178062984
227.60582840259448,0.002617303465063988,0.029951363404781783,0.0004589319303228043,0.0003134925345209135,0.009356532066402074,0.022104458542613017,0.0002040156961013097,8.39671770534554e-05,0.008497518575967216,0.014320132031557424,0.0016194060987322885,0.0006744743751272487,0.0057752836992608705,0.008911104469555623,0.0036922466725597524,0.0021559600358978057,0.004958465856104902,0.014263119575857694,0.00450886846054725,0.0017231587126602835
227.554040955859,0.0026404996873284274,0.029976730854728805,0.00045868371911086833,0.0003138214736146021,0.009659845970295249,0.02173200642488882,0.00020175652788100444,8.620668671584488e-05,0.004468874457603185,0.017863139756066064,0.0016401687201765562,0.0005377650598534435,0.0077130542669017555,0.009197383615481695,0.0037249375377279145,0.0019850739784954535,0.004361939461796734,0.015233863513936305,0.004503559335702255,0.0017193815556335555
227.5022770702912,0.0026370454536285156,0.029914361114670412,0.0004596063570641039,0.0003095404731494663,0.009316002366466918,0.021610660821635437,0.000200996016467538,8.521658448062005e-05,0.0032888181798372746,0.0173319071975328,0.001553888381052221,0.0006134433232119468,0.005623043758284982,0.011476181258564134,0.0036478401834589163,0.0020835992588480205,0.005117696962098863,0.014881333851258137,0.004506527093590348,0.0017234010082539427
227.45053672981584,0.0025577894537675543,0.029958074186351612,0.00045673062208654707,0.0003094974956688786,0.009327130372605087,0.02171596540260317,0.00020337687893224275,9.136466264050439e-05,0.005210314570271738,0.017613671795222014,0.0016484255079902762,0.000641458964548562,0.00395902255655742,0.009219699905835405,0.003724870655634185,0.0020429387479330287,0.00464008200938444,0.015128082284571104,0.004507587322231527,0.0017157248280965335
227.398819918372,0.002634031881078454,0.029944425246881963,0.0004544184329022428,0.00031167835932467187,0.009374385219989638,0.021666392985340947,0.00020461989276589432,8.498652691506875e-05,0.0025361338459982483,0.019029920378036774,0.0016676588963178151,0.0005138130529773847,0.005945310221704207,0.008776129863616044,0.0037376850698021876,0.001985573803066042,0.005489015573893539,0.014775380343440902,0.004508315335232356,0.0017230939466301267
227.34712661991367,0.0026574101866631114,0.02995438137999479,0.000457124895298445,0.00031399754992613593,0.009328717866711215,0.02148228373714323,0.00020664559097983808,8.864538589949757e-05,0.00420191514152128,0.018190931498893104,0.0016221948329663144,0.00047196712805206895,0.005570894169712968,0.01214217472029254,0.003662574195709611,0.001854883997058091,0.00456742951903281,0.014545011307183175,0.004505963312551542,0.0017211301704924695
227.29545681840915,0.0026402708968803353,0.029942248800226466,0.0004595251752606659,0.0003075270503863236,0.009317715621463088,0.021554776714589736,0.00020343682630510968,8.152810622597704e-05,0.003121531414605291,0.018327773673911824,0.0014626306165752166,0.00031476145325665957,0.005590110913507246,0.01049555458526572,0.003535597218050908,0.0017921923270904426,0.004950439646948776,0.014958319964974827,0.004505464930091111,0.0017198584518602145
227.24381049784142,0.002619612221802331,0.029920462674837806,0.0004528582299443239,0.00031744227156452215,0.009014652321727252,0.021212591297214006,0.0002057976107212546,8.618234540109574e-05,0.007478314665222092,0.022481365245687987,0.00120693948084569,0.0006683493569546266,0.006659272495915631,0.010523107946561043,0.0032343403116081243,0.0020091055167312964,0.0045323582737166355,0.01490221259117534,0.004511126784638217,0.001718154327772059
227.19218764220813,0.002665281388945454,0.02994360999640059,0.00044768792147743835,0.0003099355630325266,0.008895536209005635,0.021723425769178933,0.000205565093263691,8.611837172953935e-05,0.0070190529010694756,0.01747617273834039,0.0014925288040449644,0.0009585352143276382,0.005528857780904701,0.010334249867589183,0.0035484115062280656,0.0024040147598559966,0.00551058840211054,0.015069565245219152,0.004503956001907524,0.0017207286122929003
227.14058823552125,0.002640034914465263,0.029912874459260105,0.000458364591393504,0.0003092064975424688,0.009101595741401607,0.02197861205708144,0.00020609002769337098,8.270307079489807e-05,0.007334872364870876,0.014365821494471282,0.0016531770710155028,0.0005836481334956464,0.005173565653884426,0.010527682079525801,0.0037119381082698385,0.0020630458122842333,0.004721175796015159,0.014134463704318407,0.00450337212699322,0.0017205829719593737
227.08901226180748,0.0026758939629290637,0.029934565787942007,0.0004540513906293757,0.00031158639898612103,0.009380984877994903,0.021971978882629903,0.00019976868897179565,8.673659122442199e-05,0.006053671793912857,0.013898463030860227,0.0014848772740159492,0.0007578884879647962,0.004446756042692117,0.010333220408365316,0.0035863369760933904,0.002183718959830491,0.004990664260226092,0.01528869064218415,0.004502656787066276,0.0017256606597726674
227.0374597051079,0.002644278302485241,0.02994298054125125,0.00045795198671310077,0.00031102842858793926,0.009514041746981413,0.021627162566297705,0.00020102720112385262,8.87133131480569e-05,0.0005381965049309778,0.018968177936688483,0.0016370681298455583,0.0007396595954203747,0.005338004890605971,0.010043822654089641,0.0037249338073370515,0.0021655626347725524,0.005190820742883597,0.0140590997559571,0.004498018290056948,0.0017175821244281696
226.985930549478,0.0026649827339888577,0.02990858796866616,0.0004578574373768509,0.00030942453866920314,0.009354981501182007,0.021232988941944964,0.00020534876756016172,8.812887012378853e-05,0.0031066842956111416,0.02141611182689629,0.001727175156485514,0.0006388357436957592,0.005628962028586753,0.011560407781404568,0.0037942396914406847,0.0020417159434850847,0.004221963935513924,0.014905653169554216,0.004512954042058999,0.0017192782382100132
226.93442477898802,0.0026499576303107087,0.029933655753543842,0.00045443102480988926,0.0003095480186801516,0.00916117469564546,0.021842409267948656,0.00020485024884293933,8.370609876840748e-05,0.0056536089839301406,0.013475366602971795,0.001644795067259977,0.000517057638514099,0.004956993037889404,0.012901652469735913,0.0037009387953826915,0.0019604968972830473,0.004817872314987172,0.014727516582600098,0.004504437039432593,0.001714691245698591
226.88294237772234,0.0026358721853875994,0.02993247458431553,0.00045656704820954373,0.0003112414782806844,0.009636838802524635,0.02152792626452715,0.00020464306812576923,8.806006761050767e-05,0.0014464832189393763,0.020367917980164043,0.0016203991439228207,0.0005210075553098263,0.004559476884054444,0.009295359736876813,0.003684758718312063,0.0019600072466606404,0.004437696520900532,0.01521168439910377,0.004510366702205172,0.0017185191356877993
226.83148332978,0.0026203297517049923,0.02992451218127246,0.0004570831578916238,0.000309872054313625,0.009556992859522547,0.021239987640837444,0.00020375674737597524,8.314381338771965e-05,0.0029542833004982806,0.023655424823948,0.0014717238301266947,0.0006263167017951416,0.0042044093208407594,0.009420948001801752,0.0035302968020737447,0.002120890490297908,0.005269140642282755,0.014884547707143462,0.004495876567642975,0.0017229502559016772
226.78004761927443,0.002643318441163239,0.02997754555137234,0.0004559878273536482,0.00030847526498150376,0.00912663353019767,0.02111527124287862,0.00020317662988924112,8.891601075273941e-05,0.0068068850561287765,0.024864531529126557,0.0016347601766147867,0.0007561215712019268,0.004674481843281253,0.008836673879221735,0.003720362503500155,0.0021828624792223444,0.004673738444084128,0.014851803553864474,0.004501170093090099,0.0017220011499376466
226.72863523033328,0.002666994051725529,0.029959132330749615,0.00045452381666020785,0.00031066400505478563,0.008792759505158265,0.02146983064942576,0.00020570864807344647,8.627404657417042e-05,0.0071208842288409445,0.021045419023242338,0.0016586649283088647,0.0006983996646109773,0.00711230218132068,0.010693431825755866,0.003720951287990679,0.002130745787996636,0.005231171230733336,0.014779218984733803,0.004499345702582213,0.0017216440893410912
226.67724614709886,0.0027017417274100247,0.02998177956049743,0.00045595952690202275,0.00031051820308418415,0.00880402598418356,0.021768695981371662,0.00020451497565273543,8.468280515358734e-05,0.01077441106123372,0.01642320675494196,0.0017170886854377344,0.0004765035801748208,0.003914520825115536,0.010833965310176526,0.0037861872355964975,0.0019294093120141576,0.004472738816271072,0.014616060935676594,0.004505830818047599,0.001709919891728227
226.62588035372767,0.0026446495264773433,0.029914673770280398,0.00045536046556678904,0.0003095136252134097,0.009262405080310513,0.02216251632268896,0.0002019377646650055,8.331133939943963e-05,0.009041784357757971,0.011953374286682014,0.00144064066340983,0.0006612022907640831,0.003968723448892494,0.009872844527563557,0.00353398586762998,0.0021378482475970795,0.005133861245194473,0.015114650143834151,0.004509175928406333,0.001720753252972734
226.5745378343906,0.0026685296227418544,0.029930825909593478,0.00045510110999486957,0.00031062216301325457,0.009580755881247486,0.02163584764792915,0.00020560948693861225,8.526848242127457e-05,0.001603493987700703,0.01784440057086396,0.0017228288271819933,0.000759839065300998,0.0051924760109211925,0.011017036525497854,0.003777893919405495,0.0022183395610757832,0.004577742039607611,0.014471352138337487,0.00450026134993255,0.0017201367674308252
226.52321857327297,0.0026695050412424586,0.0299489028288584,0.0004558841477880006,0.0003104300568128866,0.00922750368684233,0.021395329432232043,0.00020381603817342056,8.583683413285554e-05,0.002802918902440498,0.02079417389204078,0.0016563431372907042,0.000560417620122332,0.006353858070008676,0.009684162086687167,0.003729463471844113,0.0019934018950139706,0.005097901360972421,0.015421773423042844,0.004500777975220931,0.0017196585004744611
226.4719225545743,0.0026647080804207265,0.030019033922010604,0.00045574718382644663,0.0003112301549999349,0.009190386822983296,0.022096191709633724,0.00020369937607443586,8.538829535130487e-05,0.009125247000053297,0.013605308062780111,0.0015768925176283428,0.0007139897151836163,0.005339019412216528,0.008954536562670905,0.003647254422996208,0.002158928650071996,0.005182553399782373,0.014270995307030951,0.004502044163110021,0.0017120055689576839
226.42064976250853,0.002671896659900556,0.02988882118008655,0.0004557287987469699,0.00031065218584976507,0.009912542870734474,0.021928906577096664,0.00020083119659300655,8.276801914372601e-05,0.00704124133306623,0.017023767891065716,0.0018056560745846743,0.0006152831119250779,0.004461332091567095,0.0089475074766339,0.0039095204347924266,0.0020974716177376974,0.004575483038156464,0.014908971079567082,0.004510947493921866,0.0017217500057470669
226.3694001813038,0.0026786654375412075,0.02993360305498595,0.00045534600964466075,0.0003106783182450291,0.009631475216489119,0.02120936485806324,0.00020210627485199605,8.576976128031759e-05,0.0025027162968840944,0.022624407779304346,0.0015551490823029726,0.0004546585494259506,0.006945064804216653,0.011042123560106473,0.003634021931048117,0.0019082492300153203,0.0051328928822988555,0.014667249984198395,0.004497810072742072,0.0017241134970720302
226.31817379520257,0.0026615461714833122,0.02998154487486518,0.00045554626682093777,0.00030988852118345395,0.009413454466791843,0.021161867269267054,0.00020254322393577996,8.885485788882495e-05,0.004639131298460726,0.021202113903351628,0.0014966528337637057,0.0006953630248205466,0.007204330595315495,0.012611145862791575,0.003586595516918397,0.0021320106333586344,0.004748211485991606,0.014550878491949004,0.004502584005402665,0.0017181648493167902
226.2669705884616,0.002697695363369793,0.029866868491837017,0.0004548693950053761,0.0003104590359176873,0.00908380583685697,0.02108709975335226,0.00020770493911868924,8.44002119407234e-05,0.007723357509137152,0.023491716401744286,0.0017441396227027756,0.0005972826322986908,0.004909579727167372,0.0111214661394632,0.0037805239086588184,0.002073025925640089,0.0046663694650355796,0.014527138348467394,0.004498133135838483,0.0017190551205844876
226.21579054535175,0.0026987249227346266,0.02997743617378055,0.00045584520144474426,0.00031094292522983614,0.008869452205750358,0.021491733567460626,0.000205087909242572,8.850561451735824e-05,0.0077090750304599385,0.01981609114268515,0.001608395664727793,0.0006068789223317421,0.006019908990675685,0.009819392449629892,0.0036703145152832766,0.0020284900204538318,0.004356259398882834,0.015144269777532726,0.004503537216633687,0.0017189214232753106
226.16463365015832,0.002631381856544777,0.029983039524878276,0.0004553371287955359,0.0003110356515922851,0.009106190950634627,0.021768010580776705,0.00020155433343394425,8.286333791295454e-05,0.005984411350093084,0.0158955026689378,0.001656782748327835,0.0006593686343656421,0.0049735811441568014,0.010292075585852678,0.0037442132431712246,0.002144927552220679,0.005395867694303141,0.015108400895919168,0.004496192599803773,0.0017215243255527559
226.1134998871807,0.0026775986994968244,0.029914055386344854,0.0004552784643835417,0.0003115030109801011,0.009275741820011625,0.02168045358735726,0.0002067097248462517,8.570310910120035e-05,0.004968104226808882,0.016588115583532966,0.001695217386191688,0.0005429622996540344,0.0054716653345583816,0.011270358251598802,0.003736923644856588,0.001993374614666648,0.004831831704370011,0.014205959308888072,0.004498304272371592,0.0017147586532847321
226.0623892407324,0.0026141114752739484,0.029932151426521884,0.00045659021020415095,0.00031009041496765904,0.009435973531835085,0.021545202738403876,0.00020197523607378586,8.628769821568958e-05,0.0016155924230879274,0.01909058682698154,0.0015623096186068142,0.0005917251347577267,0.005284129582892415,0.010244939873159418,0.0036446998970243315,0.002038415436503954,0.004492309646207157,0.014626909662466027,0.00449871219032423,0.0017203503853918806
226.01130169514127,0.0027146325043194445,0.029891951437455464,0.0004556728122590418,0.00031054981610678976,0.00914274510386885,0.02136534663063617,0.00020714836845634835,8.542129607475192e-05,0.00529919216413285,0.021343466019088604,0.0016945367134770892,0.0006398354674351581,0.0053005954001792725,0.009039834253990643,0.003740719893368217,0.0020875868107612036,0.004364200076862142,0.015085449523728972,0.004502564669877948,0.0017189924795955878
225.96023723474926,0.0026369082817695355,0.02983460397767127,0.000457237383041136,0.00030984924354286833,0.009195108291541536,0.021800458892905716,0.0002039234774145623,8.38560204507998e-05,0.005030693183481618,0.015498368929212152,0.0016341032136039952,0.0004954725410324815,0.005754354775843794,0.009887546620271394,0.0036961531440532127,0.0019543064009724135,0.005172809112203005,0.015396504860398914,0.0044956936690196975,0.0017210532070829022
225.90919584391239,0.0027086592056502945,0.02998144037090659,0.0004539969877691219,0.00030989772224449653,0.00936809499280526,0.02195060975563485,0.00020043861835740363,8.097195741626117e-05,0.003779804418067972,0.013098867015245723,0.0014792179424874346,0.0005990351397160837,0.006623817214858567,0.011335264702710318,0.003572188849461989,0.0020912610548264117,0.00518440685900648,0.01484874948855334,0.004496709462783623,0.0017098208993211583
225.85817750700096,0.002722017737885857,0.029958247729773204,0.000454993874763645,0.00031047536748259806,0.009616180501573895,0.02147906478689243,0.00020083142646959407,8.427650830180428e-05,0.002028987208578072,0.020007498807169375,0.0016558725489931288,0.0006193615656368252,0.004927319363876769,0.00978489216632581,0.003749936815734014,0.002100038693502504,0.005208978274497114,0.014854038240894488,0.004499919476966921,0.0017270475285562736
225.8071822083992,0.0026636930680301986,0.029913958409323694,0.00045725095450615015,0.00031017060413314864,0.009367587428222031,0.02114524089479081,0.00020217421815966148,8.471571284488297e-05,0.004474513380162393,0.022889543381702793,0.0016447583733114354,0.0005281611362854177,0.005166449435653785,0.01123804229958666,0.0037241876797100455,0.001983006200342986,0.005151704938827278,0.014286896338184923,0.004491867553193857,0.00170859215935046
225.75620993250567,0.0028200137140740817,0.03002487834258698,0.00045643858886534774,0.000310030486449603,0.009052602633255219,0.02134721243130156,0.0002048764077781166,8.393872910019262e-05,0.006249714555316547,0.02051833417050272,0.0015917453840412741,0.0005700793492483136,0.00495583183228453,0.010592853770532975,0.0036498814777946587,0.0020409773954517523,0.00454230773715603,0.014442615106449615,0.00449637703643287,0.0017198381508038605
225.70526066373284,0.0027934976070759505,0.029752669515875473,0.00045611778237770106,0.0003090749919219376,0.009067601950648638,0.021491935133460007,0.00020934819188833429,8.279672522195574e-05,0.005061718019304178,0.01948370309996823,0.001711931269157147,0.000572235401036984,0.006074563613312417,0.010021052824246677,0.0037283010324261185,0.002037869412556514,0.004509835851621904,0.014987122778319366,0.00449518666898452,0.0017102586068268978
225.65433438650726,0.002436768428726489,0.02981317402128028,0.000455638144341701,0.00030927580897098967,0.00919292138478999,0.021826020467560495,0.00020629134407354921,8.310410480875298e-05,0.007651822602790129,0.013946927994733984,0.001640794065629867,0.00047857723971950276,0.003831867741971451,0.011780019242710202,0.0036920389104530015,0.0019580632684927943,0.005234522090737523,0.015173887815552102,0.004501785913671324,0.0017183049280058429
225.60343108526962,0.0026648811950366245,0.0298145206517837,0.0004559310738731546,0.00031043853070138405,0.00951687051926861,0.021647808752569525,0.00020430458388083744,8.288785734653596e-05,0.0021091558280358453,0.018486291901756664,0.0016393094802375763,0.0005575768866229819,0.004357908160535501,0.010504700229008316,0.00370867311416527,0.002033243653955266,0.005235849897826362,0.014223301313166228,0.004498841138255288,0.0017133188783358994
225.55255074447453,0.002685674849868146,0.029875956289933104,0.000455814751598723,0.00031083170089667324,0.009141407238155704,0.021340193093817815,0.00020261079711376203,8.224164959889745e-05,0.006055469502835536,0.020990199793405714,0.0016238071774356821,0.0004847028564145138,0.0039160412592797525,0.010279781865128505,0.0036993143592536186,0.001963809155468375,0.004502819624992587,0.01439782958101291,0.004497242744078132,0.0017165557119519052
225.50169334859078,0.0026164211752423144,0.0299191346938373,0.0004566687550271558,0.0003082267544532718,0.009353264399637436,0.021871164556387105,0.00020454062991974434,8.207585863244631e-05,0.004932001816409042,0.014106052809392373,0.0015840381275341322,0.0006254232466634005,0.0051197326308899185,0.011113443243499565,0.003646504222650615,0.002108726872750655,0.004632374446118007,0.014658860725534673,0.0045000639474437115,0.0017184314198513283
225.45085888210104,0.002634793033650394,0.029793549231958018,0.0004557652146801354,0.0003112301493567217,0.009703575968203381,0.021540010837767073,0.00020176742943244975,8.381713643943763e-05,0.0024042888059880863,0.019720382959382676,0.0016282088545834105,0.0005509115910989838,0.005525662202049034,0.010243364273007512,0.0037076477940809994,0.0020205752049633503,0.004445221977621953,0.01482440143926535,0.004500379796348858,0.0017229411872420294
225.40004732950194,0.0027217620277710025,0.029878266985590884,0.0004530782500491405,0.00031102325503232567,0.009391493007033392,0.021223604029226125,0.0002031510220884711,8.81672929109267e-05,0.0034971649088703645,0.0226156654359045,0.0015818925607356917,0.0006256993150428392,0.0039492759532160915,0.009974052065041398,0.003649892627933211,0.0020574672527512395,0.004644297689854633,0.015004312087026257,0.004489577669720178,0.0017119721243401636
225.34925867530424,0.002675573242467179,0.029849430718264607,0.00045562948935409624,0.0003103088813064947,0.009405456663719383,0.021449639945931798,0.00020483896627113482,9.001900102169409e-05,0.0026249243095978567,0.019944885401811222,0.0016717674726787499,0.0006200145130298326,0.004322098457034851,0.009688284246771718,0.0037438738557569622,0.0020458573815638945,0.004692553928377436,0.01512185934796964,0.004509582594716814,0.0017111830825189127
225.29849290403249,0.0027972405039088494,0.029961206927579826,0.00045539724610494867,0.00031012622262712315,0.009314322212026403,0.021280757280277406,0.00021100308365610824,8.8607783010069e-05,0.004478257689533024,0.019829748161388452,0.0016698339673382491,0.0005786471722082381,0.004425944836086329,0.01164024884806358,0.003664123243366351,0.002011511951249433,0.005169548593858705,0.015230418985617365,0.004485056939351011,0.001724034316730509
225.24775000022527,0.0026166380975607057,0.02997562050723619,0.0004546183379736581,0.0003108751225742574,0.009348055158331257,0.02139895663512007,0.00020750112608230314,8.370686869571606e-05,0.0031849651250560563,0.018461906335714727,0.0016774219013937265,0.0005969696968257975,0.004063464534239729,0.012129896790467836,0.003724749750993127,0.0020520786286559556,0.00541681985931597,0.014634372582987182,0.004497081281333583,0.0017086579740002274
225.19702994843507,0.002731245510396363,0.0298690062496463,0.00045532565451904413,0.00031038797825149486,0.009405837404662094,0.021152994029330324,0.00020371059346250167,8.22103536970813e-05,0.004143074836491236,0.022345396181925863,0.0015945725145071576,0.0005504980615639468,0.007259907166633694,0.011817594106050744,0.003655602384594403,0.002047705054170667,0.00495027129156112,0.01414037849242601,0.004488857954092303,0.0017220609987688858
225.1463327332283,0.0028075591454391276,0.03004638074109103,0.00045460275078703277,0.0003093152448392944,0.00902863348435288,0.021244408280089975,0.00021041630543893077,8.475338536273674e-05,0.004660890000581983,0.023573099081324492,0.001694462157156886,0.0006626223170240454,0.007289260706188298,0.008632213686080917,0.0037142171832441986,0.002111130065976797,0.00433180708778654,0.014601800642506931,0.004501011573633752,0.0017102389234732712
225.09565833918526,0.0026582937864449204,0.029966253980154907,0.0004545542595171579,0.00030962049427875446,0.009319022089322452,0.021576116880649823,0.0002073978665514232,8.29456508392546e-05,0.0032551151822592366,0.017685782862549338,0.0016411238010292353,0.0005232321544918917,0.005784832838696467,0.010363488278604649,0.0036757725542176135,0.001996932370555778,0.004752728914396911,0.01507587526865399,0.004494996626830311,0.0017249616574330816
225.04500675090014,0.002735450967340062,0.029875838898733166,0.0004552125756302349,0.00030973192212047025,0.00917857327322441,0.021348157733155848,0.0002067483791213434,8.646152947452198e-05,0.0039984816352330995,0.01963588121237479,0.0016380914814731378,0.0006189661913174401,0.006148899575358782,0.011698111150627967,0.0036873540224960743,0.0020413706762892987,0.0050609007455210955,0.01461394525099423,0.004499010897618026,0.0017110070904802009
224.9943779529809,0.0027881369449055124,0.02998511483030531,0.0004543948901265494,0.00031006400295541367,0.00916332429260287,0.021690359495822074,0.00020531927214699136,8.04493512860771e-05,0.006533875844786151,0.015466037506764377,0.0017249812251370316,0.0005465636265333623,0.005058836639112794,0.011488620107818948,0.0037831998649463716,0.0020529324694886996,0.004699152285253276,0.014503697273389012,0.0044926231939619605,0.0017259674728804077
224.94377193004954,0.002669502851229852,0.02988405455606724,0.00045675763697990347,0.0003121589926393933,0.009449431455314206,0.021567140197284878,0.00020332584794137355,8.594502917669549e-05,0.0028680504671427477,0.01746537335085253,0.0016787120132244484,0.0005467782874456487,0.004239216039662304,0.010930068485366434,0.0037370377194090166,0.0019862450549552736,0.004573590232621369,0.014861309626187756,0.004495893205193429,0.0017114980913093257
224.89318866674165,0.002708763941474986,0.029925644511196624,0.0004571242719406137,0.0003083007776325918,0.009413603279694083,0.021657924677169236,0.00020281848082220059,8.415231340898364e-05,0.0030082317889091503,0.015816475490051662,0.0016465898806393253,0.0006064878043685184,0.004666412923469847,0.011288221476295506,0.003712865556452526,0.0020931183817637956,0.00479299428136657,0.01506425887882625,0.004486680129763572,0.0017297629373939619
224.84262814770688,0.0028008993746069973,0.03011194034020011,0.0004543917455987607,0.00030886570620962227,0.009554072172075287,0.02145274247915671,0.0002050803649711279,8.232464058983148e-05,0.001965697193032101,0.017964205128546944,0.0016792815386366504,0.0005082663258152825,0.005547079034197899,0.01155866530831779,0.0037173778568692062,0.001969125065150467,0.005022094249677691,0.014839827043434669,0.004481527927143152,0.0016978603022734444
224.7920903576085,0.00296562813478793,0.030230287318337684,0.00045552185685528986,0.00030963190668665814,0.009408344506636853,0.02126575221753382,0.0002027309840736987,8.485436161074364e-05,0.0023295714348832573,0.020901901701707908,0.0016477604281245797,0.0005963928630007299,0.004171785894339562,0.010414946247810608,0.0037384226005969263,0.0020674498807871167,0.004986542274254409,0.014704869775806345,0.004511408308956955,0.0017240720413147293
224.74157528112363,0.0027558639055159217,0.0303752088632038,0.0004540249834127229,0.00031272111577720457,0.009360383844316653,0.021537755594879134,0.00020568938832155295,8.632838287533627e-05,0.00309635119351757,0.01578647469942516,0.001625669625863181,0.0005890534751684717,0.005155543195123837,0.012605615209660796,0.003658387472612899,0.0020516873176327716,0.004603561911223813,0.014754831184649894,0.004476185683338068,0.0017212970142213633
224.6910829029432,0.002609564823431797,0.030284853791398298,0.0004550505902304778,0.00031053926028115733,0.009599093710832948,0.021326673466779043,0.0002047891038740493,8.754777953932527e-05,0.0015130046184508089,0.018520641426993743,0.0016230298999896603,0.0005828947743333159,0.00626848993456989,0.012128548490541713,0.003695097977977499,0.0020050946254311594,0.005003491634675363,0.015221437248940477,0.004500861895416868,0.0017080923094956147
224.64061320777185,0.002384257803274723,0.030075235556980887,0.0004543380288917233,0.0003108946238353438,0.009268654955458255,0.021318542989856627,0.0002098160050333224,8.495355072486428e-05,0.0029852705476427835,0.019893398559690263,0.0016635845387905897,0.0006015532793949941,0.005679640689282107,0.011145157266911435,0.0036670701312786257,0.002065808066413269,0.005306531632468899,0.014696328925765986,0.004484684765787168,0.0017209922905338738
224.59016618032788,0.003008542826632445,0.03010305727830379,0.00045470959265186934,0.00030982534507456675,0.009178748987886903,0.021481223534134876,0.0002096210289166053,8.412668085284611e-05,0.004889197861990194,0.018341193238493925,0.001690641094064047,0.00048595382269700244,0.0036611936476014066,0.01082865481317259,0.003698740538926619,0.0019326864799653197,0.00521881330447636,0.01450564256320307,0.004493337999173901,0.0017107398784193054
224.53974180534357,0.0025508100205753675,0.030491452551667776,0.0004572419006643253,0.0003092624048508849,0.0091839702599851,0.021356044844271588,0.00020800305113923055,8.299546097585439e-05,0.005454215746588774,0.019732118657295013,0.0016385374468641221,0.0005875185687927355,0.00433924521038356,0.011331283941994504,0.0036487879997340023,0.002066928984322281,0.004818071754242314,0.01391240215155564,0.004482910744626791,0.0017184747935857583
224.48934006756454,0.0027785342863438887,0.02966070476558523,0.0004543213954830212,0.0003100248305988501,0.009369673927488645,0.021845056548143952,0.00020412952653761282,8.673870187771367e-05,0.005653193281230834,0.013908627171283303,0.0017443873705667158,0.0005501090264781283,0.005479994046387357,0.011344634091968266,0.003812330811964626,0.0019737918413088628,0.0036344758439727292,0.014866546041022517,0.004494478434396319,0.0017035152695716238
224.4389609517505,0.003378652127865369,0.031170369846938474,0.0004562327698962892,0.00030884120188680786,0.009629517141121459,0.021422805514489978,0.0002053034764953763,8.359521715622753e-05,0.0016948346285561471,0.017732219084715582,0.0015915280660887948,0.0005541577747317135,0.005981919514428324,0.010367334571251611,0.003637012912518852,0.00201719362736825,0.005049677561576192,0.0159731789221493,0.004493442487499439,0.001718653259118302
224.3886044426745,0.0019684999173678612,0.030320987380999465,0.0004530385490787191,0.000310479992672759,0.00953713420783373,0.0212637727760916,0.0002082483376193467,8.841901619197072e-05,0.0025669980905763472,0.0200515226274301,0.0017197554956041741,0.0006040671197147667,0.00349598524346143,0.011092316396393914,0.0037455987481018822,0.0020159130414944236,0.005864328127631855,0.015089366220812975,0.004495695944270684,0.00170806050641617
224.3382705251234,0.002831830592168043,0.030745788934165467,0.0004547281329630737,0.0003115034102713697,0.009379728613142492,0.021338445789813646,0.00020444296565600548,8.581176791643584e-05,0.0036202287398675544,0.018576335781037817,0.0016471637369486665,0.00048707664077629506,0.004025029182216649,0.011748510067675475,0.0037042805175904795,0.0019454486405650012,0.005851550864010381,0.014326165408048243,0.004484504273285242,0.0017237401185026615
224.28795918389778,0.0008229661362794332,0.030566636349437362,0.00045537448348921365,0.00030972019179437767,0.009556478009747672,0.02129015824181572,0.00020887422350074545,8.092849731385411e-05,0.0032021371977280218,0.0190602415912871,0.0016614424670892143,0.0005310343890979577,0.004404569710028455,0.012854770159138062,0.0036725669003335533,0.0020088470845553937,0.005177717532285415,0.013358382096768788,0.004488661037190315,0.0017017493301528346
224.23767040381168,0.005939351639416595,0.028352703657876045,0.0004565600476882943,0.00030917331846888873,0.009262270834893562,0.02188865777649077,0.0002043230612544771,8.142644913234267e-05,0.000315465870416118,0.015393825479856954,0.001687737220025885,0.0004785620841295958,0.005691495985555037,0.011831153474664723,0.003752633136753956,0.0019836890479277554,0.0037858756818683194,0.014101994272413536,0.0045004345712536,0.001726749031936939
224.18740416969294,0.004157346282667031,0.027618933603621207,0.00045547987358902074,0.00030854153652240285,0.009498785280763882,0.02156657724656131,0.00020582826044206857,8.541540999443813e-05,0.0014421368282363423,0.020545590779487276,0.0016767269612260128,0.0005406762348181203,0.004630840954929389,0.009864314997113235,0.0037033707497988906,0.0019910886377246073,0.003932046102720595,0.015152750563424525,0.004472447797206531,0.0017151415353040085
224.13716046638285,0.0020149984909758755,0.029915692072375346,0.0004519141453152027,0.000310707820439538,0.009496947400839366,0.021081161109001458,0.00020568420586856417,8.455511038340845e-05,0.0038530574876526297,0.023107601872042475,0.0016409686156156722,0.00047582973755752307,0.00463049698708698,0.010033438810420878,0.003696073709324487,0.0019277593698123017,0.0047926079639272244,0.015445244408059524,0.0044955603515218255,0.001706024191700635
224.0869392787363,0.00255349998993711,0.02863989544808599,0.00045278694116633833,0.00030935432619540133,0.009149889702709408,0.021489509250409232,0.00021016454260273457,8.598785890846956e-05,0.005489718425010183,0.019198942226054488,0.0016781997427425582,0.0005395452887735458,0.004075377207569674,0.01116650380797654,0.003680445408475845,0.0019753400758960606,0.005392765674410076,0.014899766377911183,0.004485853733594352,0.0017073989112970451
224.0367405916219,0.0028861619375073586,0.029636456514290282,0.0004546968217859792,0.0003085498722830461,0.009189082646992659,0.021481917783492815,0.0002077348972063043,8.318239723848041e-05,0.003131771459980801,0.01739757850764725,0.0016872820757848248,0.0005068608405447378,0.006161717721424068,0.012920517269590447,0.003725668348162244,0.001971293143492403,0.004751361266537997,0.014030674756913976,0.004498378961584633,0.0017197250716404454
223.98656438992163,0.002722793994349355,0.02971350333044382,0.00045401012604810536,0.00030860062043696463,0.009002284306012262,0.021363295286133267,0.0002063990101319903,7.960859449793813e-05,0.0071654772486877015,0.01862664335299801,0.0015820946376297854,0.0004482275350690165,0.006189759373441755,0.012191646695914882,0.0036039055123358835,0.0019492244096826514,0.0036721671335115794,0.015033390393010118,0.0044773659913327265,0.001712048447334899
223.93641065853114,0.002551215943880128,0.029705719834761106,0.0004532289744020965,0.0003086976252306093,0.009300901219028518,0.02167071191661734,0.00020414767787852863,8.140179404210457e-05,0.004249247179579656,0.01486438835552092,0.0016028812114198237,0.0004720940899518829,0.005408583851681029,0.011288835374692014,0.0036756857863915068,0.001953118255860124,0.0050397471694465885,0.016038305991849893,0.0045000345434655495,0.0017105643356965057
223.88627938235956,0.0026511036434382278,0.0297383797491243,0.00045432690086984857,0.0003088236151944158,0.009338251513185465,0.021548359515272984,0.0002067876689344003,8.171420362635518e-05,0.003231147087967662,0.017940747520131636,0.0016385739697602148,0.0005084716984698768,0.0038706373897340386,0.010419276213762482,0.0036607096907231448,0.001998845175042982,0.00562242594685873,0.015125902091242673,0.00448370795058763,0.0017204841903266236
223.83617054632947,0.002464612536616966,0.030021938219266936,0.0004546926568744759,0.0003097936845121084,0.009471455284568966,0.021434875596334304,0.00020833597224995096,8.62182024673703e-05,0.001937200207790347,0.01824833328580411,0.0016474164992934324,0.0005386689873572118,0.004653378709953499,0.01120921891250126,0.0036594420187665865,0.00197485162582381,0.005433311915498229,0.014778448199857854,0.00448771661271001,0.001705345880609028
223.78608413537708,0.0023461726079390547,0.02945910369960009,0.00045489434710865536,0.00030912927360127846,0.00939779376758559,0.021599354134006946,0.00020489078069084836,8.395150561633206e-05,0.0017672809831356367,0.0174855649740902,0.0016145998248794776,0.0005427846010056375,0.005243467492425079,0.011024565023188881,0.003662405800822424,0.0020146292592096234,0.005358092683747154,0.014325977251482474,0.004493774527468335,0.0017204417310650397
223.73602013445196,0.0027688040010329326,0.02942329451002456,0.0004539709712743635,0.00030965018398178973,0.00923427607656009,0.02132120507824912,0.000207460311845179,8.747330142348748e-05,0.00466747930292722,0.020393717015320667,0.0016094753560586298,0.0005939328819228755,0.0037746886845690625,0.011040766416094354,0.0036372695519306004,0.0020264021714163404,0.00494147145949598,0.014509760971684426,0.004490322360728754,0.0017065562709563087
223.68597852851713,0.002556124273762687,0.029721005708136943,0.0004526669976807491,0.00030871760245155036,0.00934988683498033,0.02165903594525228,0.0002070688903071357,8.378285636892887e-05,0.004113298610200892,0.015767106039943996,0.0016453906849871482,0.0005665461860470183,0.0036915338338191412,0.011941958566007101,0.0036765047632599137,0.002044104269973408,0.005060451197829072,0.014254135568445132,0.004481159329507105,0.0017220017491559815
223.63595930254925,0.0028086718133739537,0.02964761772829289,0.0004544049780722411,0.0003088398648453556,0.009320480628138757,0.021315551042968013,0.00020691268544318579,8.843824806509988e-05,0.003199627059860526,0.01998687391017039,0.0017195358664769754,0.0005541207826791669,0.004893901361385788,0.011685279056707803,0.003737864277833409,0.001948962532671131,0.0042050518552253675,0.01415203194061675,0.004473742235431912,0.001688838353777388
223.58596244153813,0.0027700542194861034,0.02918855657130445,0.0004537392608375832,0.00030882074980037897,0.00905713227612178,0.02125980126792027,0.00020895577220703083,8.281220168043592e-05,0.006217537300153528,0.020033884298280607,0.0016611584335084466,0.0004991042223115691,0.005013551756554703,0.011910984306313531,0.0036995700992226562,0.001969812180944351,0.004306358158701211,0.01537656032314841,0.004507985339550134,0.0017095476984592282
223.5359879304873,0.002503068417682035,0.02957565391211907,0.0004541869219627179,0.00030878735200054426,0.009245090839359892,0.02122684153608819,0.00020853596368610152,8.42408680046572e-05,0.004143841746096661,0.02157690988375345,0.0016946511954162018,0.0005429524783175195,0.004485663411955903,0.01014221200555036,0.0037100950594697816,0.0020143600265808683,0.0053158831360228575,0.015227997494125853,0.0044882110529783,0.0017215063209705236
223.48603575441345,0.0025628714245983166,0.029643322573933636,0.0004536234083896373,0.0003088990928154746,0.009105052169362676,0.021513103662873772,0.0002093842993360189,8.407326851214242e-05,0.005808285137070373,0.01830420921066157,0.0015505676560052279,0.0004947872188188737,0.004044157608552251,0.010573691745252183,0.003574055157688467,0.0019638867732640936,0.005333394708623282,0.014629433144073695,0.004500672675945075,0.0017211469394519633
223.43610589834677,0.0025878823796721584,0.02958097130108236,0.0004527786601320665,0.0003099827665496593,0.009071718929728568,0.02165118259169398,0.00020513619441515395,8.38257150981521e-05,0.007713247049870996,0.016747300269163427,0.0016742663963361395,0.0006337876283436196,0.0034558335857690576,0.010815957250646852,0.003714205600121267,0.00211072302201884,0.0049194445155329855,0.014271322667810895,0.004478283089063011,0.001729764131428234
223.38619834733083,0.0025320851461809505,0.029597851932198747,0.0004523358353644687,0.00031032925310963376,0.009316215073420514,0.021522952518948656,0.00020971996865128183,8.141179027586762e-05,0.004082226032863347,0.015643192300021758,0.0016711248146827626,0.0004346976934710776,0.00441831390396291,0.013621007537637203,0.003669913001956456,0.0019254699676033353,0.004312467747730751,0.014759683131720621,0.004473805712091014,0.001713112120248004
223.33631308642254,0.002770580628377853,0.02996038791378371,0.00045395884628836276,0.00030813153019441757,0.009218702023503758,0.021369135417086883,0.00020853904665185625,8.41086891047517e-05,0.003798338262802418,0.019277811854690595,0.001663390864558977,0.0005714429840090381,0.0060139835298152425,0.010287295032384024,0.0036754777630137975,0.00202117665928775,0.005113778080372466,0.015379739285128506,0.004481403491660215,0.0017068103463425107
223.28645010069215,0.003401728455899941,0.02905881404945414,0.0004517141492898987,0.00031188835511873945,0.009298531092469753,0.021590935860708437,0.0002051166056128217,8.67616828555303e-05,0.0027577708256541923,0.01644725452214998,0.001449927014455713,0.0006650416212382774,0.004060384417185695,0.012526542718048832,0.0034949766460016397,0.002076544933930487,0.005536647456688248,0.014455427875269548,0.004487158862966573,0.001715652017001694
223.23660937522325,0.002287704114466306,0.02935151353655057,0.0004535420534960597,0.00031779816083366555,0.009433706340528593,0.02135134050408507,0.00020565936664299373,8.538904191769721e-05,0.0016719062642860615,0.01904660844827726,0.001532853435061457,0.0005161853768147357,0.005365351961586998,0.012783732271099121,0.003566267274912253,0.0019633750332039945,0.00469633494544286,0.014087907337974614,0.004474815019428094,0.0017121874935212141
223.18679089511272,0.004469160492089742,0.02953859378811085,0.00045331698190880177,0.00030679815152746375,0.009323686306192193,0.021438044388594306,0.0002021796945624946,8.464332789112492e-05,0.0013963128927001968,0.01840738309659652,0.0013601478115028564,0.0004675972658030536,0.004930419270118226,0.011958354910457965,0.00342656667023066,0.0018683472339987908,0.004361315262811911,0.014872630610422367,0.0044847470417504675,0.0017130578497668526
223.13699464547082,0.007201333223212301,0.03234132604132569,0.00045548353118265636,0.00030695374152905257,0.009038526966975257,0.020827511617049623,0.00020728699541436117,8.678746928784335e-05,0.0031968241045575788,0.02331229356969224,0.0019346072272527054,0.00047115283664089607,0.003299342327473583,0.011008949340680379,0.003934682641632155,0.0018708951176188726,0.0049351372911831,0.014911125258202533,0.004471439420963466,0.0017136747493587527
223.08722061142097,0.002028469284857722,0.028205257989198936,0.00045492935978499495,0.0003068749407521656,0.009394335120228846,0.021377349802447602,0.00020622752156022897,8.28410032738113e-05,0.004838032762874676,0.021629964093888784,0.0016291134775151318,0.0007455012731441113,0.0035837572487342536,0.010216925254037968,0.0036513154057539834,0.0022011402236122865,0.005104330751651472,0.014493958516406929,0.004482078122223651,0.0016937775672446124
223.03746877809994,0.002175385852298767,0.029738783326179585,0.00045793186031104405,0.00030895334843684155,0.009223389520557786,0.021434961039104757,0.0002102530039241401,8.356843810786616e-05,0.005317387799364311,0.018244193816845396,0.0016014847909267265,0.00039193510551719047,0.004176232077928228,0.011792804320124906,0.0036043334931304518,0.0018624696439901256,0.004492259096482707,0.01420664098004842,0.004492304300393927,0.001710472839151724
222.9877391306578,0.0021110725890887486,0.02895727437924324,0.00045324257282951903,0.0003108536599162117,0.009538824290794197,0.021408176735084904,0.00021200273573766028,8.471334325844729e-05,0.001466504259087286,0.021035022007065418,0.0017715323673159252,0.0005342422983285758,0.00562101715549892,0.008967153400457296,0.0037478082572800697,0.001986241186493126,0.00409592650473323,0.014989680799692338,0.004479015606074481,0.0017087308994506297
222.9380316542577,0.0018507207171236811,0.030247603100504596,0.00045444640875136853,0.0003075892544174411,0.009488025609841374,0.02103218094232574,0.00020872960937704844,8.463832636069869e-05,0.00440483726281562,0.022627517413845583,0.0016505326357774538,0.0005090512991281114,0.0035144509491122915,0.010071472610297401,0.003667798482248533,0.0019483048681398884,0.004837033985453426,0.015670164013575145,0.004492012820321957,0.0017009454799967428
222.88834633407626,0.0026397050658243486,0.029598628510900282,0.0004536666390154161,0.0003084363129013149,0.009203888179153472,0.021009602914748196,0.00020522871374288964,8.412037027016533e-05,0.006046461173449287,0.022816838497805803,0.0016342187213083692,0.0005465934020158416,0.003361904914942138,0.011104548877657003,0.003691361139244182,0.00200813849259781,0.005757189809736766,0.015492990256662556,0.004497901243932826,0.0017126420779531755
222.83868315530307,0.0020484561866638117,0.029651290982631407,0.0004545990412774643,0.00030723774660089875,0.009332128585834584,0.02136058200775983,0.00020815202073309094,8.481556244617222e-05,0.003445481678674105,0.019347564006271016,0.0017107394502116143,0.000525907358413982,0.0040240766910936135,0.011617000343604179,0.0037282647410501776,0.0019843880643768412,0.005610843874545837,0.014265591423141624,0.00448483467222672,0.001719685475762207
222.78904210314104,0.0024732821908323966,0.029848773064754662,0.00045647495844663245,0.000308061627214761,0.009019829947763623,0.02159001101316625,0.00020597858383309537,8.724342585552981e-05,0.007883743033722876,0.017489127622295094,0.0016948711453702047,0.0005817090936177426,0.0032682754484405913,0.010476810780182214,0.003723236183782633,0.002011414489185072,0.004956291902219824,0.013937285055544691,0.004479610004623214,0.0017112582810868307
222.73942316280628,0.002368790102230813,0.02952126688668686,0.00045464557668747007,0.0003078547833452892,0.009432359021501947,0.021668777708107136,0.0002051687456550682,8.127771180214777e-05,0.0024294186594362834,0.016598398384308034,0.0016653581480040888,0.0005258569315746431,0.005288090898649806,0.010833139984604633,0.003705411598894631,0.002002966319315766,0.0041573766077066246,0.013933903321176715,0.004481861205570237,0.0017118972536774686
222.68982631952795,0.0022016715895884138,0.029545138705075715,0.0004559195988645636,0.00030837453335953567,0.00940301434215996,0.021545321231888865,0.00020923947542448294,8.396442290504697e-05,0.0038785878184673444,0.017642369069772408,0.0017391319596947563,0.0004902252574775074,0.004546196425170478,0.010195953370590078,0.00374210633660974,0.0019525079717525862,0.0038395841258254907,0.01542266716049393,0.004486084018928824,0.0017150749605393191
222.64025155854856,0.002171998246877562,0.02978521951937188,0.0004538182389923144,0.0003096716888398215,0.009445852553072991,0.021436161392111453,0.00020815383002505938,8.061763031156099e-05,0.002111514932752772,0.018570048362930018,0.001689644817022596,0.0005129565013343308,0.004946960766675887,0.009823457869562674,0.0037002841839288447,0.0020140942911841594,0.0052096696519479966,0.015860559689037285,0.0044846190553014375,0.0017170221931430585
222.59069886512358,0.0023474501071096858,0.029921145947050767,0.000454358657605467,0.0003087148499398386,0.009432437449044758,0.021455672319129843,0.00020842006942698688,8.308338949688807e-05,0.0034220633870125907,0.01686719937670551,0.001667792866879049,0.0005114131809769734,0.002567686719797117,0.011855920912895751,0.0036704915976125993,0.0019805285763217187,0.005523689139925993,0.015133758107581932,0.004477126643074639,0.0017100686739002493
222.5411682245216,0.0024991161439669417,0.029765471992080256,0.0004543688449212438,0.0003080379430313742,0.009562431070709254,0.021239543537836192,0.00020319284833012583,8.498860964985208e-05,0.0017196841472467527,0.021446606566083166,0.0016194611515666936,0.0005125469581700355,0.003664563170146348,0.010031636452989403,0.003675098820651721,0.0019509701540623065,0.005737584330522672,0.014594591615382114,0.004483792199413028,0.001699109573218649
222.4916596220245,0.002252573315080931,0.02984021409759106,0.0004561633905560755,0.0003078620892766583,0.009386578901365126,0.02099969064976882,0.00020757714153701293,8.574676341717387e-05,0.0032589490156096734,0.02260723495545453,0.0016702174176406418,0.0005267316708302024,0.00384855232420679,0.012615859183034409,0.003693440649479251,0.0019745664811159644,0.004876814555753301,0.013948373313219208,0.0044935631254040855,0.0017141466133098753
222.4421730429271,0.0023007144726850354,0.029800420979813166,0.0004547802591094446,0.00031116760999438416,0.009163280777453578,0.02113555401750889,0.00020984796141342097,8.377037491580582e-05,0.007814291638040038,0.02195921721486404,0.0017116176067096677,0.0005357435219367314,0.004610254190900912,0.010251442688280385,0.003701702904898468,0.0020253251262357264,0.00454613972840048,0.015261095942170596,0.004473887296799737,0.00173120209631051
222.39270847253727,0.002387634658413098,0.029783693024886065,0.0004540686959387374,0.00030880065858169376,0.009468036017835413,0.02140880012843547,0.00020770103272248894,8.617206317938451e-05,0.002461890021770689,0.01881616034961293,0.0016848682398380602,0.0005304181720501747,0.002652739681683495,0.010962600293630574,0.0036877273718253726,0.0019683306392800155,0.005822314430063867,0.014720697270420717,0.004468138455494786,0.001702917932147519
222.34326589617612,0.0024711813135153797,0.029810966402736228,0.00045484132204484125,0.0003093705922363629,0.00942643587300288,0.021279162247430608,0.00020834012766814548,8.282826426674445e-05,0.0012972596044456505,0.019572866598163784,0.0016770992075121154,0.0005155130518527914,0.005171679161008119,0.012180919925541642,0.0036986345243964483,0.0019811092880414887,0.005069271706994678,0.013787155934003075,0.004493394965460791,0.0017066968630714428
222.2938452991776,0.0023672857979650176,0.029731112649301037,0.000454317922005594,0.00030855959648889595,0.009286415096891123,0.021402084386439417,0.00020695193604087253,8.26264434640697e-05,0.003209269058848791,0.019499239782942487,0.0016784752827601207,0.0004974719200501152,0.0053101076808376385,0.010670182679502026,0.003685765767641928,0.001980619374985367,0.004529866188322966,0.01402095748573592,0.00446948134456562,0.0017201898350965457
222.24444666688893,0.002400966964857281,0.029816603319318468,0.0004532041160180129,0.00030928948519564654,0.009561131607282182,0.02146063422160256,0.00020535553660403817,8.580063258666763e-05,0.0026013994498267417,0.016955308485577816,0.0016374624287942797,0.0005152163667537633,0.004961042707059207,0.012278837795688094,0.0036662418559740215,0.0019521798926724538,0.003620198356435607,0.01449597030355721,0.0044726674952324345,0.0017002361160005854
222.1950699846701,0.002529952578272316,0.02980334229246794,0.00045302918746852646,0.000308650786344736,0.009276178343999141,0.02120714704412918,0.00021053083669167187,8.49805436088762e-05,0.004595532329950052,0.020845921860458014,0.0016407092098598764,0.0005326804019179807,0.004446405433279846,0.010082430297955662,0.0036369295831263316,0.001976525227124354,0.004495386870500913,0.01593496977496896,0.004482633225116735,0.0017062702882075158
222.1457152378943,0.002392843004654176,0.02973529720215273,0.00045331634128431667,0.0003074305998120752,0.009396451010657378,0.021390126326259643,0.00020950368455857087,8.662336749309014e-05,0.0021262042227860978,0.01795803944577512,0.001618808187434063,0.00058429015287743,0.004372569075315444,0.01163871558654359,0.0036178833129021405,0.0020115313419741924,0.005554099364643449,0.015126616652945889,0.004480872253757033,0.0017083351196164674
222.09638241194764,0.002497566732983454,0.029839089101239162,0.0004547197211976901,0.00030881778585826607,0.009131743160531022,0.021327628677706538,0.00020643267359055832,8.568064159460486e-05,0.006560665835765295,0.01965160258499552,0.0016524614631507528,0.000631305519459977,0.003266103095613029,0.010492954240809552,0.003678526706981952,0.0020683839381769415,0.004881541793263446,0.014905128100919953,0.0044790357440929384,0.0017026893367433596
222.04707149222915,0.0025392049460475725,0.02977232985653668,0.0004541479922000465,0.00030789589365047044,0.009473395120434838,0.02150346694901517,0.0002065069114554992,8.506088658219376e-05,0.002335840285999362,0.01682230472885619,0.0016719147544761858,0.0006338553219861771,0.0035572213077591265,0.011399315619795002,0.0037167401249080566,0.0020714105364700516,0.005602198193349606,0.014903405018586276,0.004494666444731522,0.0016996769504359487
221.997782464151,0.0025153492485459937,0.02979040581869663,0.00045299690692119797,0.00031181368461864935,0.009377117239402403,0.02153046645720351,0.00020638970976243773,8.501993351972189e-05,0.002976341733984402,0.017116926674061343,0.0017515798419647354,0.0005223699863624849,0.0035866393675346763,0.011345106773464508,0.003800567929317458,0.001976494106496404,0.00504380801865286,0.014151396223192503,0.004496204466718942,0.0017241427482400855
221.94851531313807,0.002526936547249341,0.029715410005535445,0.0004567405175332052,0.00031031845385497527,0.0093498757692876,0.02123731770498602,0.0002077198807608574,8.4112207048677e-05,0.0024500163809593255,0.020528537886953722,0.0016423823139211724,0.00045183435979235295,0.004860308087946303,0.011080046243158205,0.003640110108599749,0.0019295714956227383,0.004833338564977796,0.01454525214305479,0.00447153359383503,0.0017272723382861415
221.89927002462838,0.0024973085623486795,0.029716521495994352,0.000453468263820792,0.0003061198814748166,0.009602656448948243,0.021354656574606275,0.00020901816474669447,8.142528626271422e-05,0.001615328195279763,0.01803774202822395,0.0016463584082758607,0.00048511847037872527,0.004456779032066897,0.012965991666109152,0.0036326015749350462,0.001971130783920281,0.004502465242112991,0.014090713518147356,0.004465574927581992,0.0017131043490009085
221.8500465840728,0.0025074597502436832,0.029790193717829615,0.0004546099634899747,0.00030833016311412024,0.009419696062845215,0.021151418349177137,0.0002096976820799459,8.350855941887753e-05,0.0020035281208333694,0.021234378552934658,0.001715633403757072,0.0005968588756530414,0.005157005350172477,0.01064254400681415,0.0037071454712999156,0.002052818063296385,0.004057655974050322,0.015291914263992233,0.004472110784274261,0.0016998093493958682
221.80084497693502,0.002562271644346488,0.02972679268290409,0.0004542320742161531,0.00030900788934641734,0.009220695955116561,0.02144031482753183,0.0002081244985477262,8.206036917210537e-05,0.005540289584239697,0.01746688641037855,0.0016986798221534623,0.0004685073758033414,0.003029358211811779,0.011307312311926937,0.0037057284376965263,0.0019480347500144591,0.005348586103025875,0.015222268452861962,0.004481601047568637,0.0017074494885001414
221.75166518869182,0.0024953628688847845,0.02959238601571537,0.00045334773232180736,0.00030886800963571227,0.009332118166016895,0.021035014596631225,0.00021209233709262198,8.656524526843068e-05,0.003779075828446341,0.02352947856904016,0.0016895596559580305,0.0005205727633993527,0.0036781516570024413,0.01042875902394412,0.0036528344584639905,0.0019556390019772967,0.005036354204110525,0.014702085050452018,0.004472727813587958,0.0017001714333113212
221.70250720483267,0.0026480975967089486,0.029708961392596288,0.0004528312614210224,0.00030659472963720275,0.009019572808484713,0.0213102757308182,0.00020378410890126218,8.97506559067397e-05,0.005784327031614761,0.019050613385489315,0.0015913557226773039,0.0005364587611911165,0.004758013472250783,0.011481038738336257,0.0036541183294222855,0.0019389441791703027,0.0050962337071397855,0.014621869371530174,0.00448798573122182,0.0017094785075991497
221.65337101085996,0.0024969801984319963,0.02986184491873398,0.00045344912976500113,0.00030691314878413683,0.009294607771299097,0.02134830952734054,0.00020838184234493796,7.947040259399096e-05,0.00402666100289181,0.02028422649682203,0.0016489771610489743,0.0005096857227041827,0.005015820448536971,0.009354516116211634,0.00365117624010973,0.0020113613627715417,0.004660176963646702,0.014456671114373586,0.004473349869587478,0.0017168842160876273
221.60425659228898,0.002510483556822386,0.02973496887105276,0.00045431811729542174,0.00030584668324756104,0.009357974472848108,0.021613094021796123,0.00020868993240776002,8.717824186305802e-05,0.0033085865562664254,0.015777005095424276,0.001688519585950543,0.0006199634081449622,0.004097812343448674,0.0107772156512828,0.003689850681386025,0.0020429908292852357,0.004799712209182191,0.015100636426113437,0.004482077816970804,0.0017028028936422203
221.55516393464782,0.002527033377882627,0.029777676623493055,0.00045422268233021664,0.0003086576558282783,0.009707920239975552,0.0212794746990182,0.0002020993487901119,8.402674649520923e-05,0.0019882597736987024,0.01975026615700665,0.0016656671638320968,0.0005555957923971635,0.004260028263431782,0.011635194160846971,0.0037438169666029063,0.002030187562760057,0.005025395476368052,0.014453186163983977,0.00448641929070535,0.0017197660990116955
221.50609302347732,0.0024685293408608215,0.029792199864578768,0.00045167227600400505,0.0003108977485428112,0.009259810062866232,0.02131661362216634,0.00021333320190250165,8.380450529976648e-05,0.004344286968223815,0.01966314297853383,0.0017565076442366244,0.0005782061454153587,0.004542112567321826,0.010273507729169002,0.0037006157066139934,0.0020440949682650924,0.0044544125590029625,0.014836637255978745,0.004467053604388866,0.001712823939325132
221.4570438443313,0.0025451148314724423,0.02967962748943585,0.00045464146053133354,0.0003060498791177101,0.009172360937221489,0.02136191565881028,0.00021139377701631776,8.600426190636213e-05,0.005025485871273793,0.017875364611158295,0.0016864743458926503,0.0005287335197144721,0.0037519790789221426,0.01210754867249489,0.003665297942596687,0.001967424277110962,0.005088548913752338,0.015038153500399167,0.00447416713397929,0.0017063924014802593
221.4080163827762,0.0026092950041871022,0.029756987786896102,0.0004534986378773223,0.00030819404176191665,0.009350675759519714,0.02135783359305381,0.00021049369594814527,8.836353051596417e-05,0.004498026702863862,0.020454847076153502,0.001677463971772864,0.0005794288121503475,0.002932045174456141,0.00898352797437866,0.0036533464205457246,0.001985964437761913,0.0050945838398641806,0.014947084950691018,0.004473908590796041,0.0017028058996074321
221.35901062439135,0.002488339931572594,0.029717217969028008,0.0004540315124519896,0.00030678078963035767,0.009345269198721747,0.021411779903801668,0.0002054706394361376,8.658114545415515e-05,0.005578947166438493,0.017728419395518537,0.0016170421113447919,0.0005574366951705939,0.0037656895540401536,0.012246027411946019,0.003650903723571368,0.001980355609466727,0.0053569377385011005,0.014638699243261534,0.0044859378019088784,0.0016982671716846936
221.3100265547688,0.002537041541869045,0.029713947883999132,0.0004550653283472199,0.0003079624550109601,0.009589695297089754,0.021161907987670432,0.00020665230036476001,8.879930751832907e-05,0.0018503430904047594,0.021978874811988125,0.0016412555145117606,0.0005933887573823241,0.004195475123253563,0.010591438414778703,0.0036732622285400125,0.002007294132259027,0.0049033725845184775,0.014215335923052054,0.004484827594648389,0.0017157019588639908
221.2610641595133,0.0024931106749381776,0.029701867463028876,0.00045355203639363894,0.0003084966310251981,0.009078520725980546,0.021079605837094884,0.000209320775014483,8.757053482094387e-05,0.005864146666155756,0.02171216889703494,0.0016914669793958146,0.0005643897747742322,0.004475202199512028,0.011700593698549429,0.0036769244133391214,0.0019963489766321495,0.004802873443294712,0.014514072692333098,0.004473426772223055,0.001714975569207221
221.21212342424246,0.00250006404993646,0.02979331546067287,0.00045513518607531543,0.00030937248646575275,0.009179747600994157,0.0213584658211987,0.00020701980170412883,8.430054830550205e-05,0.005347205061751376,0.01935497048213463,0.001623375635393679,0.0005590423380163867,0.003929775764468692,0.01062969794801726,0.0036430506507188036,0.002024697353292403,0.004684341673525272,0.014315791564438856,0.004478270210850135,0.001714430474928178
221.16320433458648,0.0025341916399290675,0.029690804800323902,0.00045298761529380925,0.00030984116001774796,0.008944945801630442,0.021235274702185607,0.0002101950477291507,8.32667418064707e-05,0.007375469865776352,0.02095826271241602,0.0017440221603316967,0.000543917260569089,0.005144209949396984,0.010208427246397141,0.003735466307566254,0.002014078078882669,0.004203352173677945,0.01482416527437817,0.004475721825100847,0.0017093291482377583
221.1143068761884,0.002499848591688906,0.029723964761253902,0.0004541443779482049,0.0003088005144146674,0.009193398936305068,0.02154197717188985,0.00020900273966625917,8.476625610488495e-05,0.0051032862201914305,0.016625392453802658,0.001681838496844597,0.0005349401636866301,0.0038699613419747904,0.010716502559155669,0.0036855787882509056,0.00198155378733375,0.004671283446322793,0.01512362243020921,0.004483219397348924,0.001710566515189605
221.06543103470383,0.0025175755096472994,0.029735556682819582,0.0004537241354713566,0.00030854602993210333,0.009593344184355599,0.021124749352046685,0.00020667563751206128,8.518467845814304e-05,0.0012536222435445498,0.02094821553446869,0.001639531127942823,0.0005642824161760467,0.0032104059888417016,0.011119683158258066,0.003634806535910011,0.002012992854522839,0.004893001579473811,0.015310474124550427,0.004461545715442368,0.0017135402083814826
221.01657679580111,0.0024934949103142525,0.029722646646095776,0.0004529838675937922,0.0003086888822602368,0.009256332772254884,0.021224891303352426,0.000207702699425442,8.436171070445388e-05,0.004881379661436063,0.020460198417667764,0.0016691884691742477,0.0005581151526832707,0.002555229818892686,0.010665591900717926,0.0036720457393933296,0.0019967616390671327,0.005766116414894105,0.014952363684009946,0.004466416451097804,0.0016881247053513438
220.96774414516133,0.0025720507152350537,0.029766859525275864,0.00045315846671604315,0.0003088719350943487,0.009252572514431791,0.021573664744435183,0.00021051895930864801,8.61140252157466e-05,0.003860857936254091,0.01778752132499282,0.0016686064377602222,0.0006275300504435433,0.004026552628079655,0.009487131663556459,0.003665819616051388,0.002062808847062968,0.005077760599703572,0.01399726596537585,0.004491335544768283,0.0017045284923281636
220.91893306847808,0.00253686388298651,0.02971246643143556,0.00045394462851898086,0.0003087562929148757,0.009121661856083709,0.021751586989708943,0.00021063620312166366,8.865150797904638e-05,0.005469179576737116,0.015576024971645258,0.0016809079015307237,0.0005805318551685819,0.004693726830836105,0.009491958811786688,0.00366547229064787,0.002011514781261879,0.004541259262917047,0.01438461424918456,0.004482540587237025,0.0017186198180310004
220.87014355145763,0.0025040750858597474,0.029739208558985996,0.00045279753750535306,0.00031042708661664,0.00936462323057136,0.021429845358593425,0.0002027782872802055,8.749215119357388e-05,0.0016091009851166905,0.018240846882268572,0.0016153500934871755,0.0006183064780031984,0.005883859183338318,0.010846282041438695,0.003671968656572348,0.0020587931669070925,0.004350564198628702,0.014564504135671341,0.004477964127249828,0.0017162798884122659
220.82137557981898,0.002532940261975839,0.029734504832148383,0.0004533048505224046,0.00030901147458719944,0.00925110952728243,0.021304422219096352,0.00020508598054345506,8.243320785582305e-05,0.00440355308451466,0.019332132308966517,0.0016400350278630432,0.0005334827584862999,0.004008394905679221,0.010533709467262547,0.0036633681729807137,0.0020194400794667053,0.004446161995449182,0.015464437686810082,0.004464737734805208,0.0017152950565296455
220.77262913929363,0.0025432068671749335,0.0297498446875309,0.00045381747803805827,0.00030859831238601776,0.009439282554645404,0.02178303794049152,0.0002038333253978693,8.159923341123252e-05,0.004236969953425464,0.014097822653200148,0.001604039784703372,0.0005376816283364583,0.00384095113443468,0.010236338143965606,0.0036448328712360843,0.002013974359867234,0.005440186648788197,0.015123739042562288,0.004475404058641789,0.0017050682017895084
220.72390421562574,0.0025202885810596673,0.029729609744396156,0.00045179673516856586,0.0003103744284402736,0.009492131380039938,0.02124298086060685,0.00020666146626263136,8.527905726007026e-05,0.0014778222811073715,0.02068648111713817,0.0016582387195136436,0.000516059543778902,0.003649047215077702,0.010328637260340218,0.0036800817585874827,0.0019844112428565527,0.005024046974047843,0.014696545654511506,0.004473851688827225,0.0017216510940533814
220.675200794572,0.0025287999246279037,0.029765451359591102,0.0004517701163823613,0.00030849857076877685,0.0090443804942249,0.0214139042598984,0.0002067116750776446,8.534771938891605e-05,0.005410507720831846,0.018142076265435854,0.0016310491538768551,0.0005598160104571003,0.0048626885710107565,0.010936526225636347,0.0036400356816088395,0.0020039022113575683,0.0055377874185540054,0.014595204394443683,0.004462280147049523,0.0017092352922275396
220.62651886190164,0.0025189236242427688,0.029729195429549587,0.00045373518144462775,0.00030669644154462684,0.00937881838090308,0.021198424048629583,0.0002085987281685309,8.588553238838074e-05,0.0037503073279881844,0.020439163710140897,0.0017119249868337116,0.0005908078059872688,0.004439231991091365,0.011769898458877371,0.0037031992549656214,0.0020239775880643335,0.004826691109134389,0.013883780278714833,0.004472817070638246,0.0016982953895551818
220.5778584033966,0.002512420219169819,0.02971638605515408,0.00045429870164794955,0.00030789457974811206,0.009202148364994226,0.021452655374828808,0.0002095695739752886,8.768404133064481e-05,0.004603641223085595,0.01871974710970419,0.001651386962855677,0.0006185186487555922,0.0046008091894727725,0.009791780612809454,0.003642388140779846,0.0020310062571829834,0.004424482084818312,0.014422387068838805,0.004471919730812666,0.0016999907208460326
220.52921940485118,0.0025189156870514097,0.029735403690323715,0.0004507344446245792,0.0003089773907913263,0.009294293851372353,0.021325696508746116,0.00020873204826717782,8.462529428794515e-05,0.003833889447919735,0.020405547007088812,0.0016947120003289312,0.0005585913513164142,0.0053335743512939815,0.009610596226143861,0.0037120522547108518,0.0019896173547710077,0.004341739665406666,0.014384154312462236,0.004489839031246386,0.0016876436012878094
220.48060185207234,0.002523865405442869,0.029713624598237114,0.00045196289096970576,0.0003063061826473256,0.009167117895113949,0.0213559638640017,0.00020646199005857426,8.434362509998462e-05,0.00437561842846579,0.017846466486344442,0.001614841752086294,0.0005534001720625501,0.005405524733720612,0.011355078471972481,0.003669150056748102,0.002025057019291793,0.0042296834057168236,0.015414115540406238,0.004502113369346404,0.001726754494165093
220.4320057308795,0.0025346582526312483,0.029709008248197742,0.0004555258228761238,0.00030585859551602543,0.009297810692291845,0.021360925075247363,0.00020680448503991453,8.330146362099684e-05,0.004480075459576906,0.020161326145943098,0.001667320711116805,0.0005592839991441718,0.0032574312684197203,0.008572323281477476,0.0036666179061176055,0.00204877818703789,0.005362534001721969,0.015317359162499938,0.00446672746679477,0.0017368016624489167
220.38343102710448,0.0025383361816285685,0.029729432989553224,0.0004529907300259221,0.00031076475468312914,0.009174584790407527,0.021430607913014644,0.00020619439205943617,8.799930818654521e-05,0.004340838094447817,0.018754094608867285,0.0016228926603835032,0.0005670396889525638,0.00535029223558914,0.009458889292296846,0.003611244526187414,0.002008535709432217,0.005073431630013954,0.014920571682293894,0.004445388231917621,0.0017252870994208245
220.3348777265918,0.002516430198937381,0.029702766723260898,0.00045381887998577873,0.0003046205792478213,0.009098999111469873,0.021521070666697863,0.0002051395546462848,8.571146836196022e-05,0.006358770885903143,0.017432822422136895,0.0016790258003611916,0.0005650821264962205,0.004148780489234119,0.010598799742187399,0.003663457195846615,0.001998657473765346,0.005411513388403744,0.014769620004695347,0.004435061138432889,0.0016965338848822168
220.2863458151983,0.002541360544670625,0.02970745282270332,0.0004444686398770479,0.00031721561872238705,0.009273067401380118,0.02154486625693253,0.0002104230508559781,8.597744449371098e-05,0.004440931970367364,0.016881185292459144,0.00168906785706665,0.0005300743686085735,0.0036728748152403453,0.0108352354694436,0.0036802803185907317,0.001939189366439898,0.004943587133415542,0.014168176588913572,0.0044694189350816945,0.0016613365013835443
220.23783527879326,0.0025536257147854174,0.029694258373623522,0.00045925139036912536,0.00032298914904234263,0.00917988001003566,0.021605653997456117,0.00020641599339835603,8.692861409629751e-05,0.003771973939191539,0.016007198626768637,0.001673011456313816,0.0005683197386684465,0.005676569744090969,0.010618713134097695,0.003723403618678938,0.0020032455681303425,0.004745826864081124,0.014662833953421661,0.004505065266042846,0.0016904374780083186
220.18934610325852,0.0025114268644285697,0.029717666214310174,0.000453085194813148,0.00030272454460066636,0.009380744520369572,0.021390414750153817,0.00020464907277257144,8.709452295289769e-05,0.0031019727526902007,0.018642376014006427,0.0016036858529904093,0.0005749489752965936,0.003944554701730089,0.010611894386353798,0.0036641386833594514,0.0020063438352575687,0.004801814516675105,0.014429852336020451,0.0044949015283432155,0.0017166854556878019
220.14087827448824,0.0025210700292277936,0.029689309891013517,0.00045716884197024557,0.0003084237881608423,0.009245431904774276,0.021345651360138527,0.00020401133776336587,8.13696812322893e-05,0.0039501205520367,0.019228868439869238,0.0016111703782858283,0.00046072907576314006,0.004847220767501954,0.010324484710289024,0.0036387209617833056,0.0019669830874530945,0.0044528604119585796,0.014894309570581502,0.004468781631132479,0.001728344681470021
220.0924317783891,0.002615173326947847,0.02969915489858026,0.00045413485495795374,0.0003117468893124439,0.009455412073213987,0.02124169032949617,0.0002103534819248052,8.783174104380628e-05,0.001157444237530724,0.02063491856429328,0.0017343659189855616,0.0005265541210117878,0.0045326689345168494,0.009762667664542988,0.003694905919136215,0.0019476581972307898,0.005028310041863619,0.014903870597021593,0.004456469576774434,0.0016994642355619197
220.04400660088015,0.0024951885454668056,0.029716546479684455,0.0004493296834500822,0.00030877479990512195,0.009179398545154009,0.021159343978774,0.0002012542088862156,8.577725962957778e-05,0.005427800740832145,0.020846358675591946,0.0017068290786313015,0.0005492288033544844,0.0039180543779260436,0.010825860063322576,0.0037986459766075793,0.0019590535455445077,0.004693234930386718,0.014675968380474838,0.004491675821108072,0.0016821888426262225
219.99560272789267,0.0025341370756095504,0.02965390333102198,0.0004512557571142798,0.00030128234169255017,0.009038390013367745,0.02151743915390195,0.0002074609843221578,7.98712937630186e-05,0.00654165307403641,0.017650221905499062,0.00168202410325902,0.0006447511407074002,0.0037567044372430057,0.009770268410130388,0.003726831094519667,0.0021487207893693557,0.0051170736455420284,0.014827151074901464,0.0045058433843108755,0.0017283254643892893
219.9472201453706,0.002526039542093012,0.02971861107064228,0.00045770037501084807,0.00030734615532887894,0.009365689629958337,0.021399512406633684,0.0002055678419001143,8.689581119508622e-05,0.00251561400967698,0.017762798710244426,0.0016164260093065766,0.0005323885441203758,0.0044373437551087315,0.01147527589417763,0.0036324967715967433,0.0019994985321296443,0.004825046043293221,0.01431500459545818,0.0044667268936843885,0.0017389123607130608
219.89885883927002,0.0025141154010030276,0.029653215484288058,0.00045847305888303147,0.0003036921491585419,0.009180610302442932,0.02129935865143608,0.00020908539103299247,8.406614429151651e-05,0.004310890852577047,0.01995411368772976,0.0017509147809837888,0.0005881895902688308,0.004859857708719162,0.010055131120066807,0.0037286819117981463,0.0020432485179938133,0.004667245852787301,0.014671031106240696,0.0044610300305069385,0.0017159524519214473
219.8505187955595,0.0025565089893048914,0.029686385030454666,0.00046101160650213556,0.0003136109836890544,0.009115856374978902,0.021519174100434107,0.00020715860151826072,8.647835878214726e-05,0.005903596102935842,0.017857227239313184,0.0016928711702584992,0.0005982200496628617,0.004484001017916554,0.00965969515158282,0.003680238288448985,0.0020563539459719405,0.004732996539946864,0.014532313831250872,0.004461774824621153,0.0017189755080592273
219.80220000021984,0.0025585773161507014,0.029686454676480484,0.0004499350406852288,0.00030890740093336325,0.00922514976997002,0.021466127284298683,0.0002053679444808038,8.715407713770748e-05,0.003546445086660589,0.01745328977202409,0.0016312646374031326,0.0006017179171099999,0.005055272306741855,0.010392622127872939,0.0036515657451345104,0.0020266061319762327,0.0045683778532123335,0.01498929053839232,0.004454391141860798,0.0017060274747659403
219.75390243924414,0.0025825113481398204,0.02971524061708076,0.00045662783703185385,0.00030836271013117767,0.00926271726948762,0.021581356178116552,0.0002081792748903273,8.943313911005416e-05,0.00507085021605229,0.01700393123593993,0.0016733963870228926,0.0006129292147683175,0.004488291394538037,0.009318864722338992,0.003651515602749107,0.0020162748423909766,0.005020093029258922,0.014860467667012461,0.004460750748879533,0.0017063491318884084
219.705626098638,0.00247620889116357,0.029715558835870712,0.0004515522859790014,0.0003117595391116935,0.00932271428104642,0.021593230408444335,0.00020820580191191875,8.838776123280114e-05,0.0028358971801061643,0.01562760271232709,0.0016449451570954158,0.0005959193783421101,0.0052159247453166645,0.01090455690720429,0.003630995921077203,0.002003409388805716,0.004752062534337146,0.014702448325828241,0.004455342489870801,0.0016898989300514426
219.65737096441907,0.002594629691435489,0.029658321216190543,0.0004530974628725203,0.0003047360001713528,0.009427024858956686,0.02121549518330748,0.00020591147940293497,8.901077171033404e-05,0.0018061027692997912,0.020714112388038112,0.0016260324353390486,0.0006390870179521741,0.004518295408981857,0.010131593942600345,0.0036698989164432928,0.0020294498360346027,0.0051155672328767055,0.01491144593497355,0.004490764952239528,0.0016907780082504873
219.60913702261752,0.002587067091435856,0.029694234620600175,0.00045551342868897115,0.00031043776942433696,0.009170154652835326,0.021382921818783533,0.00020870922036442618,8.385363778588522e-05,0.005420586395458928,0.018866975895930695,0.0016650177386262452,0.0005654102961797721,0.004256095982458541,0.010292974779042518,0.0036657916597599167,0.002043053674920241,0.004880907856087642,0.014441365855279144,0.004479654456107139,0.0017211935941189034
219.56092425927557,0.002535712666383958,0.029707156853246135,0.0004549717691450436,0.00030882416227238745,0.009294212875274313,0.02137251752898381,0.00020577460318425492,8.263059943659407e-05,0.004277614143193305,0.01920933883665847,0.0016596047511941519,0.0005777499679164933,0.004570850375251811,0.009644394554891874,0.003681614697944784,0.0020498905444604684,0.004897490940237441,0.014736769206272534,0.00446639895723041,0.0017084477176083988
219.51273266044777,0.0025368400661460355,0.02967542592200431,0.00045629722159625343,0.00031181546053008093,0.009255102986217675,0.02150822054954636,0.00020557405170419914,8.270399671517597e-05,0.00383219889598125,0.018136583857212354,0.0016404849919671436,0.0005445215295505684,0.004565010740474529,0.009960438715254035,0.0036555139449338855,0.002016117158830936,0.00475434171217268,0.014266027141664066,0.004465155429841484,0.0017108338412964727
219.46456221220106,0.002539540847903057,0.029747678208873928,0.00045028965496303285,0.0003126332053748514,0.009455780661490689,0.02137282593208517,0.00020697785774658544,8.951439689593659e-05,0.0005123123650822445,0.018710306775982226,0.001632452851704508,0.0006286575237429663,0.005613116411104031,0.010146273654991924,0.0036328262591786126,0.002024593200692474,0.004524302692030662,0.014745156106091577,0.004458104439723927,0.001696169594917477
219.41641290061435,0.0025641487116753554,0.02971797604639079,0.000451694589837434,0.0003093509194963944,0.009380331723360344,0.021298752667814874,0.00020603491119841025,9.018626416691349e-05,0.005060944336969802,0.020138705612595915,0.0016294522682772253,0.0006586099549461853,0.004883891601540639,0.009516096952844142,0.0036667804029002827,0.0020619274641607106,0.004863609681183771,0.014715785435170079,0.00448550130421159,0.0017068186199610338
219.36828471177893,0.002553944451783599,0.02981465883090734,0.000450115277363088,0.0003076209226972607,0.009221149033684291,0.021273456819906646,0.00020494180557259633,8.831614292925022e-05,0.003376405647999202,0.020364292077469433,0.00162863587809382,0.0006289548944692735,0.005314357565375081,0.009918945386198589,0.0036547117435147547,0.0020609780885356313,0.00453139650075974,0.014706417296223677,0.0044614085248189635,0.00171855828286415
219.3201776317983,0.002731903802740192,0.029771415352197052,0.0004517043795961198,0.000307903373833196,0.00883177437735565,0.021456195171543548,0.00020714467267774714,8.291385285595693e-05,0.007684346345612724,0.018398463828532025,0.0016763938193362726,0.0005436482293566927,0.004553539457873729,0.009426469916934783,0.0036842012256704574,0.0019926819776810148,0.005049962034021412,0.0147213214737061,0.004467515424686925,0.0016912612411121733
219.272091646788,0.002545195102687645,0.02953375447130595,0.00045126729923032193,0.00030863447138916925,0.009222107067082723,0.021442469774205587,0.00020355226853556357,8.262466375158134e-05,0.003757717485053898,0.017797335936824147,0.0016407902405087315,0.0005943260766074999,0.004797897830449623,0.0110943492307923,0.003692217062826481,0.0020663552894665594,0.0048439276580848414,0.014507729210240555,0.004477669280474718,0.001707083053306325
219.22402674287596,0.002530425649191687,0.029585878283639854,0.0004530022718117604,0.00030705116923553333,0.00929539760849613,0.021480629502300008,0.00020571189477281131,8.202697349865071e-05,0.0025548859135884508,0.01844319447518827,0.0016687174545252784,0.0005495294418867053,0.005202169006636513,0.009099556499324347,0.003701300970457534,0.0020188425247779,0.00490800903649675,0.01481572005967495,0.00446964346463295,0.0017042195382220096
219.1759829062021,0.0025739927966173066,0.029590395510465946,0.00045188185128479163,0.00031204112009142654,0.009430134656092218,0.021475988410578902,0.00020881474552882437,8.663303570338013e-05,0.0013958526274933923,0.017810650439628067,0.0017271890798812117,0.0005864253831583643,0.005125638680315611,0.010310309045276494,0.003728715183468301,0.0020219201728924226,0.004929776985268586,0.01448586930829865,0.004470675012489701,0.001712678581847217
219.12796012291852,0.0026331940870182686,0.029669677472722603,0.0004493199183163196,0.0003068478002941193,0.009041597603759005,0.021348398240748526,0.00021010398163990449,8.598168116891896e-05,0.0056309263882543545,0.019074146513453984,0.001685821441132029,0.0006165482590759373,0.004784578702561055,0.009863959593905363,0.003651520166193334,0.0020504641570816984,0.004665719828011454,0.01486070407598968,0.004454735412378067,0.0017042283440978293
219.07995837918952,0.002578300030865542,0.029634243696914364,0.00045136035899977743,0.00031087070770028144,0.009166225461106707,0.02155993258510326,0.0002083639063820741,8.692704703040487e-05,0.005058002097477957,0.016350446663506688,0.0016600552644761703,0.0005477486806597863,0.004501809234662777,0.010615891139737725,0.0036640884130949877,0.00197038456438055,0.004926278170404583,0.014769043037598432,0.0044765505214644135,0.0016972590077706476
219.03197766119143,0.002557455749358253,0.029628284206810056,0.0004448730023697719,0.0003038746425624275,0.009432900716128187,0.02125315804597218,0.0002065229893516318,8.734097799474403e-05,0.0011320700008154803,0.01988418208898803,0.0016995481354526373,0.0005847489856310905,0.0052017507423777615,0.010407738723577871,0.003723641925574671,0.0020114534396797304,0.004729296884608143,0.014769392087593477,0.004474791623033478,0.0017118762917549054
218.9840179551128,0.0025760538271261653,0.029607628882133242,0.00045352359722458045,0.0003023136674214734,0.00906618882325572,0.021441783669231766,0.00020677373822773076,8.437356303691288e-05,0.005525813790525366,0.018899618907513918,0.0016577488717662227,0.0006081426979262326,0.004471240833956194,0.009287411306398374,0.003674232692564412,0.0020547782253774543,0.004968657532366556,0.014653085673785825,0.004474329549991427,0.001704914489799248
218.93607924715417,0.0026314336640458694,0.02957834948286342,0.0004468670931797206,0.0003107646793091059,0.009308531971986193,0.02149656012444795,0.0002044123060006018,8.85575909413162e-05,0.001847224542245257,0.016985069967627157,0.0016197694788395891,0.0006217876940583725,0.005272780158524727,0.010830363892844858,0.0036596170868580815,0.002043621056409824,0.005077593053616349,0.014388801249900145,0.004471819959216008,0.0017124124142032053
218.88816152352814,0.0024353198303708034,0.02966705700406343,0.0004546537298189684,0.00030102015592221805,0.009351128886349971,0.021413083254631385,0.00020434433066717977,8.217193990834608e-05,0.0033898502306617126,0.019115148650722967,0.001641955354835053,0.0005709402036444689,0.004292602226811165,0.008970172243099074,0.003670284983248077,0.0020395340794794182,0.004756048215909847,0.01476259169572775,0.004463842109364564,0.0017074710129891689
218.84026477045956,0.0024947016899069703,0.029560982883042097,0.0004540028925609771,0.00032042782997064064,0.009378333730558727,0.021644709901167587,0.00020661804135000444,8.212605218250768e-05,0.002025358622220119,0.015550245731049267,0.0016936164749552062,0.000519477035832106,0.004858394551200071,0.010630997696080896,0.0036994852327473923,0.002011904530857232,0.004741820332967498,0.014432025679459552,0.004464843038381999,0.0017144611313392065
218.79238897418514,0.0023472128481883572,0.029610529543753098,0.00044287214183344193,0.0002997022631859098,0.009387384534945198,0.021102128915371825,0.00020964138552880554,8.685634327583768e-05,0.00395463673449717,0.022805512594706874,0.0016980338148573431,0.0006601561013025875,0.004605557755006962,0.009295226339033388,0.0036765985940940596,0.0020824436364432217,0.00451248265952371,0.014841739290380592,0.0044526470250222,0.001703532570442866
218.74453412095366,0.0025990339880770314,0.029802056652397033,0.000447756620420542,0.0003018984081581693,0.009154959651365075,0.021327889880116135,0.0002077654139061877,8.396036337450522e-05,0.005204338436648903,0.018628274064750903,0.0016829552030427004,0.0005471577459607418,0.00440574182976822,0.010534123310981327,0.0036938795561874496,0.0019933688047047778,0.0047309896840161195,0.014858717106699462,0.004471424332177417,0.0016997633230729553
218.69670019702608,0.0024404088878776467,0.029515981226653665,0.00044570850713511706,0.00031203827929171,0.00931591358145302,0.021452217413632638,0.00020639383551347178,8.368582865021324e-05,0.002819058111603542,0.017772371664290826,0.0016245338098968898,0.0005733147696905237,0.004983020452105917,0.01033427720670525,0.0036483478537506562,0.0020339008487240645,0.004798126409932366,0.014674830287234085,0.004469760692540914,0.0017041386244638877
218.64888718867513,0.002621587470324125,0.02948968979200661,0.0004495928329274289,0.0003108375146463785,0.009225092762443501,0.021347050757397748,0.00020555382551001354,8.730388522835247e-05,0.00314538362999934,0.01868477470384274,0.0016523435450528005,0.0005231837256741673,0.0049079987710394886,0.010933676250409235,0.0036956121259795207,0.0019543230985245913,0.005005824598603184,0.014721331094556825,0.004479296549850615,0.0017119505974834332
218.60109508218582,0.002561718117694535,0.02963293624976225,0.00046109966559670907,0.0003131281588878683,0.009334692922894235,0.021454990241022917,0.0002069182105924933,8.411118467638899e-05,0.0027961198120095097,0.017588716473592766,0.0017138558903501413,0.0005846156104696815,0.005863078570904627,0.010398796806747539,0.0037049915104069952,0.00206524694788392,0.005066288886059908,0.014647838046490523,0.004455078741153944,0.0017225470311504198
218.55332386385496,0.002786223600996622,0.029638051681502065,0.0004605105007380667,0.00030896631782747873,0.009374612822101933,0.021441992740695408,0.00020557151994186662,8.92397166754278e-05,0.0015772487667400795,0.017167538096394448,0.0017221945702540432,0.0005670665162420182,0.004469560811040404,0.01072274828565024,0.0037194608854181836,0.0019626850634071272,0.004823629723008848,0.014839978002228325,0.004454713119904061,0.0016979280886327346
218.5055735199913,0.0024806712594638786,0.02984906979113448,0.0004495905867418348,0.00030183111165561934,0.009434262096720172,0.021506542604997424,0.0002030681657375494,8.243850616877104e-05,0.0032820122933498166,0.015631248574534153,0.0016480215746256194,0.0006597366519207932,0.004511719998076329,0.011136106614252359,0.003686432609413555,0.0021172135271492107,0.004826149063156754,0.014635480237753486,0.004460306232229858,0.0017011235508498689
218.45784403691573,0.0023718793105531578,0.029420075877665208,0.00045558810776507127,0.0003056749752000436,0.00926467652788194,0.021215592649410166,0.0002089692271344868,8.580955923682004e-05,0.0051543720255546885,0.02028770445676834,0.0016265559800245667,0.000482732107906887,0.003884524072539427,0.01066639157394905,0.0036107144658203256,0.001897925090988063,0.004677780573469287,0.014885027909761765,0.004463380094569332,0.001689541702959829
218.4101354009609,0.002816100207118379,0.029502457045627598,0.00045237539788243927,0.000309340838878099,0.008924128150311917,0.02134792053065311,0.00020637009061630343,8.868510546768763e-05,0.007967160011121023,0.02040002494931773,0.001779513581910537,0.0006217399081339384,0.003897175887067354,0.008950516258141665,0.0038108714947624207,0.002018377979567627,0.004706009511611196,0.014571539789660644,0.004479757620500932,0.0017047372096900164
218.36244759847165,0.002465766163947889,0.029778769913306302,0.00044762407423269305,0.00031064815796277476,0.00927529451147198,0.021345604075559337,0.0002041273941134788,8.602609112544266e-05,0.002551807041973211,0.018688822240199736,0.0015400749914448073,0.000611573655871457,0.00656257106606591,0.009878870874684843,0.003583974522643923,0.002049682560343688,0.004693387323954681,0.014748718570235792,0.004464245100201787,0.0017046462835747854
218.31478061580447,0.002456895989017308,0.029527670043172402,0.0004533895283144269,0.00030473727415654265,0.009195470195383568,0.02147108191640722,0.00020858762438401827,8.55297309281496e-05,0.003915313614086947,0.017946963278715602,0.001721823429176087,0.000517422384845497,0.005043101033725705,0.010104343292307104,0.0037368513637836575,0.001954191267652046,0.004695977643890858,0.01451120548778334,0.004482465725261609,0.0017087096019033456
218.26713443932783,0.0024304756050287832,0.029593634410925617,0.00045156151082735915,0.0003084852625698039,0.009126386976923626,0.02131081301958868,0.00020648042689620934,9.000707946748135e-05,0.0049865458446329124,0.019585474930229167,0.0016930519420115299,0.0006527943744251478,0.004739478931008671,0.00999007593109279,0.0036996374244076414,0.0020724795884450764,0.004914835874108082,0.014501281139642098,0.004457610808631008,0.0017248543593953551
218.21950905542224,0.0026004888144557964,0.02936669473505049,0.0004512936907224211,0.0003064698903396492,0.009073954210083938,0.021424659854816865,0.00020346025975655574,8.614157500848404e-05,0.006469628074089858,0.018742756943355404,0.0016498303015556927,0.0006089613439163822,0.004943745502331641,0.010330158681865265,0.003684170113484248,0.0020348363195929306,0.004789620204708261,0.014669538848489415,0.004454651302708596,0.0017021845361896001
218.17190445047999,0.002692888437981772,0.029636825720943956,0.0004525793396353154,0.0003101716705898463,0.00934992739210678,0.021405979601940087,0.0002028055703013566,8.90986634950369e-05,0.001345308538703985,0.017495419950582854,0.0015961043381476298,0.0005793304438413821,0.0051320173599772164,0.01128211653080919,0.0036321983528017463,0.0019826136938646158,0.0048691247969382045,0.014427496080327826,0.0044556570499231915,0.0017050818384228474
218.12432061090516,0.00270854971722387,0.02961691357805847,0.0004500157912619846,0.0003102143819210734,0.00895296454457913,0.0213946747717243,0.00020687093814962388,8.616979982683391e-05,0.006409406554279372,0.019046053270011704,0.0016845229349304889,0.0006014621273452058,0.005145051987651221,0.009413439574946066,0.0036851201009582887,0.0020176734518533414,0.004711623051102943,0.014866246287782698,0.004457372786965305,0.0016904225025987148
218.07675752311386,0.0027154942961987462,0.02968176516161234,0.00044919526549182633,0.00030761368326084876,0.009074645710354802,0.021508068984796323,0.0002067903626248942,8.300259497821813e-05,0.0037774176330515226,0.016502892421243497,0.001623495644765378,0.0005841660048821807,0.005975248363573363,0.01056158368822736,0.003645522091340517,0.002053363179276202,0.004857944796740884,0.014517049134065839,0.0044746757164327595,0.0017032522956856992
218.0292151735339,0.00252932731210967,0.029665860866472743,0.000447820828897481,0.0003087308597478613,0.009330036222827237,0.021360374196619243,0.00020986588945103084,8.463931842601536e-05,0.0022989073187279934,0.018764584381772576,0.0017198568232671988,0.0005885149165275502,0.004759511445586647,0.009758551265208321,0.0036959630856321654,0.0020396137907180375,0.004888260011763086,0.01485158536735778,0.004459207457468974,0.0017037570914521995
217.98169354860508,0.0026409056869577253,0.029754343666947198,0.00045107746115490336,0.00030365068598179717,0.009090110544720047,0.021512502249743985,0.0002088792126046749,8.297934355150013e-05,0.005335218228226405,0.016635278828093073,0.0017152098001181517,0.0005477898794087017,0.0043317706165332676,0.010193352400976588,0.003722611267323584,0.00200149311190489,0.004960576333903217,0.014508223191721873,0.0044748492012096335,0.0017000679964195037
217.93419263477887,0.002545289701602869,0.029628165363049117,0.0004534392568695512,0.0003059307848686345,0.00935763550531781,0.02159048277267858,0.0002028001794925816,8.421371660225018e-05,0.003049527078097257,0.015248150909354703,0.0016350281551364002,0.0005746631838644059,0.005237850885326773,0.011106102893217961,0.0036760415444256505,0.002034151402122831,0.005099786256620806,0.014691720363493206,0.004461192337725777,0.0017123838552348307
217.88671241851856,0.002614027437814246,0.029761026863087382,0.00044604641320580173,0.000302531474996023,0.009161003955368027,0.021413785218122323,0.00020410470907546602,8.486717679263079e-05,0.004167352106586091,0.017707871454173442,0.0016461482358290657,0.0005650844040655112,0.004479910765034338,0.01010845926756067,0.0036915499076450677,0.0020000589665411404,0.0047844594638530085,0.01471350261663429,0.004465036117545195,0.0016981964152171132
217.83925288629933,0.0025574685203400243,0.029747385865721142,0.00045199544199002917,0.0003094674059368092,0.009277277789515226,0.0214519702233155,0.00020318154873505485,8.886598465070395e-05,0.0033123952673220166,0.01666867587284714,0.0016434373349853552,0.0006250128533555583,0.004865863201039638,0.010769212489232769,0.003683765972399153,0.0020452775507970233,0.00505037622836208,0.014577643677817168,0.004462842856512472,0.0017116645294587443
217.79181402460802,0.0027054296746252186,0.029701846858778348,0.0004514464249053959,0.00030579043954638416,0.009124789119105848,0.021132740096428602,0.0002044723051349219,8.50547584927395e-05,0.005784779218596981,0.02164849174610748,0.0016536187505566628,0.0005660649024223564,0.00406638607379877,0.00943677717347234,0.0036767463278583206,0.0019957957459095952,0.004700213548886232,0.0150096206568203,0.004456872798811945,0.0016953772199158922
217.74439581994343,0.0026132736793218103,0.029640031672604678,0.000452801394263334,0.000295779952104943,0.009056865992761811,0.021491545584400373,0.00020720225861588064,8.516948791984092e-05,0.005217401342125773,0.016831222735167913,0.0016866461926229287,0.0006192244837447642,0.004783471758011378,0.010518145667855307,0.00369771653696412,0.0020526583269967736,0.004806864570051666,0.014628451081836545,0.004471028279987778,0.0017050744069239303
217.69699825881588,0.0026814086156739256,0.029687367589671863,0.00044042050489827403,0.00031029489193906505,0.00922986979186704,0.021339800260775667,0.00020435252586786044,8.699354794881924e-05,0.0029697665901559423,0.018955216925162208,0.0016532396114437853,0.0005903403910600284,0.005026653662570864,0.00972605567041655,0.003690313837156364,0.0020193221345508007,0.004768047596146179,0.01481530402889359,0.004456852472211959,0.0017038989071668474
217.64962132774758,0.002561556900474018,0.029575781510075956,0.0004659716439553247,0.0003087003404642558,0.009252833616347647,0.021526921164076344,0.00020144736289715498,8.87216506344896e-05,0.0031944977673412176,0.016790179339585026,0.0016622376617922508,0.0005941629155696946,0.005244684240428537,0.010328978356589072,0.0037229830168006616,0.0020116734393361355,0.004530035105626379,0.014374484688076616,0.004472387481763666,0.0017043041194796241
217.60226501327244,0.0026252388446979733,0.0296964859746462,0.0004359515222026706,0.00030659030332280186,0.00925081801394778,0.021507838472210158,0.00021450225861705368,8.636536155382325e-05,0.0026522728246250247,0.016440628553170866,0.0017193611505792814,0.000565805663025668,0.005092351605926462,0.010605947326771194,0.0036796324272715605,0.0020027821264401403,0.004943994028826019,0.014534131364068196,0.004456488197850721,0.0017128689544899933
217.55492930193606,0.0025891527036707588,0.029541659366932736,0.00045698406888075805,0.0003199868215750213,0.009262314265515818,0.021535766750566076,0.00020738965080722535,8.7626430275291e-05,0.003171843438009669,0.016450787099112543,0.0017081433309550033,0.0005979144661545449,0.004999107015650878,0.010685090893177115,0.0037019677236687083,0.002028948286524487,0.004692660675935208,0.014629716804916329,0.004461685697996657,0.0016992893610967238
217.5076141802958,0.002428076472716778,0.029694297349250876,0.0004551781115534729,0.0002940569729657945,0.009195007589481574,0.021472961994025624,0.00020533127041042187,8.41814930422089e-05,0.003840745352099605,0.016422041141668675,0.0016543870077261986,0.0005251614507345467,0.004632944970970792,0.010859020859767922,0.0036725575336578513,0.0019752743016111327,0.005268215058154576,0.014681345162146581,0.004463441601774398,0.0017107913754096735
217.46031963492067,0.0027294911235289944,0.0296878816259485,0.00046368278386561915,0.0002933805818818595,0.009340807981764378,0.02143810916768143,0.0002067636486127264,8.37180831637669e-05,0.0022310354753584906,0.017769476947470327,0.0016675948802697496,0.0005601723554973205,0.004215149083739948,0.009555098887685715,0.0036673545200807765,0.0019960867786103027,0.004883653566876936,0.01499033557640217,0.004457079112066078,0.0017004827515123484
217.41304565239133,0.002678992162916697,0.02953138972591495,0.00046903423461186293,0.0003085789985307555,0.009257616137547619,0.021654658403367343,0.00019516978144785621,8.497201387292241e-05,0.003775713906194138,0.014933282638252707,0.00161684713756723,0.0006112443326882492,0.005074533483116684,0.010454569875416602,0.003699919040109255,0.0020502225893874286,0.004916062293472723,0.014760235956904687,0.004462799452304714,0.0017000956364866878
217.36579221930018,0.0025676366953328493,0.029501112706026966,0.0004386485113827395,0.0002862287050422773,0.00928553464696775,0.02133957369037534,0.00020530465252071144,8.408432185286198e-05,0.0037712192031807176,0.018863058521219864,0.0015993736110357147,0.0005521889622836507,0.0048706398859068864,0.009939213383740916,0.0036261206126312214,0.0019992145751686714,0.0047950048671458025,0.01506510980706245,0.004450328135738849,0.0016947061290761099
217.31855932225125,0.002483223800051637,0.029624890914815065,0.0004862182410323335,0.00028785301097801274,0.009259749180093625,0.021483671389086873,0.0002081657234595253,7.95706237699337e-05,0.002906696390618909,0.017605672388329198,0.0017053361539890242,0.0005600843792727957,0.005530236055589189,0.00972092245919607,0.00369002090359464,0.002031241262115681,0.004270326459391985,0.014551154787087043,0.004475197510461321,0.0016973488547333947
217.2713469478601,0.0025722889088493866,0.02948965650604264,0.0004686467056383302,0.00029278806963976497,0.009452124513244413,0.021304468631296335,0.00020888334621206893,8.12170547846401e-05,0.0007225565126576967,0.019518408332590394,0.0016898182058014833,0.0005395487794105679,0.0049923958855215105,0.009995635359384147,0.003682777776414051,0.002010535828696376,0.004825060535704669,0.014515881410006364,0.0044631524886481365,0.0017053583701693005
217.22415508275418,0.002369280714498885,0.029772795170900854,0.000508911145494561,0.000301366269654887,0.00933291461593043,0.02126681372940156,0.00020765109810644692,8.006158656981544e-05,0.0024928639084577414,0.018496165519911317,0.0017338702832272758,0.0005730040941156358,0.005070946861653167,0.011145718470640994,0.0036926035529393146,0.0020279265695570515,0.0045506073513168635,0.014409740654008333,0.00446732362142964,0.0017063059296288181
217.1769837135722,0.002526993421551517,0.02953837893246426,0.0004787646551436876,0.0003654099925309124,0.009176921571837752,0.021276809242839555,0.0002039456288704364,9.608797912146429e-05,0.003924191611289166,0.01955204717568832,0.0016851694964188585,0.0006431977703397799,0.004687300734696067,0.010101158240385868,0.0036832399663878595,0.002039967355443608,0.005378433331499042,0.01453331991010765,0.0044543073436353366,0.001711045336197525
217.12983282696487,0.0020677184109008113,0.029832115243527184,0.0004751058960320834,0.00027620181309813267,0.009004002784441738,0.021347592992872456,0.00019456393401280408,8.324615100704761e-05,0.0073398669862776164,0.01752725619520305,0.0015693865049011015,0.0005988076021538253,0.004634716882900289,0.010424562614333072,0.003669044814661729,0.002008071622513047,0.004743882146377543,0.015080293026763104,0.00445659731580704,0.0016949954843915771
217.08270240959413,0.0031559901651426105,0.03025918007346878,0.0003985233901164497,0.0002660772918702686,0.009174490162512918,0.021429617166537192,0.0002117759833864481,7.799421051076932e-05,0.003058841541996219,0.015760611915527186,0.0016865523109867789,0.0005294468688077899,0.005262644481282646,0.01085434283532907,0.0036913022048938858,0.0020044627374542698,0.004565956016926013,0.014426036564328315,0.004461995710831837,0.0017040924941496003
217.0355924481337,0.0022023977487776883,0.030132247553395053,0.00045854306089184815,0.00033842306576669875,0.009313482800854247,0.021349071540575124,0.00020248005627183596,8.732900810908598e-05,0.002799544310280562,0.01653511168946205,0.0016368969655801442,0.000550458855016733,0.005305178206774485,0.011010751735167834,0.0036899885733020234,0.001988576722776433,0.004793821978764685,0.014624274704986631,0.00445704945077685,0.0016979845457330757
216.98850292926886,0.0022259853229690293,0.029113756685268718,0.0004386492512231456,0.0003074827887783144,0.009291372941076566,0.02154731191692033,0.00020296600142131197,8.385741781741083e-05,0.003610619318621667,0.016882653583321364,0.001596367150847722,0.0005641509954662565,0.005274393772778869,0.010784594854930097,0.0036587389360216225,0.002013382780099026,0.004660322916350663,0.014399966944987254,0.004466225801691378,0.0017046170359613965
216.94143383969632,0.002632556022307814,0.029766634161149514,0.000440224479030024,0.00030383480555035646,0.009359232521652876,0.021357384402921196,0.00020695071364936442,8.35081552325518e-05,0.0016764323774301783,0.01682915359149205,0.0016141537766108788,0.0005469327263875267,0.005266519414584375,0.011558514236892515,0.003622765473732873,0.0019972749250209494,0.004999448544085074,0.014452343252052418,0.004455603880381952,0.0017040450517688496
216.89438516612452,0.002604751095523434,0.029426369335289217,0.00044883599846651544,0.00029384881216134185,0.009142247031480838,0.021274227334684148,0.0002009429046591814,8.387016196322717e-05,0.004016807544781472,0.018975975932448947,0.0015966800062813626,0.0005409539961082235,0.005206644140855416,0.01146331943397393,0.0036673069218289478,0.001973868631084795,0.004948784866469969,0.014278693306809394,0.004462654631567763,0.0017013135585101596
216.84735689527324,0.0025629847067429883,0.029462153747556234,0.0004463175947289372,0.00030716936076311723,0.009229752158865352,0.021274724872411145,0.0002093227937845312,8.230489013461755e-05,0.0035946029320272532,0.019206517609441576,0.0016900079380749026,0.000562056600708081,0.0042866524877639735,0.01037382544685649,0.003672063803441972,0.00202739929149673,0.005389923037993869,0.01470018292777957,0.004452860894781446,0.001703195468545569
216.80034901387384,0.0025102601162062376,0.029682332085880166,0.00045394755927039964,0.0002981053064364591,0.009081275287655701,0.021652335157907935,0.00020851140825412323,8.858718495113669e-05,0.004414394458655746,0.014229415359217313,0.0016755957140297043,0.0006268723234673272,0.005212823285275591,0.010609135643389271,0.003673782488597168,0.0020098482627534976,0.005022860147238378,0.015055765169807358,0.004459434981478902,0.0016937420380422593
216.75336150866931,0.0025523929588909893,0.029568067780330602,0.00046548872592654073,0.00030739932288235744,0.009277886108264025,0.02133519294441701,0.00020413126982002236,8.296444043937157e-05,0.002297857493566306,0.018668313811444934,0.0016595347037859141,0.0005576531148262486,0.005094312739509157,0.010112130490626222,0.003681980134098535,0.0020169372962641464,0.004879239867867624,0.01484005597351974,0.004461089921738031,0.0017021613023769746
216.70639436641392,0.002497644083044697,0.029525794927024552,0.0004526220848667678,0.0003135785127278472,0.009460603287589447,0.021539113700405423,0.00020266034375558407,8.887107279468178e-05,0.0017526978089388219,0.01648813525260827,0.0016058263043113874,0.0006113588310298064,0.004908276473814529,0.010517161125305867,0.003656714922634825,0.002012068146780867,0.004801764370614248,0.014666140969499558,0.004460917756282313,0.0016979759640315974
216.6594475738735,0.0024491137826705943,0.029795209426846145,0.0004480404620892342,0.00030632250447401935,0.00943584798521344,0.02128080526165825,0.00020017055843769144,8.602291828669577e-05,0.001348829710235513,0.017743176569429593,0.0016055194947413205,0.0005753573134069958,0.004500587372413349,0.011587033145703068,0.0036789689882966914,0.001999181176212858,0.004923377846114926,0.014502578239127512,0.004466745672529676,0.0017059270966928515
216.61252111782548,0.0025649873427110365,0.029815663554175753,0.0004570970855870114,0.000309522560288838,0.009212791389055909,0.02140236620766985,0.00020389054614592495,8.191766617696646e-05,0.0032946637423498836,0.01673516811865704,0.0016635407591180928,0.0005403281635530472,0.004839601686403868,0.01100391399141809,0.003690748336123046,0.0020130986426058293,0.004920393021449851,0.014860752250626807,0.004457727739067059,0.0017061928786238016
216.5656149850585,0.002631191263844678,0.02966319423046805,0.0004574032772438814,0.0003034729604031013,0.00913330700725206,0.021219780908359666,0.00021104338113187918,8.711080129625034e-05,0.004333106091917589,0.018862445494962254,0.0017036874055285356,0.000578285808265924,0.005109803010765054,0.010929722208079903,0.0036646217649974598,0.001995257319053348,0.004777663464773905,0.014445988793873668,0.004460504534867717,0.0017075732481729765
216.51872916237284,0.0025219849520990304,0.02967938626363152,0.0004415936453047368,0.0003023590640712403,0.009103748700116219,0.021496087473215842,0.00021152799359575887,8.711009966488184e-05,0.005246958136116023,0.016094357573822382,0.001727411115788288,0.0006057038920110386,0.004374100724914317,0.010427460607519713,0.003696998533735832,0.002025927730214963,0.005260125006308424,0.014925679176940924,0.0044506645396113105,0.001703810634561612
216.47186363658014,0.002549247236833591,0.029774873354111935,0.00044607168478692495,0.0003056795688838591,0.009380176920959684,0.02143258318087952,0.00020695423269828195,8.638927042671446e-05,0.0017558565088815572,0.01644646745518471,0.001662095031625757,0.0006049661359924398,0.004939104245661829,0.010381300154378407,0.003672808597756748,0.002027251257560234,0.0046325413281928605,0.014756276918227338,0.00445624815492419,0.0016964269024154603
216.42501839450338,0.0025344016447806554,0.029556982523185286,0.00044876950305356784,0.0003090061213102588,0.009230946099611826,0.021197204669839542,0.00020854318314068014,8.328336362912179e-05,0.004367178194878439,0.020007312424462225,0.0017026349083686203,0.0005046077638440961,0.003746398633358461,0.01046137418559876,0.0037049843890485036,0.001957397446271235,0.005431911386879808,0.014900873880002871,0.0044581187285770395,0.0017007061887129129
216.37819342297712,0.0025447977699003584,0.02962027150048642,0.0004466438245901825,0.0003072428343329529,0.009165729599691766,0.021439845398224685,0.0002101141714488152,8.529001264283095e-05,0.004088284179135383,0.016417404302125804,0.0017179057831046467,0.0005654573595949135,0.005117328177946752,0.010683782280427599,0.0036974538761223893,0.001998752338835055,0.004394014350078935,0.015477067610473955,0.0044566187460945315,0.0016990135614807554
216.33138870884707,0.002542360298328806,0.029622723762872845,0.0004442823507232654,0.00031808635475741336,0.009229857000603154,0.021384970410315337,0.00020480947395821526,9.099885891472753e-05,0.0038380899318908074,0.017392029066360958,0.0016381311485171737,0.0005677498611841751,0.00522186558864078,0.011498797196143358,0.003679459297693962,0.001967699710634643,0.004266902476350217,0.014099144558121373,0.004462233949374431,0.0017014028965696888
216.28460423897062,0.002594510265701159,0.029663294449017292,0.00046246126369648213,0.00030477166902531037,0.009271812558639384,0.021302030513070794,0.00020204700019148323,8.883751629632326e-05,0.0023343562624281475,0.018014048518798818,0.0016571103378936506,0.0005997074738080792,0.004594675358868475,0.010587962870107945,0.003686866098281378,0.002004633667979297,0.005163146363634805,0.014679634521711423,0.004457272421752474,0.0017047158955468213
216.23784000021627,0.002554138852288356,0.029662445900377962,0.0004334051566132091,0.0003032766941259279,0.009369544002387521,0.02133407664443126,0.0001994708846619427,8.670024981505886e-05,0.0022404725573134817,0.017820873277936668,0.0015677151438252494,0.0005724130970680294,0.004669836539764411,0.010661841689110389,0.0036556478243262905,0.0019891719973274117,0.004822141962790359,0.014838526710440844,0.004441933223689006,0.00170389855854387
216.1910959794639,0.0025847304039666725,0.029677453956472626,0.00044518279634672545,0.0003281530071440317,0.009031389352539252,0.021192209721643776,0.00020605102491952172,8.619676070687122e-05,0.00493564473945452,0.020140980205596428,0.0016505006716680606,0.0005128485666260623,0.0047118548351339044,0.0098277531691429,0.0036715114309119547,0.0019772293202687434,0.005151993312962795,0.015295521298143275,0.004453976226781012,0.001707045701961099
216.14437216360497,0.0026856378798690173,0.029667984081399583,0.00047247343792016064,0.000321852703039305,0.009072588890610677,0.02122205204609094,0.0002077429563488495,9.096093858304563e-05,0.004887828457180048,0.019100193493752585,0.001692028942814146,0.0005900420453866571,0.005489641835949711,0.010296908729874814,0.003659311873242208,0.0019896440821839615,0.00390969198271059,0.014951593601096406,0.004456236151815167,0.0016993011057645309
216.09766853954198,0.002605450873460471,0.029595698228399636,0.0005820886156687877,0.00012279651575185775,0.009526647482247779,0.02111223589707613,0.00019890556916550014,5.399760255151082e-05,0.002270360734658478,0.02100382077974901,0.0017030701839411068,0.0005717912171852762,0.004913107074181182,0.010823282080236155,0.003680503890124467,0.001968850203215588,0.0049314741172319125,0.014144047670452872,0.004455921893778228,0.0017018628327295656
216.05098509418883,0.0026186336757058936,0.029602677719012607,0.0004862745119886559,0.00031709543012841144,0.009139952610467798,0.021331578127914537,0.00020160457687679362,8.439781546779107e-05,0.004093732411053962,0.017816689528970808,0.0016869383466724612,0.0005093284288264292,0.004957740043510046,0.010771234095022031,0.003694441061205131,0.001966000226032786,0.00439173758947437,0.015367943045737081,0.0044582686961459565,0.0016986364678674914
216.0043218144709,0.0025781720089638896,0.029578253508721248,0.00042047330040093843,0.00027605390154318484,0.009326850609491101,0.021422951037926567,0.0002097459130469907,8.100960810425739e-05,0.002688646299053014,0.01653335444529064,0.0016468414530499673,0.0005306770664341119,0.0058295823119816174,0.012337905493616531,0.0036645488435193816,0.001966357411349881,0.0034693424151976487,0.013556827271392324,0.00445863953465996,0.0017057464878382387
215.95767868732457,0.002631434457809263,0.029668482003482443,0.0004327716503484353,0.00029475093732504775,0.009022796745994915,0.021346761770742594,0.00020867799564278127,8.351490440426392e-05,0.005161058005407547,0.017173855788799354,0.0016537109596086513,0.0005400385395608946,0.004615053842638538,0.012893894675346122,0.003664946192376909,0.001974300175279632,0.005815812212117222,0.01284794978052864,0.004452683806669869,0.0017006885414999318
215.91105569969778,0.002674116745189422,0.029551804467140962,0.00045860093376374865,0.00029681302727129426,0.009335472186305593,0.02133363620878315,0.00020620020486065673,8.342951228273379e-05,0.0020969056909253166,0.018333911427094143,0.0016776816696126486,0.0005244955075814392,0.003588718460376521,0.01108471353932233,0.003667778383515877,0.0019681619299887565,0.006031069405785385,0.014205183507072136,0.004455569626559865,0.001704352876491529
215.8644528385496,0.0025488521099513296,0.029663460542316604,0.00044580995051329966,0.0003027206335498029,0.009210513919379774,0.021282278574666882,0.00020288819499742286,8.270746498092805e-05,0.0033669770038509982,0.018178487725169987,0.001626597974764186,0.0005439171307538423,0.0036404665969658866,0.010927658304358812,0.0036702382362761104,0.0019864072735657815,0.006192171667957938,0.01496078208282922,0.0044513345381154345,0.001698053005820751
215.81787009085025,0.002708483639717025,0.02959656376994501,0.0004498547588068328,0.00030917812717674425,0.009208159396957473,0.021316066016789596,0.00019949858511508393,8.475793813696884e-05,0.0038347524671752593,0.017745143849665065,0.0015982813479625047,0.0005391774890723222,0.004651578884637725,0.010401611320585865,0.003674243587712268,0.0019828065005671196,0.005449037388247445,0.015757333583241055,0.004458947170160716,0.0016969798948159684
215.7713074435815,0.0026072824967525825,0.029468368279597153,0.00045009131050208044,0.0003001208102120589,0.009053149837474466,0.021234334912460243,0.00020602652770335293,8.163779962746313e-05,0.005186456320307268,0.019342599261317144,0.0016794052086058558,0.0004887801739308134,0.004635436551177896,0.0103653940662882,0.0036922280486663996,0.001943823530022021,0.004537147381722236,0.014981481872177616,0.004456806120635363,0.0016971529303529665
215.724764883736,0.0026065134535725974,0.029590923529235886,0.00044601679927274866,0.00030409597040260066,0.009253266693845137,0.02142673669287933,0.00021342549210567644,9.055218014808048e-05,0.0030834260741667966,0.016520645963841476,0.0017203704215001565,0.0005849483083103071,0.004554687356136052,0.011199630751757327,0.0036587137298875532,0.001968488245811866,0.005086491597035373,0.01446081266653139,0.004455037232248823,0.0017026872733509016
215.6782423983179,0.002490734941885471,0.02950973715189389,0.0004406442008156951,0.0003044271110556025,0.009135892709137616,0.021183254962025066,0.00020936914044963905,9.224215042616348e-05,0.00452740039366652,0.01950787002489091,0.001682247424301016,0.0005989423204472714,0.004022767376663765,0.01082883674901182,0.003670005011156945,0.001964332516508901,0.005460749287655494,0.014931379254864775,0.004457065182074795,0.001702521345861651
215.63173997434242,0.0025775261549437416,0.029659815757466266,0.00044848775549442913,0.0003073159531990913,0.009315789163139594,0.02129486170490044,0.0002073537614479507,8.420713870652819e-05,0.0023443221631352204,0.017315598463687257,0.0016555172948397783,0.0005446718959514161,0.004358152427133021,0.010714425960019812,0.0036531745319545797,0.001996243235077839,0.005259078663973771,0.015800453905195792,0.004456665498550314,0.0017021669183343079
215.58525759883597,0.0026372918868284327,0.02959667796387628,0.0004474584510548048,0.00030725364905516916,0.00914876703832955,0.021161834785832556,0.00020582370301605707,8.68098828146002e-05,0.0033669401371006825,0.0196899934595624,0.0016532196326066743,0.0005484652114898984,0.006347361430510611,0.009855791850349028,0.0036678379911086727,0.001978623915265394,0.003706710627699966,0.015761515031677976,0.004456832542966735,0.0017048991046163728
215.53879525883625,0.002614449336736074,0.029605374767859818,0.00045007052744395874,0.0003038743631670809,0.009221000493251908,0.02136340762941801,0.00020304536650856848,8.57411904953975e-05,0.002774669727113922,0.017310611524774835,0.0016294116806955998,0.000555611747173699,0.005902803081859609,0.011758285130625424,0.003668407421023991,0.0019836701550082544,0.003967577945643821,0.013749192747459222,0.00445628730821797,0.0017015284123173447
215.492352941392,0.002419956122114007,0.029490724387046762,0.0004498260855052699,0.0003050967996467605,0.009117318797560087,0.02146807824247509,0.00020610698134224716,7.747946437013911e-05,0.004748265625617418,0.016628803224477608,0.0016861776590862665,0.0004791476134805581,0.004216764500278427,0.010973720569902206,0.0036863765159138233,0.001986253279555694,0.00581082842086886,0.014395779889997662,0.004449617087552096,0.0016993720576290068
215.44593063356314,0.0028094462013695466,0.02953744841084004,0.00045281164091008294,0.00031234326036341526,0.009112639731678371,0.021470333151711346,0.00020064665767555414,8.442602025119771e-05,0.003983339267806163,0.01642847655039811,0.0016009213404541785,0.0005436241942064116,0.005157791163216074,0.010834966881725243,0.003661177630763389,0.0019848143877073737,0.004447315085410928,0.015218577680672668,0.004452934915340304,0.0016963343481215668
215.3995283224209,0.002802141971581427,0.02980920784672082,0.00045141218316347895,0.00030749513403730596,0.009227729743142753,0.021324500125389025,0.00020034656820292705,8.263259727159242e-05,0.0019454792760869866,0.01751655030897357,0.0016032267952513842,0.0005486347536537876,0.005006196321031966,0.011028515797018513,0.0036542339721120963,0.00200650649704344,0.005051680666146714,0.01386900755361385,0.004451993038108084,0.0017007224753338704
215.35314599504738,0.002520208264167642,0.029669499649510007,0.00045054789849974464,0.00030717032321796607,0.009487392513417202,0.021271032669920205,0.00020719210921485662,8.390809864062289e-05,0.001282865268722034,0.017456275660191405,0.0016474714094977209,0.0005157846958385595,0.0032847096435784577,0.010957877581229345,0.0036476888842710904,0.001963439016406848,0.005792690633806598,0.015383092345069562,0.004456697462198287,0.0016997727010832036
215.3067836385361,0.0026351516489445588,0.029581244176920676,0.0004493505640737557,0.0003089879586912553,0.009182396468909828,0.021150693849027815,0.00020758167705740797,8.787790160968948e-05,0.0027320429394295663,0.01854516311235585,0.0016708471259592461,0.0005986838711358128,0.005987629840072977,0.011692423295999463,0.003665802857037135,0.002018747784703701,0.00392301215446434,0.015330081708065754,0.0044550363610834625,0.0017031641523587901
215.26044123999145,0.002676249854240503,0.02965349388136973,0.0004485486241135278,0.000306701828088,0.009408595673364672,0.021373780664353956,0.00020464630314445277,8.490048231304357e-05,0.00261858874589876,0.01805866381412034,0.0016404039120222482,0.0005749764864761038,0.004198140670329418,0.010134293424113108,0.0036670998766668485,0.002014182043050816,0.004554952647038316,0.013925727925374234,0.00445352758967817,0.0016975591557142767
215.21411878652896,0.002499388632775666,0.029771783104717058,0.0004525179334144612,0.00030760170413334534,0.00901445006246992,0.021214109942237564,0.0001990376053069859,8.622200336907489e-05,0.00569175809582149,0.018158995329440986,0.0015850828091418592,0.0005360722107967842,0.004140444405251295,0.01130424981551913,0.003661888728797833,0.001961949071797194,0.0051684889003038295,0.014651918871327687,0.0044539437038971065,0.0016955237942373822
215.16781626527543,0.002445180235221722,0.029603687258370686,0.00045037330496833233,0.0003055474507420965,0.009485472332723439,0.02135007873742149,0.00020491208813867395,7.928497390467405e-05,0.0011466614093598548,0.017659862202590762,0.0016619437189671626,0.000499591219799405,0.004766042773644032,0.010269109975154078,0.0036758131746839687,0.0019886311732904578,0.004732970599960724,0.014795240514676728,0.004447827342165022,0.0017004738918514454
215.1215336633685,0.0026152907391348745,0.029779408658670223,0.00045045819838142206,0.00030445724485672024,0.009284100675879965,0.021120616035246096,0.00020546380740599197,9.162152758759596e-05,0.0030836607322852084,0.018605894838839235,0.001641794523225307,0.0006244634084642057,0.004018006774917051,0.011695541215847224,0.00365506865645024,0.001991102573707723,0.005009283374880825,0.014396540133639071,0.004451927736325143,0.001698647461627806
215.075270967957,0.0025108954984554236,0.029513351934010258,0.00045017717222238225,0.0003061391845715203,0.008980932258719451,0.021206752655123867,0.0002085971298465724,8.993674692756525e-05,0.005327030731485518,0.01910589103774993,0.0016758260991340673,0.0006107755573660546,0.004887561679860674,0.010552723348650447,0.003654884492707641,0.0019995159033114156,0.005351957536475931,0.014580344685208815,0.0044544550061083625,0.0017030861750869644
215.02902816620087,0.0027246045878767267,0.029773555669499407,0.00045095176619460765,0.00030444267146512887,0.009157196114362554,0.021136662057753552,0.0002079963829900156,8.750940889259482e-05,0.004135995581541018,0.018827994259816405,0.0016536450730317935,0.000578341587035741,0.002896247208582407,0.010817753227668748,0.0036392041059957114,0.0019924766885327703,0.005266917827253787,0.014784578805189075,0.004453362733610462,0.0016988399752215155
214.98280524527087,0.0033521604128817018,0.02914820682848906,0.00045014392684436473,0.00030723402033141237,0.009036453892707885,0.021419778839925057,0.00020231220499697326,8.559480888186299e-05,0.002557453561330867,0.01681015560305825,0.0015812581045227822,0.0005793541447282297,0.0044085248605286904,0.011130326242016948,0.0036178785436648668,0.002014941065398947,0.005290691881674068,0.015062835765596139,0.004452771704667697,0.0016971728542150581
214.93660219234906,0.002120616862146933,0.029350214719156217,0.000449137816895714,0.0003035154082425207,0.00939175222787888,0.021111770040882133,0.0002050946453028262,8.260221165985661e-05,0.002478576120526122,0.02031237494760779,0.0016514056636778127,0.0004992276094785101,0.003802267974226769,0.010010434533841787,0.003669077530329293,0.0019532362245877725,0.004789526215840677,0.015439492144156585,0.004449322839742454,0.001701661220729265
214.89041899462828,0.0023988373573847104,0.02952441187059251,0.00045488455662714777,0.00030219837849358055,0.00888561955832729,0.021145271372216033,0.00020803963170884529,8.305170277797691e-05,0.005294353244203607,0.018532414394455753,0.0016580005155563962,0.0005284691104871184,0.004769415800035932,0.01112618908156164,0.003638284374978464,0.0019769058879602905,0.005086961630427249,0.014513983379982814,0.004451102727203181,0.0017009052412925157
214.8442556393126,0.0026718533837235495,0.02927459822630718,0.0004542053866465645,0.000306977148747067,0.009168273453336085,0.021165320187102283,0.00020662975902630964,8.901408050918065e-05,0.0019946455947368828,0.018625334777522443,0.0016746613178715212,0.0005463783885433621,0.0028905717055455926,0.010261904132394068,0.00367705567691987,0.0019397075132054342,0.006203325420201344,0.015045612223217746,0.004456389911801924,0.001700594202368496
214.7981121136169,0.0028560478275567345,0.029829837642556242,0.00045525430145066563,0.00030691946246973645,0.00862150274767852,0.021155506978216256,0.00020168315795940809,8.754543296904568e-05,0.004769025762647347,0.017580742005942663,0.0016029937352721236,0.0005938410994732226,0.003414400665146918,0.011410640112795125,0.0036442719814619275,0.002011015140565369,0.006022646311417491,0.015513243515409995,0.004454598657972813,0.001699190730089942
214.75198840476705,0.002367918667291523,0.029757014159518754,0.00045363958247475797,0.0003081570495235144,0.008138016202747367,0.018695729859999746,0.00020063957641833064,7.835175685859297e-05,0.004339640510033551,0.017102602399621757,0.001597422433042697,0.0004926377715979517,0.004378629812681514,0.01171236332478733,0.0036439253062275838,0.0019861235135559194,0.010940149338276355,0.021090455942062075,0.004445879458375477,0.0016958662537734472
214.70588450000002,0.002587097200955535,0.029840419032261513,0.0004511212959303439,0.000306410648381312,0.009285893610138225,0.02180190552936701,0.0002106240241416778,8.680862698658282e-05,0.0026970319881131763,0.018792056769671033,0.0016683692055754408,0.0005765552317443734,0.004145336749066703,0.012533519986741322,0.003622923697896755,0.0019999336690695855,0.005708360275943008,0.012925934340896866,0.00444831499066047,0.0016987186864095944
214.6598003865637,0.0021409806169754124,0.029574856800641428,0.00045141986961519956,0.0003033668069389932,0.009595938740494648,0.021690484541569997,0.00020911906995612972,9.010924199539993e-05,0.0033885041925589216,0.01798119795063658,0.00167535431410672,0.0006074553099496006,0.004884139708039712,0.010250668223995915,0.003640633356723328,0.001986252862213265,0.0039728162005809985,0.014074214335991451,0.004448591244073429,0.0016969505009169644
214.61373605171676,0.002590879006062328,0.029457554308017657,0.0004537562063770526,0.0003056434677470756,0.009281425601168996,0.021568139506201758,0.00020756706114667448,8.714412285060742e-05,0.004193009694273592,0.016594583226016677,0.0016573175488792178,0.0005627991782390378,0.004824900336374561,0.011570418299611373,0.0036479759377965877,0.0019813197625514994,0.004520651355764154,0.013995413522451167,0.004457679108425401,0.0017022981445690417
214.56769148272906,0.002385071837571416,0.029742802828673,0.00044965564846183255,0.0003061625660406567,0.009300196193719312,0.02131236711591697,0.00020416765709037866,8.871425441083962e-05,0.0038844558994628863,0.019048056159251106,0.001614578757498109,0.0006164486011044725,0.004628689607107811,0.010411871704347042,0.0036344508328378274,0.0020170437630542713,0.004509739861101174,0.014476385012633326,0.004450702495322511,0.0017003494387445109
214.52166666688117,0.002471130228523345,0.02945494620136729,0.0004606252327730772,0.00030456078365372703,0.009286900097018335,0.021579583117360596,0.0002035897869104807,8.629134180402118e-05,0.0046594140887153464,0.015377816110673294,0.001638752202311572,0.0005765931642277661,0.003487112404367889,0.011123614539222908,0.0036559582675716558,0.0019978380882104243,0.004952965144953531,0.014331781257738154,0.004454671218170104,0.0016985452037188414
214.47566159146476,0.0025918759116502106,0.029687208458281968,0.0004523890913948998,0.0003107215122745715,0.009011510697159834,0.02146077429021654,0.0002048961357068474,9.0468639584883e-05,0.006396825644598351,0.016683913590557993,0.001635117389020365,0.0006073139640495785,0.004589886538094077,0.010760247488600085,0.0036441635134774712,0.001995299187172795,0.004781121586384751,0.014920555353198738,0.004451244692593196,0.0017008726637689033
214.4296762437822,0.0023561522927736905,0.02966396372142437,0.00045321751978232846,0.0003106084804591482,0.009255479284550576,0.021335958428145115,0.00020246902063107973,9.068008060402333e-05,0.004318774386400615,0.018049385880215336,0.0015862159446887643,0.0005948538432817424,0.004495735436183842,0.010945455282734471,0.0036217524678455225,0.001982197397633845,0.004473671056308212,0.014522785852481077,0.004451348872356593,0.0016996967478861915
214.38371061114685,0.002453313530093368,0.02963922078323447,0.00044804178893899165,0.0003232989431572667,0.009108967008453178,0.021321158950785624,0.00019848193696506223,8.430087000581663e-05,0.0050080528539836215,0.018294543005400794,0.0015968372708053472,0.0005148728625702402,0.004621312626064799,0.01073833398988413,0.0036784483501447196,0.001973551476595282,0.004863512090205878,0.01466025947257632,0.004449876966090572,0.0016966520835801436
214.33776468088303,0.0022849630975395187,0.029566830849160498,0.00044352998855967776,0.00028340495194915217,0.009405524132256532,0.021332926287377107,0.00019969162354404872,7.722790010180632e-05,0.0036830569067148717,0.01788572386373429,0.0015723526299114923,0.0004992874117993472,0.003979201245566595,0.011009124391380364,0.0036450333199904896,0.0019810966660666154,0.004851341380099657,0.014773455572235536,0.004448932387530573,0.0016986474254668084
214.2918384403257,0.002543801821515352,0.029473146827047967,0.00043719595495816607,0.0003012921647796217,0.009486380583751368,0.02135029539817298,0.00020864228467892996,7.832351532700457e-05,0.0007221557373010037,0.017495035638152103,0.0016612801994068179,0.0005128470010142528,0.0047361044177753634,0.010811267201183541,0.003653551392008212,0.002005533967146811,0.004578065964850712,0.01495266200615489,0.004448101612970122,0.001698591137381977
214.24593187682095,0.002506429010062312,0.029553554030588455,0.00045180386219508,0.0003106848360436466,0.009016254593657595,0.02148594506546965,0.00021191140229008518,8.288317109835202e-05,0.006634723140701432,0.01638458381890844,0.001696663695384979,0.0005338355067870095,0.004506745809928758,0.011107536098428482,0.0036409605697965038,0.001998132946284808,0.004523031274927234,0.014371138706829505,0.004449473266418729,0.0017015728403020854
214.20004497772547,0.0025461498407203017,0.029535348450916873,0.00044771951658476684,0.00031049072302943945,0.00939772774740965,0.021227177109424244,0.00021227653897065225,8.856580170950015e-05,0.0028472257922880096,0.01889757315998135,0.0016826152022072364,0.0005879413876928795,0.0044250753062378195,0.010753751225452465,0.003635138251265248,0.0019973564494019363,0.00477821157534233,0.014954838946100495,0.004451435315608609,0.001699856554417019
214.15417773040687,0.0024672445988175125,0.029518350143541157,0.000449652482145564,0.00030440432497337973,0.00941829196790577,0.021346091962728273,0.00020833137866290273,8.590509384222068e-05,0.0016657193528893614,0.017629318525748675,0.0016509285947534952,0.000590427288697215,0.004990339970972673,0.011179848493707087,0.003626001829016576,0.0020129392091049266,0.004124137946780322,0.014650706747753374,0.004449189960556704,0.0016986111324058563
214.10833012224367,0.0025524115453391667,0.029616065830006533,0.000445758044170952,0.00030567387524327896,0.009273345582153847,0.021156898548744835,0.0002063307758648776,9.156978884840994e-05,0.0032544185401133727,0.01962597332988437,0.0016275288991176192,0.0006108563841248777,0.004187671488684486,0.01101869456982895,0.0036335711954372085,0.00198709539280698,0.004748154488524881,0.014344690456331775,0.004453411757132428,0.0017012477229708554
214.06250214062504,0.0024364190140055576,0.02962284084545194,0.00045018830311302596,0.00030954179360351725,0.009238707432022734,0.02133142478621985,0.00020694100210360268,8.382359015711628e-05,0.0037791282659250434,0.01755976835996478,0.0016420841705403594,0.0005350392809272639,0.004598516683129179,0.011006914416439492,0.003632821274542165,0.0019834506594045053,0.004624309326139158,0.014488361759902344,0.004448691318827705,0.0016970410750881879
214.01669377295102,0.002548635072463194,0.029529665486820206,0.0004504037547438881,0.00030769225612644973,0.009272357210681502,0.02115479284115156,0.00020456901860064315,8.7156663340633e-05,0.005001299927089266,0.020276672989131453,0.001650463280048828,0.0005757474078475934,0.0037464398336608754,0.010207239538060166,0.003667281952567408,0.0019913913946802753,0.005070307090479475,0.01454922964023516,0.0044494885682596925,0.0017018796647576171
213.97090500663248,0.002524809485183073,0.029532045045707354,0.0004508944565126864,0.00030992334456077827,0.00940939915785526,0.021432852972663227,0.00020253675679917052,9.077962762255825e-05,0.0015688532552228516,0.0163804568484799,0.0016363267044276527,0.0006256859001380288,0.004676524942981451,0.011009581880956016,0.003674476414289912,0.0020073571953252716,0.004581304386790264,0.014679647691353385,0.00445023598102424,0.0016968164390082196
213.92513582909092,0.0025566408279803885,0.02956362764718139,0.00044746121508557936,0.00030897610808947176,0.008908294366034629,0.021196257153204612,0.0002002716456975168,8.02188147749655e-05,0.007658934762044294,0.019246257541245655,0.0015572811240158748,0.0005280668511073546,0.004338642925848578,0.011021654819214206,0.0036177989286842846,0.0020180378003769256,0.004820556115353574,0.014433071047556258,0.00445039909162983,0.0017000609012462636
213.8793862277588,0.002419372244296248,0.029405508992060906,0.0004484780225790936,0.00030612592015852677,0.0092412709085296,0.02138177162725212,0.0002034751804119861,8.216025550358664e-05,0.0044159739391070015,0.017624812277748935,0.0016279181936078684,0.0005382626473630384,0.004152563286407233,0.01050944486354748,0.0036599409098663923,0.0020018770675484594,0.004571958878093914,0.01482523526040336,0.004448796622826603,0.0017029342863028759
213.83365619007915,0.0027092278895174287,0.029480604874979017,0.0004502919160298369,0.00030722335671104126,0.009225834603126102,0.02115003526178756,0.00021113328167679453,8.221190934345137e-05,0.0035124742095749718,0.02007211120908563,0.001691858757884615,0.0005098707735824844,0.003941229887244399,0.010799456850930493,0.003645499834396445,0.001980817318756222,0.004811026608855054,0.014552250857116578,0.004451312179434765,0.0016995218640004138
213.78794570350578,0.0026774728472814487,0.029853295775776962,0.0004494577693765596,0.0003067805621224585,0.009455904172574841,0.02112573844419255,0.00020663266314300882,8.90328460432215e-05,0.001201390155359116,0.019342282228779286,0.0016312884710877322,0.0005771465842345696,0.00429895944447265,0.010723869206939567,0.003612169213924766,0.001980517537902784,0.004586326938725218,0.014821850373170724,0.004448733486729286,0.0016991869671912799
213.74225475550335,0.0023131574136494577,0.029677569493264437,0.0004487874567465576,0.00030639012148878385,0.009401842676105882,0.021162525875683912,0.00021102590166650973,9.139163071020727e-05,0.003303215162220196,0.020086347317285758,0.0016882665130264758,0.0005928352542082462,0.003801560753878342,0.0105153792464804,0.003647723879163218,0.001945275922577681,0.00468841213315726,0.014208068355126238,0.004449854560753531,0.001696346710899783
213.696583333547,0.0026163050954368257,0.0293478506005735,0.0004484065078849608,0.0003069120993531514,0.00942550991681752,0.02150300377410331,0.00019830815092703615,8.640744425207691e-05,0.002194950523687097,0.01670134362935905,0.0015772090081561062,0.0005655003436004545,0.0037566976735905594,0.01023278448373818,0.003663441881670683,0.0020076304562414646,0.004997373639769759,0.014907219600245873,0.004445522898499512,0.0016979475986614262
213.65093142512288,0.0027410508256315784,0.029972704915913286,0.0004499352650008612,0.00030652817890517694,0.0090925641322746,0.02128666829110745,0.00021301923205182318,8.585232306079813e-05,0.00517990770975994,0.017099640914844585,0.001678390187680518,0.0005548055448238337,0.004549394573162276,0.011312379011537501,0.0035794891415668936,0.001981295656068418,0.0043857564860494075,0.014283636219793026,0.0044458431517090625,0.0016972831443357705
213.6052990177275,0.0021646249771467333,0.029984588166329162,0.000451273244588598,0.00030744555331263675,0.009519121813157288,0.021218070108077695,0.0002065290489669312,9.526898683813416e-05,0.00212475058576281,0.017993163767313514,0.0016678651146406704,0.0006376627956529003,0.00388449895866627,0.010832323737317007,0.0036637138396159535,0.0019575916100602717,0.0049898137746353,0.014576473321016166,0.004448705159737897,0.0016982163712508489
213.55968609886827,0.0020443976765986568,0.029251430266869168,0.0004505402754104925,0.0003052208731726552,0.009259485866871846,0.021321097987199424,0.00019671676202500003,9.256331462906357e-05,0.004242228053229159,0.018474029071964392,0.0015270742229830238,0.0006152125580565682,0.004702407156903942,0.01076678224686943,0.003609375125843424,0.0019749100110659835,0.004472294624729024,0.014606708520820747,0.004448552722423519,0.0017003044008930795
213.51409265606324,0.0022812085600432295,0.029994474076470472,0.00045003606777325523,0.0003077099206340991,0.009279277087586725,0.021109756996761847,0.00019840146178365237,8.677533519476278e-05,0.0031622553870417377,0.018973291495020403,0.001579322397394535,0.00056602205314597,0.004663439263768564,0.011209232461074628,0.003661225388392981,0.0019588241604475204,0.005102809709431319,0.014450728773013746,0.00444697201537603,0.0016968087302333932
213.46851867684103,0.0018854989718448283,0.029504548881226653,0.00044840237098812204,0.0003083201115606159,0.009335578606943892,0.021253438722150346,0.00020614139947652366,7.855961413796008e-05,0.004345972453991852,0.018968535925620988,0.0016389156732614606,0.0005260177898774433,0.003790386746351441,0.01047316763286414,0.003647448055522516,0.002030213132516035,0.004604496972502034,0.014655885376918637,0.004443999601855721,0.0016999582291264091
213.42296414874096,0.002908227275705628,0.03084522704443387,0.00044778854889045936,0.00030973057252636717,0.009198188730746636,0.02102338545527797,0.00021191652140438962,7.952530000683144e-05,0.003843189407408442,0.01804250467376322,0.0017006026343893998,0.0004922330010908447,0.004427228825422645,0.011051102815533719,0.0036483260186923397,0.001977201525373773,0.004936176564258718,0.014327636781203539,0.004448631243386331,0.0016984895094239478
213.37742905931304,0.00587748184314277,0.02977199713746889,0.0004452832630982825,0.00030467015126615617,0.008453111453171958,0.021229772208224442,0.00021085295047310477,8.690956055058965e-05,0.004337388447111581,0.019311935273715036,0.001677088268789371,0.0006054516661143487,0.004605442075252279,0.009955436086808338,0.003645347390092411,0.0020210917601181187,0.004564145171009622,0.014910943836092592,0.00445110469812096,0.0016953342232375634
213.33191339611776,0.002302202713614593,0.02880495783650752,0.0004509207319150869,0.00030100309793235633,0.009256273329600486,0.021344641647370603,0.00020634533832130143,8.596436589543506e-05,0.00401945979696783,0.019264303515347272,0.0016347709736364753,0.0005835103351798381,0.004787270299656256,0.010982643139884845,0.0036331520102169364,0.0019995094746779346,0.004831982877058965,0.014365703096918293,0.004446919273992066,0.00169885813779656
213.28641714672642,0.002495835339365341,0.02918774275814486,0.0004481302386752066,0.0003048616554769707,0.009203070675236727,0.021532678199207244,0.00020868587263314276,8.421089460348326e-05,0.0037441841826304284,0.016034833264707376,0.0016800444242866064,0.000549547243458898,0.004641374053095176,0.010909300225897624,0.0036603066566919477,0.0019958511103118494,0.004876161588120752,0.014897681375146842,0.004448426515730484,0.0016978943905266051
213.24094029872074,0.003539721270238474,0.02870000015004419,0.0004464590799745591,0.00030882044034386403,0.009077886085744145,0.021419909275049866,0.0002097873263298023,8.865751829721094e-05,0.0033645669292901676,0.01781381451387014,0.0016341998415439322,0.0005912548487828735,0.004177688074516362,0.011721911497569126,0.003606345989579463,0.001995322630346721,0.004807507372977149,0.014441558549268032,0.004444710302114808,0.0016990188439156247
213.19548283969306,0.003529549359027413,0.03051426359330733,0.00044772745042743036,0.00031174370677774436,0.008908844592858296,0.021088625536766985,0.00021057013931578987,9.16235672903967e-05,0.004571691189637476,0.01844477184283945,0.0016662740465579551,0.0005868681195297516,0.004845728582657068,0.010311148812135589,0.0036206224805741248,0.0019748710569858284,0.0049157075631079804,0.015030312734153018,0.0044462551146289084,0.0016965077939766616
213.1500447572464,0.0017821583532741435,0.029758143775335186,0.00046842234839731915,0.0002998373408212759,0.009432997878136236,0.021206617681469073,0.00020147459550665876,8.8834926948624e-05,0.003717713153756185,0.01946790454035759,0.0016354821913547373,0.0006116717017815855,0.00376175216296852,0.009956610693824247,0.0036449605019086384,0.0019966886251041958,0.004528874972858474,0.014430221895629747,0.0044474375598672344,0.0017019947200306313
213.10462603899427,0.0024877582788470688,0.029994444169450043,0.0004498838334279921,0.00030734038476191305,0.009284836471430165,0.0211421915438425,0.0001988304188111511,8.910769003034496e-05,0.0028646952441370526,0.0193062675459829,0.0015346587757164398,0.0006022907341534307,0.004376358932278726,0.009841000111784364,0.003604451285060833,0.001994234671980461,0.004941653913445637,0.014923588139440398,0.004445945523305233,0.001695877098358342
213.05922667256075,0.0013463652626801816,0.02891928750485629,0.0004499589300669313,0.0003048764614765291,0.009663316000300829,0.021403947644908796,0.00020139687455105853,8.579123944509267e-05,0.001930068492832731,0.018903232676299515,0.0016062366043303542,0.0005893980220833992,0.004779531453590174,0.010280130793556668,0.00365459386525087,0.0020197235670938933,0.004143259674760383,0.014582705373979508,0.004451733564456537,0.0016968122289019063
213.01384664558046,0.003177241020321496,0.02855948320798487,0.00044943268301812474,0.00030756686473790303,0.008956928946734076,0.02145557029586994,0.0002038052380060393,8.04161987543798e-05,0.005990553623583207,0.018178269552003714,0.001610039577466599,0.0005320535230162883,0.004213414507763649,0.010902683129983583,0.003631081368377424,0.0020142104153591813,0.004715207295337305,0.014617810872311735,0.004446409775666549,0.0017022072184171304
212.9684859456985,0.00212725944906588,0.029737851745171334,0.00044680818620159086,0.0003073496814650575,0.009186174551174618,0.02117599883465095,0.00021121132718736517,8.501018734354141e-05,0.0046172829431994486,0.01967265669281869,0.0016746368222485652,0.0005465416432791216,0.0047851011057040045,0.010563881041336126,0.0036379174429824247,0.001991077520991109,0.00441998847559818,0.014504087402800606,0.004446202697984947,0.0016992801423685372
212.92314456057062,0.0026882440290631375,0.028694456013226493,0.00045372483708992924,0.00030896839115745117,0.00929271167937595,0.021460815209721474,0.00020442420418482257,8.936355589381085e-05,0.0026134551621205047,0.018448458696876724,0.0016404708778335613,0.0005727236014514482,0.005038588494386628,0.010411686687934836,0.003637128731517421,0.0019787035995644697,0.0048240029423553855,0.014566817361941514,0.004443322165913452,0.0016990544367388707
212.87782247786294,0.0028721237011819565,0.02951877196114913,0.0004485778138144703,0.0003120954176375292,0.009130622714751865,0.021258874103468613,0.00019971733048468592,8.888799743757553e-05,0.003449153360650021,0.01830815362730404,0.0015979744920923192,0.0005961944395234492,0.004812694869735868,0.01039701531148278,0.0036456413239083904,0.0019952122349234684,0.0044237189128449655,0.014671884567102967,0.004443426048684089,0.0016950547952955326
212.8325196852522,0.002150303078101697,0.029219288329341904,0.0004548639236403913,0.0003095106320727449,0.009220331298773784,0.021296200967917317,0.00020041241181662948,8.427594863549325e-05,0.004896062399508792,0.01954924832195761,0.0015835081154044425,0.000571902931449743,0.004086544588611219,0.010266222159413902,0.0036282702412117488,0.0020192683656988343,0.004642956330809516,0.014558427842653264,0.004442541454485245,0.0016978282899697316
212.7872361704256,0.0023956607656437823,0.02933908744729135,0.0004509121269143434,0.0003124003819421839,0.00922553535686744,0.021470889821242206,0.00020613582012629053,8.022611140924578e-05,0.00394066945368204,0.017103825750159216,0.0016197345956077862,0.0005244232392672124,0.004776389691732142,0.010296135772497987,0.003618499780997637,0.0020185098499193727,0.004481419656998083,0.014742498263303162,0.0044519554905418065,0.001699714975336712
212.74197192108065,0.002207175108056273,0.02891624549097539,0.0004514611710870084,0.0002984329766644393,0.00930133410161984,0.021180841373931905,0.00021404303741292378,8.343550222001216e-05,0.0044964267961020606,0.021913075929391807,0.001705036433300357,0.0005882737172205961,0.004720402064488784,0.010071509678083346,0.003628734242284028,0.0020273634466226064,0.004632784161673656,0.014313446265290955,0.004447129331959132,0.0016974713945679901
212.6967269249256,0.002775753950735531,0.02889087824696076,0.00044796753191784957,0.0003020133197858316,0.009296784832558191,0.02154677523413083,0.00021088495303994397,8.452947616080262e-05,0.005151652882572465,0.016920715373977546,0.0016833121712191042,0.0005816675399467674,0.004867612022232041,0.00996641723589385,0.0036321199733317824,0.0020079648589097893,0.00445809813453625,0.014591159579869853,0.0044476074152367704,0.0016929845664659837
212.65150116967897,0.002767741476440947,0.029140898687239326,0.0004513089459841122,0.00030864435071108426,0.008982234195575943,0.021329752018921344,0.00020696320109963654,8.556859354816775e-05,0.005836012367353564,0.018838347690345664,0.0016065938312478793,0.0006027618910154692,0.004929601317731781,0.01076128551808358,0.003585127467024612,0.0020194659255200922,0.004561942643422972,0.014284097763516712,0.004436686976447513,0.0016887513266171386
212.60629464306976,0.0028329342918893136,0.02935268525930394,0.00044774672212798307,0.00030629366838340067,0.009156978180722886,0.020914368454699912,0.0002092869853592444,8.620002352392808e-05,0.004198424387166483,0.022749037162615275,0.0016667038161650273,0.0005926074579902113,0.004228484879634901,0.010029942812120447,0.003646249599268384,0.0020232648994400687,0.004762811730857716,0.014733156793726346,0.004446653097713181,0.0017008425449486896
212.56110733283745,0.002562619827176397,0.029303085496495507,0.000449767126307264,0.00030612176314153707,0.009268086926469936,0.021406949274934427,0.00020800263663685366,8.822829359459365e-05,0.0030901836741369375,0.01764786073869192,0.0016554590401339573,0.0005791350805241903,0.004537270526713053,0.01057147175931558,0.003641601123675488,0.001988952606398296,0.004362224542096037,0.014167626634889243,0.0044449696186428835,0.00170068219264845
212.51593922673186,0.0028281113633365973,0.029253798360429285,0.0004494130046913064,0.00030605860529344975,0.00931217144106199,0.021347185486716318,0.00020405327396589285,9.017302502036171e-05,0.0018533641599947413,0.018206546892962583,0.001636524532444534,0.0006004554162371231,0.004562365444261557,0.010484902615408468,0.003662537745108102,0.00200019221525571,0.004695066875300486,0.014550055454299363,0.004445866044303776,0.0016980599980613474
212.47079031251332,0.002535869712641819,0.029541460837906514,0.00045039889473314084,0.00030702406013105295,0.009200111503314514,0.021312195864641986,0.00020002146477671306,8.797198704310761e-05,0.003503556585603639,0.018438408577871407,0.0015970820298091802,0.0005842802023762511,0.004921156394904486,0.010103611263478045,0.0036465787044694226,0.001995448456341184,0.0045572290321338705,0.014391469680264765,0.0044454277020404,0.0016944173717302786
212.42566057795247,0.002728305332564882,0.02920933866620229,0.00045100417466078385,0.00030505114782576354,0.009398544364241403,0.021165918528660295,0.00020687245726993967,8.555945376679299e-05,0.0008692463559988205,0.02055909548899112,0.0016447071690428674,0.0005842234106172888,0.00468062605621905,0.01036775307756761,0.003628223340658179,0.0020150585097649647,0.00469230188029536,0.014287182830583436,0.004443080232492584,0.0016995700896023846
212.38055001083035,0.002719677870178958,0.029368060776521467,0.00045002706018261197,0.0003070647804207779,0.009196929120540258,0.021668922150596702,0.00020448142501175605,8.59644047773663e-05,0.0029326553462289537,0.014372835288343492,0.0016014022813789263,0.000570645156318304,0.0048567243885046674,0.010608238953380516,0.003610998193578282,0.0020000826502774424,0.004552068473504201,0.014321973030422883,0.004445262064889738,0.0016945588361596121
212.33545859893846,0.002615130176379084,0.029413027959579632,0.00044884598797904874,0.0003078138704824683,0.009139473588830068,0.02142271566907523,0.0002064974437010957,8.471650836558458e-05,0.004779498705694155,0.016642423034986694,0.0016687380180731158,0.000560979490148425,0.004227991639495895,0.010792092043266062,0.0036607830726521164,0.0020005901629333678,0.00482048976281935,0.014305173793246759,0.0044453863331628245,0.0016954402145023895
212.29038633007855,0.0028435137518341563,0.02951729404688764,0.0004499361007607838,0.0003060807895547947,0.009336473499991452,0.02122240724976841,0.00020538968086016485,8.624180847079295e-05,0.001838145919668843,0.01906328570276358,0.00163282451502155,0.00054348225453237,0.004421984567119788,0.010725136863516418,0.00363567083995305,0.001961802335548591,0.004798658761374855,0.014380524465760132,0.004441417028046356,0.0016995676662350434
212.24533319206284,0.002642333576731791,0.02945485140616791,0.00044987286038651884,0.00030687848608043487,0.009265546233706344,0.021347255797051528,0.00020598750111455743,8.18765667190476e-05,0.0025941372027218196,0.01797760987560779,0.001653810981227339,0.0005296859278443333,0.004574047326646516,0.010318048835555713,0.0036600142690768655,0.0020071187841260393,0.00483753977470153,0.014198925181514279,0.0044475787704130335,0.0017011547551990627
212.2002991727138,0.0025598926307816416,0.02957449324543658,0.00045018337041608495,0.0003057411752817466,0.009481882514562041,0.021253332209961326,0.00020361124614643098,8.864426401420515e-05,0.0008458652024343383,0.018511553137759654,0.0016197312005144585,0.0006221390462924906,0.004581712160856883,0.010643413770881996,0.0036472056948632157,0.0020137338246768804,0.004769220435043103,0.014407275348750855,0.0044450388818646274,0.0016942588753181636
212.15528425986426,0.0026310650486433404,0.029498866452731757,0.00044960891131169933,0.00030662711093692335,0.009508579589916216,0.021543205094845048,0.00020066250159080684,8.680317152594487e-05,0.0018603363752198242,0.015108499680360363,0.0015964479437017597,0.0005899585691272583,0.004728694122265963,0.010919898785664748,0.0036503201439970754,0.002025144802534607,0.005092752949623764,0.014167362920059419,0.004443797179262373,0.0017008617464644364
212.1102884413574,0.0025216739049632986,0.029565565623964004,0.0004491806061455926,0.00030711513064390493,0.00936619043924787,0.021500540067014726,0.0002016416416895005,8.951098865392524e-05,0.0046969289396289636,0.015827711141078386,0.0016066202477832674,0.0006193831030270728,0.004832872132553613,0.010414463249711299,0.0036438622716667467,0.002006980003699259,0.004836690257840895,0.014495542931583094,0.004445216532623019,0.0016972417457985019
212.0653117050467,0.0026501750198133227,0.029464175093205754,0.00045021033705391764,0.00030612062961949093,0.009079599541252203,0.021491442008339957,0.0002011781820854058,8.733290572730374e-05,0.005262989270088398,0.01575194424392985,0.0015861558242586586,0.0006051519707900282,0.004301436763446513,0.010860122786737814,0.0036410879482125964,0.0020218088844670135,0.005025322273125907,0.01433264418233307,0.00444400601532313,0.0016996816683558182
212.02035403879586,0.0025491781526936165,0.02948523958155283,0.0004501962281332169,0.000306613574859297,0.009232865568293336,0.021335614263293255,0.00020272447710760672,8.13802092517956e-05,0.0032897272104482666,0.017510899660760682,0.001598541280923355,0.0005421858111807815,0.004647273437020067,0.01060632307606997,0.0036276794838100354,0.0020114592664094524,0.004785814977393449,0.014532136553154383,0.0044473788003478055,0.0016919393595977745
211.97541543047905,0.0025420665703507045,0.029500523164360366,0.0004498011322918957,0.0003059274116034485,0.009252360039341117,0.021322524905703372,0.0002065900057269125,8.259736154710226e-05,0.003042598992484008,0.017691439032828014,0.0016618988758074372,0.0005485458839837493,0.004400667427373576,0.010834628370247894,0.003658327149049392,0.0019961775170629545,0.005068960975847949,0.014391165103817329,0.004445727504733473,0.0016953962776399434
211.9304958679805,0.0026356093709376982,0.02954869734050433,0.00045051419876500077,0.00030683958297185703,0.009491460080989464,0.021455868216950644,0.00020566677080464135,8.414114699665003e-05,0.0005671969595817929,0.016840349213438053,0.0016461281460596316,0.0005786441435055046,0.004490500448022733,0.009690810082660577,0.0036505123826420013,0.002021995773162424,0.004830884797139199,0.014646886092194616,0.0044440675995329835,0.0016935360207705338
211.88559533919494,0.0025331162796442507,0.029419258990218675,0.0004496787576612265,0.0003072671930172471,0.009082030115206042,0.02134609127658273,0.0002099515649385064,8.245393678231629e-05,0.004425704641890715,0.01784474810811597,0.0016772718085782932,0.0005469748918856955,0.004933766606816215,0.010492149416338312,0.003628745436237948,0.0020042227954071967,0.005055169555058478,0.014469705669521405,0.004437346577329616,0.0016971202903084254
211.84071383202715,0.0024708760405876837,0.029557040021297852,0.00044944967305969813,0.00030754489294399,0.00934743132414582,0.021237493163962215,0.00020387404046707332,8.836919891913981e-05,0.003796691249783455,0.01898234422373538,0.001645522713115677,0.0006084625813855331,0.0042577867221460204,0.009942559709670685,0.0036744949458977017,0.002018072768648179,0.004989393023951657,0.014763647747072964,0.004445534602915093,0.0016980048255075858
211.79585133439224,0.0028588532141387425,0.029599695767179787,0.00044906832591803177,0.00030585063839557087,0.009112435380751335,0.02131994207940899,0.00020719926012687328,8.858120167385987e-05,0.004053482941647649,0.017372988907656605,0.0016641147052270607,0.0005952060003039614,0.004484372309887818,0.010791817471370736,0.003651117833414019,0.0019972877547452107,0.005020127692389071,0.01448571076838683,0.0044435748680801525,0.0016973852935971338
211.75100783421559,0.0025451418325324864,0.02934759189691868,0.0004491584201693797,0.00030243100463175904,0.009387842326335192,0.021407109066185377,0.00020653012191560304,8.814599998220588e-05,0.001630591606381492,0.01712856214760979,0.0016688416926270693,0.0005943277309400693,0.003971021851182142,0.010376029635255397,0.0036633361717505475,0.001992892254703288,0.004937587173592121,0.014777854089956613,0.004441878303740488,0.0016958898639056023
211.7061833194327,0.002567541016729084,0.02941271736489401,0.00044710822420027265,0.0003085577326890492,0.009218212433603554,0.02129483956434711,0.0002061163574984227,9.066493372420471e-05,0.003451065610412053,0.018733187707173696,0.001621865807896065,0.0006264297229857296,0.004593110839284873,0.010518031543407035,0.003622584819863386,0.0020034610898420923,0.004843153325358572,0.014257337425257224,0.00444198696161444,0.0016966783883056837
211.66137777798946,0.0026211754607916044,0.029396220511014936,0.0004497709402345247,0.0003061476663945125,0.009430081526250463,0.021389557540001297,0.0002036136938648492,8.808225334977973e-05,0.0018124270608632538,0.01807119418358416,0.001630515244552956,0.0006230190925535901,0.003916841845143806,0.009179043550431722,0.003651777373955771,0.002027343230086966,0.0049931996584238825,0.015004925151975892,0.004443539255268252,0.001693183263422722
211.61659119784179,0.002565812002029406,0.029532530336319366,0.0004492198917888051,0.00030773565534946096,0.009175348694368382,0.021328914400655343,0.00020027119158272516,8.608166526992781e-05,0.004301006951408826,0.01797405057158924,0.0016137778101584107,0.0005913864934965266,0.00405879049083018,0.009626845933807531,0.003661929278724134,0.002011577106184487,0.004806480803772115,0.014902544750607183,0.004439349062130563,0.0016954234948671411
211.5718235669558,0.002442932303076824,0.029518856481240707,0.00045147859238033945,0.0003067936417071758,0.00938663554775897,0.021320755704240017,0.0002002961883312766,8.410901938267779e-05,0.0014374067751812295,0.017495220004842226,0.0015852950391656735,0.0005680934361931483,0.004386092006640165,0.010154681617134629,0.0036324938648747648,0.0020123530742886205,0.005157118577004283,0.015118526522634965,0.00444148780344159,0.0016961293459703054
211.52707487330798,0.0026618113582840544,0.029535174649207623,0.00044939574892760776,0.0003049767525237827,0.009214199457217215,0.021264707791387772,0.00020288440455628492,8.102645985776441e-05,0.0035114025026114883,0.018665357260410107,0.0016615340920232374,0.0005100837498212434,0.004536587151034964,0.010204216559722274,0.0036923697065819536,0.0019789705071676473,0.004469127606130014,0.014221226363068898,0.0044424389943236815,0.0016952842058550388
211.4823451048848,0.0025363096738071854,0.02929229945267785,0.00044989739906160347,0.0003060800672268645,0.009420754591997385,0.021295459924374264,0.00020794898497915188,8.450328658587042e-05,0.002163425559864847,0.018459298458806325,0.0016862904982059247,0.0005505848545939089,0.003919066708984248,0.010238732268590895,0.0036624743451171954,0.001996509178394167,0.004764256010235949,0.014811619520077148,0.004441487922808022,0.0016992044928510722
211.4376342496829,0.0026356745129995527,0.029324789031542155,0.00044959854645711496,0.00030562338884092716,0.009321159568074127,0.021151832746757745,0.00020550195980607324,8.66157421771392e-05,0.0017052900581280759,0.020480072893169183,0.0016391207639137307,0.0005720210736798866,0.00541453913656781,0.009906743111928136,0.0036361539534809327,0.0019902776278083543,0.003999819824529057,0.014679611448334462,0.004439615379379274,0.0016965248541452535
211.3929422957092,0.002477437227198394,0.029447541648079896,0.00044995713624769744,0.0003054096553702484,0.009299564513097144,0.021420289890956245,0.00020328371986368495,8.724091105627377e-05,0.003669691056790727,0.01643284815191668,0.0016259112299728431,0.0006396205498263583,0.003838271140021748,0.009674332270031222,0.0036393954141542987,0.0020462970203705723,0.0053036729156562224,0.015479545802561622,0.004441936738438971,0.0016949129287505927
211.34826923098058,0.0025539893205599566,0.029493935180540106,0.00045084110784343286,0.00030583649052060686,0.009139329604582724,0.021371381623570503,0.0002053009413259229,8.691793167894112e-05,0.004598472484003541,0.016884557592154535,0.0016720972054349176,0.0005706256324369445,0.003950158175488905,0.01123910896684112,0.0036879056654880505,0.001989678879903146,0.004378182521480156,0.013887501214779061,0.0044470191024726415,0.0016961043920427864
211.30361504352422,0.002619388984980909,0.029496984308142675,0.0004493275070181398,0.00030762429892840963,0.009172270568040573,0.021513582757374826,0.00020808780292955087,8.09910386146152e-05,0.0034241872216319484,0.015448666423034602,0.001687686080186878,0.000549862141974319,0.005147052674009431,0.01034229811505031,0.003663598229076421,0.0020224803617963703,0.0045995199610544294,0.014945439807320457,0.004445093051366041,0.0016950475250981077
211.25897972137733,0.0026798867288760206,0.029567924287383814,0.00045150133530447406,0.00030722458484786435,0.009144416509099387,0.02135875120495987,0.00021084966366295967,8.601819040772672e-05,0.0038294192580570663,0.01734121852667966,0.0016888288059590136,0.0005784943313474827,0.006518822876960609,0.010516040403523816,0.0036414815350183966,0.0020078994259208915,0.0028286727614290686,0.013964327568826089,0.004441644261491169,0.0016940264559101724
211.21436325258713,0.0026222637916740277,0.02948567970772753,0.0004507264436971457,0.0003061181767904307,0.009279788606788778,0.021360650631647122,0.00021189545732952237,9.337848685518892e-05,0.0024531896550439246,0.01693013783981121,0.0017163762871672157,0.0006473784497257011,0.006085867822237196,0.00837240085966007,0.003649089308539979,0.002003177950085832,0.004228754476406043,0.017418173509800648,0.004439071409573771,0.001696940232719152
211.1697656252112,0.0024635883877441606,0.029466640510643283,0.0004497257970476661,0.00030591096742445544,0.009123244990654769,0.021411633297495458,0.00020086448171515453,8.708496848863596e-05,0.006120581666603145,0.01696907189855776,0.0015971528086104868,0.0005945455781793514,0.004161059613333225,0.00868729135976328,0.0036418243029904345,0.002013725325638668,0.004950080713257473,0.016156775745047463,0.004442755576211102,0.001698747742372107
211.1251868273169,0.002730273396559362,0.02967543986327412,0.0004487735752282276,0.0003059829252779486,0.00911891800456665,0.021342536953707525,0.00019968079824604588,8.846419477100813e-05,0.004801853105844777,0.017823655932100932,0.001594403195892586,0.000600488325481477,0.003803266686161725,0.00740860505091116,0.003648840038582952,0.0019970699879245414,0.006960256012098016,0.01746667092621852,0.00444223684727358,0.0016949710715666439
211.0806268469819,0.002740644691524958,0.02932886837963805,0.0004486628247279656,0.0003074216012832746,0.009435205476289432,0.02135653053006762,0.0002030832285878291,8.565900375421948e-05,0.0014979754099679599,0.017094684049111405,0.001638869937907502,0.0005843166928636773,0.0025861655889990016,0.01325932564340098,0.0036614878039561653,0.002010795747764983,0.006980597694322382,0.01307803898039902,0.004443480678313277,0.0016959437841099782
211.03608567229378,0.00265092565537693,0.029353882043283947,0.00044963520502829565,0.0003058897812157757,0.009175097498329959,0.021490498937654114,0.00020488206907693694,8.220303346705683e-05,0.005309462784738709,0.016163673250082323,0.0016400820034962662,0.0005290958456440189,0.007219837556748085,0.009766257856700085,0.0036529532964198366,0.001985295643021004,0.003117352432148755,0.015229390230837025,0.004439905486371008,0.0016950424859349363
210.99156329135025,0.002596931262600332,0.029404529842312167,0.00045020636998010393,0.0003066150021635946,0.009156299683007475,0.021330582320676885,0.00020543537508962983,8.754431321401179e-05,0.004981235640652998,0.01845619533618548,0.0016743470259556038,0.0006085152175297376,0.0022882104440837643,0.009157612869225153,0.0036765409195542434,0.0020216399715358175,0.006631977056465075,0.016144759305124642,0.0044426080746895105,0.0016972946151134717
210.94705969225905,0.0025721619969346844,0.02937639454358513,0.00044993841720660703,0.00030523064679561585,0.009254988206798686,0.02134347209178154,0.00020933424815003973,8.53963868723099e-05,0.0029149218517881947,0.017003995080452212,0.0016718328060890567,0.0005478194388828972,0.004660854214782761,0.011974479684128033,0.0036394948544687827,0.001967669908734892,0.005523694818047618,0.013577150207504069,0.004440474453044167,0.0016931021256064197
210.90257486313794,0.002567696404866477,0.029414921155479064,0.0004489841084877391,0.00030615018719497907,0.009397903500796586,0.02144113334708459,0.00020282512681095888,8.798957479858742e-05,0.00011373284691374732,0.016890605260605974,0.001625428121303134,0.0006304354065903454,0.006028146804288331,0.009833944219794276,0.0036509628504412034,0.0020294864703255555,0.004250798625896823,0.014670925688292077,0.00444224748579589,0.001694243494834451
210.85810879211473,0.0025228816457076105,0.02937633965351663,0.00045084793710832094,0.00030585148167714733,0.009049784341133266,0.02134147237472319,0.0002057146710820072,8.491919637291292e-05,0.006566740423897878,0.01825714029533282,0.001656220116814465,0.000582662650012527,0.003068125044000709,0.009667686373446949,0.0036637570413119037,0.0020188400085914084,0.005400201843535225,0.015150477103142258,0.0044449686133955476,0.0016958933447667685
210.8136614673272,0.002518995757422672,0.02956124381736956,0.0004486068640041394,0.00030545984462558345,0.009223383646138178,0.021288956674934505,0.00020230214992670014,8.205692303171205e-05,0.004872433929744682,0.017557179102962964,0.0016200161157489297,0.0005274371878672113,0.004321350771933563,0.010963472631162577,0.003648612520976928,0.001983529162175086,0.005098299061102429,0.014212028386154367,0.004441615021033584,0.001694262131068265
210.7692328769231,0.002635252896222219,0.029447571204123286,0.0004486082436022504,0.00030824884643447444,0.009380345778961045,0.021187081823435962,0.0002054230055556771,8.566812358336904e-05,0.0014642484284077392,0.01955002698399528,0.0016693492369503672,0.0005798750980472797,0.004013032684466164,0.009458576222027542,0.0036734461897573625,0.002006136708296259,0.004917495079011775,0.014879150062654055,0.004439341391718952,0.001696930933629576
210.7248230090603,0.0025957333470616557,0.02946113519418419,0.0004504790668688797,0.00030727232196018733,0.009344538027388983,0.021365495231569498,0.0002067945222203756,8.223850508080918e-05,0.002223634351754313,0.017080386122863753,0.001674023932645262,0.00054170502505925,0.0041143550555828206,0.010357098936758498,0.0036598575344559685,0.002010702522779188,0.004980893688353028,0.014577035447008009,0.0044393838110897785,0.0016992277165331394
210.68043185190652,0.002542553330542267,0.029495633303955802,0.0004506043795584493,0.00030706153770038624,0.009288954975819637,0.021312405098834638,0.0002049256477944664,8.49220392647889e-05,0.0032474778249266833,0.018117854049863283,0.0016906216884361163,0.0005776907803702027,0.003979474058380516,0.010143675322279678,0.003703995757396691,0.002010891682862182,0.004712591078608003,0.014352303578290546,0.004442798328775569,0.0016917858733167513
210.63605939363944,0.0025635728265752398,0.02941852160012118,0.0004522423312869477,0.00030628871076431073,0.00925925659664095,0.021117889295288822,0.00020392135743013155,8.763891105180252e-05,0.003445055201561625,0.019259434848245372,0.0016414595886883796,0.0005826882100195358,0.0045280921990090775,0.011230140072064925,0.0036629611517594164,0.001993137896911768,0.004626463810996857,0.014711208566207834,0.004445284325922673,0.0016942081223638129
210.59170562244688,0.002566254763709725,0.029538538145669573,0.0004495380041864836,0.000303412178219296,0.009242891681007233,0.021309039844963622,0.0002050323256926683,8.587623102931841e-05,0.003923759615999031,0.017317231648306692,0.0016765914424176148,0.0006064502988256172,0.004294296384101905,0.010510457932155068,0.003683676251966558,0.0020321920920302193,0.004805861976852525,0.014610366459037388,0.0044364694093225925,0.0016950372866201377
210.54737052652632,0.0026341140635600625,0.029484747304435874,0.0004498718405046191,0.000308290818443739,0.009288122092334834,0.020979886630301564,0.0002075338754068193,8.270947278483886e-05,0.0031883889346250496,0.020869476480109832,0.0016742023742671492,0.0005442629948098711,0.004571845851038351,0.011136305678026138,0.0036540644581796343,0.0020058707723924142,0.004703456356749754,0.01467825782210384,0.004436255346592212,0.00169641349019422
210.50305409408548,0.0025592377080920965,0.029386456259463536,0.0004481092660995472,0.0003089725011202443,0.009545452266713975,0.02114552083969494,0.00020063317561041404,8.738018711844804e-05,0.0009630150150632558,0.020103886607317285,0.001631778757218322,0.0006006948497815701,0.0042568327893383355,0.010600147902152433,0.003676196158740128,0.0020145437265474677,0.005064203196619888,0.014567883718899983,0.004431539399670082,0.0016943167318589625
210.4587563133418,0.0026177875253643847,0.029474469688450883,0.0004487666656493167,0.00030413402740490204,0.009306775811276792,0.02137712662650728,0.00020328825675461205,8.20127605356664e-05,0.002686861615073901,0.017070884338650377,0.0016686180343351892,0.0005376083979940452,0.00437301441447228,0.010676765762816518,0.0036941503933053898,0.0019877655525333254,0.004916893288019788,0.01467782869936324,0.004444597132980137,0.0016907661948079046
210.41447717252265,0.0026503624464805486,0.02947442865685273,0.0004488413935724495,0.000306835191885191,0.009461125300010713,0.021269023975952126,0.0002072943562008088,8.309000621471985e-05,0.0007768716382654772,0.017446184836024194,0.00167687217682788,0.0005743396926256076,0.0051035274026148105,0.011235063380224095,0.0036634493375038704,0.0020302650653470197,0.004985550583238894,0.014514741425237032,0.004439878308628356,0.001696652804079123
210.3702166598654,0.002600207592849852,0.02946839649905741,0.0004461808118427651,0.00030695313355167574,0.00927683534717169,0.021151443792385417,0.00020512082620789023,8.615022024566346e-05,0.0015153273653879054,0.018763099264723915,0.0016724338988748668,0.0005412511736074998,0.005655789402232222,0.010924767692091372,0.003683757329623537,0.0019579963195211665,0.004695833345537745,0.014989684946607625,0.004441524006832212,0.0016937256004288853
210.32597476361727,0.0025780925464875615,0.029461776292989184,0.000448601162014175,0.0003050779197052422,0.009317310568338299,0.021209683225815606,0.00020819943404448935,9.144647725661719e-05,0.0010722655648039148,0.018558990159857316,0.0016776790297678033,0.0006689996465421,0.006731456827379309,0.011191471980167667,0.003651846860272514,0.0020436226117797993,0.004595410399559732,0.01423113557597174,0.0044349513892330905,0.0016962931726744953
210.28175147203535,0.0025324808133676316,0.0293354416696164,0.000448563541326757,0.0003064225623437093,0.009417991376009384,0.02129667162392092,0.0002054883752630278,8.863843791296308e-05,0.0019960919302489475,0.018455684990207763,0.0017206529602450781,0.0005801138105838694,0.00395324539085271,0.009699573059944918,0.003723566964779548,0.0019818212130266917,0.005076538063772522,0.015189576986751838,0.004443303901109914,0.0016926171470377604
210.23754677338664,0.0026252527717459573,0.029495133409790816,0.00045024169224443375,0.00030635825043361613,0.009273098475648174,0.021485798880910064,0.00020346195545807902,8.539063043820649e-05,0.0052454464251101285,0.015304498629169445,0.0016259199149341586,0.0005797491891607065,0.005747332811294004,0.010111599030024147,0.0036398797625125986,0.002008135737828768,0.004693674613257464,0.015155956046708056,0.00443887402867261,0.0016966129066144562
210.19336065594788,0.002595042409809356,0.029438794790445217,0.00044973446902082606,0.00030498660425625894,0.009060734647963763,0.021251869875150462,0.00020334845108645533,8.704233879434802e-05,0.005453361109698287,0.01824692361839655,0.0016590414809781195,0.0005729759566231797,0.005067763062387141,0.010906331968893498,0.0036809729948940194,0.0019766832112607003,0.004338087269274314,0.014261797397685396,0.0044381364575001,0.0016921683965073317
210.14919310800593,0.0026055470026560895,0.02945408179269305,0.00044854611639815806,0.00030596767123587345,0.00931471224812203,0.02124462067875385,0.0002005821047243915,8.72962846721436e-05,0.0017046192375910845,0.018939729550620028,0.001620936332496944,0.0005937303413745162,0.004850107066883211,0.010064673693450196,0.00366376044121444,0.0019943664792572906,0.005449222304829516,0.014536425610347159,0.0044356268097573434,0.0016928089765206919
210.1050441178572,0.00261520403057899,0.02942836693674849,0.00044957630794296646,0.00030612946939927806,0.009334332168322213,0.021352270118551155,0.0002030038606052126,9.020265277752969e-05,0.0022175124005921303,0.01755477048337779,0.0016674278850234312,0.0006065327085386121,0.004616877142737719,0.009469355516162493,0.003694410443219506,0.001996244083743697,0.004297449960977189,0.015164867521039365,0.004441050431091479,0.00169521475437649
210.06091367380805,0.0026213848854198087,0.029418712039949644,0.00044971744072962286,0.00030588763398237297,0.009247183524703285,0.02128661387960926,0.00019962993952214506,8.274781100455977e-05,0.0016823779790689781,0.017609743011037977,0.0015874514610047443,0.0005310595569766215,0.006020908653668327,0.01131165878962918,0.0036413371221201626,0.001978193984568119,0.004446412005588595,0.014468832127777135,0.004434730254649109,0.001695043611726405
210.01680176417474,0.0025808827483465744,0.029378682780635008,0.000449199031987226,0.00030508670168055815,0.009122742669505354,0.021162097383972917,0.00020517295164664275,8.311954557430388e-05,0.004686358534316097,0.020497324599629083,0.0016866464934560126,0.0005512092202750845,0.004649186575097956,0.009630816788662722,0.0036898453467070105,0.001990001869446757,0.004081094038188608,0.014398031997711669,0.004441337796235217,0.0016921199695969953
209.97270837728325,0.0025432941053621645,0.029401238991601412,0.0004489433263546518,0.0003050813232611885,0.009536231904968847,0.021298970030351878,0.0002071383061737411,8.306485940556709e-05,0.0020968309635534172,0.01728150063656858,0.0016537468360333853,0.0005383250257072222,0.0044071391915277425,0.012089775422242493,0.003641922545346258,0.001993885953526436,0.005082890122729475,0.01366315286904083,0.004439836826923275,0.0016948038314072125
209.9286335014694,0.0025268832330122095,0.029437588807361144,0.0004488595504566925,0.0003058159354461655,0.009256866952671711,0.02138044159737449,0.00020372409971365285,8.301223229906335e-05,0.004593459065860367,0.01670905581513831,0.0016636711379186288,0.0005463672687432726,0.004498323753736734,0.010472796323028928,0.00368342088778139,0.001988941009418647,0.004952056774602545,0.014600350720723907,0.004439760760773983,0.0016933020896282719
209.88457712507875,0.002584990092971481,0.029460528783061345,0.00044897915193123567,0.0003058443181005298,0.00922190313046632,0.021537151828020813,0.00020572491840194126,8.573601572502291e-05,0.003612074244477563,0.01489156392927578,0.0016904376895017959,0.0005411938453544681,0.003926425920050051,0.010644293878858265,0.00368726607380527,0.0019597600501065154,0.0051075753658581255,0.014288177952411997,0.004438522114086837,0.0016938617681753671
209.84053923646667,0.002661732741865038,0.02944033050628322,0.0004476537278773517,0.0003052614383133711,0.008945629441069157,0.02141436911449763,0.0002067780421971071,8.454352358706871e-05,0.006323906718696604,0.01665524134404733,0.0016611716944488714,0.0005680768467161938,0.004759393345718724,0.009962620898242841,0.0036475320399181363,0.0019948734869268962,0.004830079258096618,0.014909028940474101,0.004435581388570872,0.0016926073085358085
209.79651982399835,0.0025911318186210308,0.02937050979877102,0.00044752275050004075,0.00030513905481417746,0.009198519147851225,0.021232968861906558,0.0002093126081620753,8.658724250286371e-05,0.00295254565937787,0.019254359299677774,0.0017396650998820497,0.0005730034994202845,0.005523421800093819,0.009900113964954287,0.003707445426010336,0.001986535467406809,0.004627793830823329,0.014292873882401611,0.0044384331506094445,0.0016946502435172734
209.75251887604867,0.0026011793616566694,0.029396088490137005,0.0004479737839864427,0.00030587448575192987,0.009061911327887478,0.021125928395900245,0.00020364380913776814,8.605456682576356e-05,0.005907674267619183,0.020536335585756613,0.001620594484488128,0.0005503000736337946,0.003424093253788464,0.009527591889412804,0.0036365214649943314,0.0019744763032347496,0.004767064456338223,0.01471758272725142,0.004436591923403487,0.0016969019578695396
209.70853638100235,0.00257642295965079,0.029398040593926818,0.0004487661166868988,0.0003053911797610224,0.009407714034392962,0.02110937956478239,0.00020036947256778828,9.169243637562666e-05,0.002018786941898473,0.01963942490746368,0.0016300496541166527,0.0006365869289841372,0.0038195361928498165,0.011091371238328328,0.0036824812958465153,0.0020104135655492936,0.004902520351661446,0.014392659939021737,0.004439656051496993,0.0016967853268583383
209.66457232725372,0.0025885728837313285,0.02950374982398936,0.0004484856449519199,0.0003049189438280242,0.009174582588372138,0.021522961105977442,0.00020239614675701266,8.465693127253565e-05,0.004337736344477187,0.014720013264505252,0.0016182799014252446,0.0005472034167720314,0.0036219546312447003,0.010515015277489544,0.003648648328156573,0.001982819752843956,0.004736875822375222,0.014791397363383748,0.004442439653371743,0.0016967285746703898
209.6206267032069,0.002622509352174439,0.029469454144657743,0.00044943452886293437,0.0003051794878487827,0.009255054158860777,0.02121339654579725,0.00020368262081486572,8.873887714557952e-05,0.002514499310684893,0.017752570245788486,0.0016737010237756127,0.0005946308482870931,0.004960104309480558,0.01156231375966883,0.003687211090079379,0.001991848888555527,0.004851259839012749,0.014437491547559335,0.0044389980207618,0.0016922501912046697
209.5766994972758,0.00260144029796644,0.02939866374428499,0.0004478587039773044,0.00030537659909564386,0.009183965740020304,0.021411459262868696,0.00020588760292114346,8.782354482526534e-05,0.0022725037583695164,0.01599210020734159,0.001687883536084264,0.0006099877009516045,0.006093940077705506,0.011305453304572376,0.003704889737883819,0.00201282508441014,0.004629638285083317,0.014632259941834034,0.00443868611982592,0.0016954951786440431
209.53279069788397,0.0027077903549576595,0.02949452210413885,0.0004490982826224461,0.00030536817504344164,0.00913772472873373,0.02117936032063582,0.00020514461761077978,8.691571316799968e-05,0.0031694388335097353,0.019747490426051107,0.001669633878465337,0.000594675518777405,0.0050439878674067495,0.009574767153810459,0.003672441978768399,0.0019958369200458086,0.004979190228352778,0.01435351804676303,0.0044388244399138545,0.0016915337133885221
209.48890029346464,0.0025359933969299462,0.02942197126958967,0.0004474032937126024,0.0003058537017213211,0.009333689850834626,0.021290936468043083,0.00020543010179720306,8.846886702100792e-05,0.002340670930888438,0.018025423205067944,0.0016982278781739351,0.0006323373160960651,0.004147898449099253,0.010228789772703707,0.003697274323010699,0.0020303601728588355,0.004585124387246703,0.014598494395027273,0.004438307447815174,0.0016913829599261953
209.44502827246077,0.0025772203597132733,0.029373403218243332,0.00044796922598596604,0.00030659448275404083,0.009241690317302315,0.021264199184668965,0.0002026636289420033,8.545009296638557e-05,0.0017336196447740864,0.01805370116312836,0.0016216500088498244,0.0005644038014229743,0.005755962712254589,0.010478866598465442,0.0036587779193200083,0.0019873790021122137,0.0048733567041516455,0.014640604962724858,0.004440315864535399,0.0016935202200298414
209.40117462332498,0.002625159349224692,0.0293565954127162,0.0004482972783026283,0.0003051260130489444,0.00927992631945921,0.021337687174061745,0.00020437693258769282,8.162747067998297e-05,0.003837940386451219,0.01814084079244302,0.0016690332484501527,0.0005707370276764949,0.0038422007406484233,0.009581723397138633,0.003673975563745813,0.002026423196682662,0.004771622787898602,0.014663289933401671,0.004436510439389961,0.001693306732709178
209.3573393345196,0.0025205819163355175,0.029559900841706635,0.00044942625830894276,0.0003066593785877167,0.00923364414950581,0.021121171272000038,0.00020426807276168447,7.998718420418301e-05,0.0035236766515723823,0.019013489605957595,0.001694526967536508,0.0005389720422301404,0.004502251358828653,0.010760006699106607,0.0037039643286606943,0.002036201902072502,0.004720518932946211,0.014656824881274521,0.004435681075950999,0.001696369153386625
209.31352239451658,0.002587283092600446,0.029318594149283218,0.0004515900963504598,0.000303629945614634,0.009215394760405693,0.02129768981316582,0.0002023228882212201,8.550432372259634e-05,0.00236561681144403,0.017975599031237417,0.0016907164754226705,0.0005868039744557314,0.005428866692543317,0.010437290718898097,0.003727770148618739,0.00200448902257724,0.004784261072969848,0.014448231095577873,0.004439338306511554,0.0016925706673672416
209.26972379179747,0.0026855100486784045,0.0294561373309112,0.0004490118049994098,0.00030728072581591177,0.00929138983607329,0.021405630011339865,0.00020645234880834113,8.990351528853764e-05,0.002043623928477886,0.016141968306574786,0.001729209478032278,0.0005938193808360183,0.004268956660673675,0.010727902298913532,0.0037237216338328657,0.0019697398025298784,0.004849341817480983,0.014547600968639343,0.004439621571511628,0.001691440164366712
209.22594351485358,0.0028242700520663432,0.029575571687888793,0.0004472625101501404,0.0003064896493081179,0.00912753260583594,0.021355743784543562,0.00020670383619570223,8.642673406200346e-05,0.003803272323633462,0.01651398897599966,0.0016745178147573704,0.0005469996258580333,0.0049734962052439685,0.010701900870073172,0.003673986594138995,0.0019598814290244272,0.004689279821606861,0.014428647690810247,0.004444324561027553,0.001691002778631315
209.18218155218574,0.0026928224866857296,0.029295965737225586,0.0004507121871083336,0.0003053943394797532,0.009235457683171524,0.021362577311827603,0.00020578894647500537,8.749914416877769e-05,0.0023920218554385935,0.017130132734531775,0.001703144010803613,0.0005744160747468328,0.004833624722392255,0.010485444202316568,0.0036838882746431604,0.0019851434215943835,0.00490247287604109,0.01473852019588047,0.004429687386015228,0.0016983072224238897
209.1384378923045,0.002811354411266596,0.029633879952250048,0.00044940670945790905,0.00030468379016903446,0.009126090387564992,0.021286071398527697,0.00020604576525512,8.669559945505674e-05,0.003552765978360272,0.01652442361057964,0.0016733586345448377,0.0005825291539020622,0.005023342304813425,0.011260981669917883,0.003669976966456265,0.001995163656582395,0.004842013922963975,0.014594266721630498,0.0044326863760214994,0.00169536136905278
209.09471252372992,0.003088066235817772,0.02942937772670982,0.0004505050650960778,0.0003050652218340166,0.00935592547737809,0.02128277245666911,0.00020232382432438506,8.884383074907836e-05,0.0011445807562348242,0.018333508125131473,0.0016548533457911724,0.0005723234865153956,0.005034771326205706,0.009873554692988954,0.0036744125456343716,0.001957662683833866,0.005060029974941173,0.014744293795724731,0.004428327563294007,0.0016923705642356327
209.05100543499165,0.0022520537814056996,0.029000267362464107,0.00044972387142063104,0.00030653331234875266,0.009289811941019056,0.02164007690503077,0.00020432271490528785,8.525037311281705e-05,0.002916342674676363,0.015048091225561286,0.0016611979404634104,0.0005832189086876126,0.004897248112313655,0.010041171860595827,0.003668256333267813,0.001997674257212278,0.004821101984815111,0.01461279041027109,0.004444269709603834,0.001686459215690123
209.00731661462908,0.002497511574182656,0.029290993049449758,0.0004486160443613502,0.0003036663248557787,0.00917735261334619,0.021437205458542823,0.00020614745291059868,8.724167953769537e-05,0.003546141469579558,0.017430727566150946,0.0016800290651103039,0.0006054681454168866,0.00510394160624677,0.009050377369633614,0.0036673200593745764,0.0020115905929629224,0.00455784742405289,0.014823671616027621,0.00443814974229926,0.0016954014330062951
208.96364605119103,0.0026402884312412738,0.029433051480194573,0.00045206419389505725,0.0003070825038041968,0.009167916947136059,0.021311389383865263,0.000207834489667161,8.799302391066796e-05,0.0033695599934717487,0.018148342889906223,0.0016882935604460195,0.0006097686373432916,0.004836046087602486,0.00989825942185127,0.003648606387773311,0.0020222198656707317,0.004642574093448701,0.014073000233614292,0.004436596489087805,0.0016933536687531784
208.91999373323588,0.0023979791690117848,0.029421633667307327,0.0004492672723411603,0.0003058446583918961,0.009304213412285156,0.021392970369173554,0.00020676122410390242,8.319607650444417e-05,0.0030876402037946227,0.016426145130395448,0.0016701730131905145,0.0005622282151287392,0.0042648774136164426,0.010896586257313077,0.0036605770772790043,0.0020248192088306756,0.005330505858997021,0.01483955257292963,0.004434377288710812,0.0016919100957048445
208.8763596493317,0.002507005832415075,0.02908367297033295,0.00044895616859540134,0.0003064073576123967,0.009261780907519194,0.021212122336724367,0.00020386533164042366,9.115248279224603e-05,0.0020411938432133145,0.019020532949051597,0.0016796697576671072,0.0006136108624559092,0.00622025424166875,0.010756913068389055,0.0037061476433020457,0.0019860792327689855,0.004521402737684342,0.014887442414359867,0.004436967526343925,0.0016928939309177856
208.83274378805598,0.002612394292270546,0.029359366094936803,0.0004477747349476538,0.0003066010195427897,0.009520905881219302,0.021430255181075473,0.00020037799689215428,8.965049300051964e-05,0.0010751176674811437,0.01623816362840123,0.0016191129446121973,0.0006006026097757924,0.004849780135496109,0.011084284845252623,0.0036598985507071153,0.0019934376210788635,0.004684691343296619,0.01412526838813571,0.004434459911917032,0.0016931340680152974
208.78914613799586,0.002660104412278309,0.02909325859241723,0.0004492439840458039,0.00030472408110014063,0.009111666110804049,0.021319407928014695,0.00020285765502739116,7.657860236248929e-05,0.004138084884989084,0.018170598979000824,0.0016378647452798395,0.0004847353802588285,0.004191231336787338,0.010258337151960794,0.0036655497578767806,0.001987832896540763,0.005119860534162604,0.014715472331362082,0.004434886272779385,0.0016932243891913295
208.7455666877479,0.0028191248757691223,0.029564807396911568,0.0004498972111268601,0.0003056892755991941,0.009652786258164497,0.02112186113943537,0.00020318818407427902,8.452074113705006e-05,0.004713037371466742,0.019687324015535173,0.001647344899988759,0.0005473236754907542,0.0062111413754361985,0.010719015514943838,0.0036692218387851796,0.0019749191095687177,0.004613481046925674,0.014385741676364817,0.004435631666243473,0.0016910093858629517
208.70200542591823,0.002436926801457507,0.029402017679085415,0.0004516429672706447,0.0003065714282505679,0.009275360473879654,0.021837532096912398,0.00020555125090861121,8.226701806095432e-05,0.004904060852139665,0.011549257192759569,0.0017012698158489572,0.0005061463570620411,0.004757974902431952,0.00991074555262587,0.0036921264016162316,0.0019578835917295136,0.005059267568500435,0.01478008521292027,0.0044368849544209835,0.0016954429254248777
208.65846234112252,0.0027102599946944323,0.029388483978300642,0.0004472834456493232,0.0002992163892463057,0.009054658633598136,0.021291254004173508,0.0002078475344281001,8.346757318188305e-05,0.005219002132437393,0.018026569817059815,0.001689262934037148,0.0005850605089995014,0.0047084372174993816,0.010927039295965255,0.003664381473862708,0.002013554394449231,0.004221775065487363,0.013651293751392526,0.004433819693312009,0.0016914799158541495
208.61493742198584,0.0026336642623189764,0.029538585790251197,0.000446268587406747,0.0003036128618535383,0.009292698815415884,0.02138354072679244,0.0002010199196785423,8.55524155469574e-05,0.002358195658816038,0.016545850195439575,0.0016414456438088026,0.0005760050003624199,0.002487546410251087,0.011326885900072864,0.0036879854744531508,0.0019976506064085663,0.007074092170297228,0.013929802109796942,0.004439718290363147,0.0016900784276677216
208.57143065714288,0.0025686536500223018,0.029375146923461957,0.0004473180056773161,0.0003046170954072385,0.009093210909648788,0.02145523639733378,0.0002035683989791101,8.205090123769877e-05,0.004275245849073061,0.01601955400270804,0.0016407773927070981,0.0005404139170976208,0.005026931502080014,0.009088364114269928,0.0036690915435067836,0.0019849936540153705,0.005517724376123284,0.01586299187279794,0.0044351567989159724,0.0016918434165817738
208.52794203523774,0.0027057271034160993,0.02944756135850448,0.0004475454157519843,0.00030759779778128743,0.008889792215643464,0.02126916809931723,0.00020386266443610875,8.394493327970795e-05,0.006945666647750803,0.018567944533837033,0.0016652998806069702,0.0005535341553708314,0.0039045044994951133,0.008949451443542408,0.003678155271567952,0.001987026218707174,0.0053140941832475405,0.015271545830945555,0.004437038914213527,0.0016933548187935859
208.48447154492393,0.0026593322444907245,0.029384783488997826,0.0004502740006339802,0.00030397336263934734,0.009089318209527143,0.021017323881933437,0.00020640339372391195,8.2528601940803e-05,0.004483391457696707,0.02003802404519723,0.001655773769217628,0.0005322583942320787,0.005849592233384932,0.01046670219961506,0.0036440609299986156,0.0019764892265222694,0.0034981516050888216,0.015810399893255923,0.004433090522047525,0.0016887586501112474
208.44101917486455,0.002682038461854317,0.029503204805808744,0.0004467976086481494,0.0003110411657636373,0.009382175048507559,0.021264795562445264,0.0002067161812818985,9.05347071595339e-05,0.0018868387082333826,0.017941787164016256,0.0017011470639034796,0.0005860097917511907,0.005098765354268035,0.011465949396474509,0.0036910154521398683,0.0019669037114607964,0.004615843549519019,0.013539861610227745,0.004437282561370533,0.0016899968979153341
208.39758491373203,0.0026079461599085346,0.029479923103298365,0.00045179769847925445,0.00030435901520416635,0.00911806058472216,0.021474361933712136,0.0002062896397425766,8.392873394136896e-05,0.0055894448840948414,0.015135660829659928,0.001708491527882307,0.000565939832168326,0.003839343205790278,0.010517281382104154,0.0036918995944621013,0.001992909731482882,0.0045866953642002975,0.014442704179175488,0.004432445271118974,0.0016880132020074719
208.35416875020837,0.0026732162241360005,0.029505831766367608,0.00044792360758020905,0.00029826701362182877,0.009003024050435153,0.02119230593283315,0.00020613732923705186,8.503114233306491e-05,0.005323386875686925,0.018105485008061355,0.00163184051573583,0.000562554262580595,0.004694935451994875,0.011682773803298924,0.003625896103583505,0.001978837278150167,0.005485824374050834,0.013727534725516273,0.004433309416847477,0.0016925909519002805
208.31077067298483,0.0026395382364027566,0.029517306586543595,0.00044841127378274145,0.0003039217904007475,0.008920929944045664,0.021187298406864653,0.00020668005250823593,8.344420388771148e-05,0.006142930374824454,0.0190432153174327,0.0016618277285581926,0.0005592160515031438,0.005222059417467294,0.009551995599621218,0.003642665528923671,0.0020108670651289664,0.004740391412414006,0.0149545832611396,0.004431920659945386,0.001698966261061584
208.2673906707622,0.0026260159809021327,0.02951682160913713,0.00043839602628431774,0.00030472702081251536,0.00893764141554925,0.02085279490519066,0.00020725443163972698,8.738018138983472e-05,0.007079895759085712,0.02338380326888686,0.0016484676334454409,0.0005875815074630062,0.0040528870169571395,0.010614627286583272,0.003658681890907101,0.0019887472240153895,0.005033828408683523,0.014191881613310166,0.004445502305225557,0.0016898993913995975
208.2240287322507,0.0025615639062742403,0.029630397377591277,0.00044309578736592236,0.00031209261032936667,0.009204634636372118,0.02099725263515211,0.00020551602256580268,9.04366416342124e-05,0.003514695896190319,0.02014246904364597,0.0016606342423664529,0.0006000230838323537,0.005183800319893553,0.010881201673429495,0.0036635170125494283,0.0019789205352396073,0.004713429743557608,0.014651258081132287,0.004426683973260969,0.0016824001951262582
208.1806848461699,0.002574483370355621,0.02942839912090653,0.0004450277686950161,0.00031332587073744985,0.009552797391521102,0.020943719350511647,0.0002070173260655272,8.971646620469252e-05,0.003111958473107139,0.02140444611610766,0.0016811728279573501,0.0005757399136771947,0.004412575438027526,0.0111230494750308,0.003673011169315954,0.001989301543548406,0.005087335679878215,0.014049640136123729,0.004433215084688813,0.0017026206446758632
208.1373590012487,0.002715772658623047,0.02959620080173279,0.0004489869824904991,0.000308110507662504,0.009356929343389248,0.021426949507388025,0.00020702943627624493,8.99563206489215e-05,0.000993156988425977,0.015622931676651878,0.0017176578498336297,0.0006147114512444143,0.004722798238905931,0.010395087071697852,0.0037105371011191134,0.0019890493573176313,0.004739488127993528,0.014827528425335107,0.0044488891545479145,0.0016841220338075463
208.09405118622558,0.0025176515663006983,0.029527278332072856,0.00044783348573276127,0.00030518176497632216,0.009173921506512677,0.021116063864383056,0.0002055558083236314,8.767316756612676e-05,0.004384305468153595,0.019607824101764194,0.0016551203827763709,0.0005978436535217819,0.004809693633539325,0.010422230875221638,0.0036417574021316117,0.001991930577420738,0.004884947166571217,0.014356421609210865,0.004421745882761723,0.0016803645126090144
208.05076138984816,0.0027568861320643122,0.02936787924141487,0.00044214092512546836,0.0003130815349021161,0.009186930283804655,0.021335993187367668,0.00020726593428454728,8.760827797729765e-05,0.0028464792302437137,0.01692755720592676,0.0016961932635647364,0.000600452233801142,0.0051323524339871186,0.010525475297569375,0.003683972459728886,0.002029755313334059,0.004531828551994008,0.014584029037293302,0.004434319814779755,0.0017008090006028636
208.00748960087358,0.002722090271821989,0.029765144499942282,0.0004526168880708504,0.00030766019196150406,0.00932097520079834,0.021137398186232923,0.0002045384989360572,8.46554891746938e-05,0.00398795688956942,0.019085212976675394,0.0016210095797753873,0.0006014747938273068,0.004883322320989452,0.010755348519781422,0.0036215271182011037,0.0020223298180319905,0.0048412213566023776,0.01425332655636014,0.0044358893316121875,0.0016791608969863512
207.96423580806825,0.0026410088258081174,0.029516879546445638,0.00042893464688080945,0.00031539696431150463,0.009103925547729635,0.02138213940313176,0.00021406769077619408,9.066356409595606e-05,0.005391812799926252,0.01661907551669736,0.001702233703764037,0.0005774102158459487,0.0045946287984829585,0.010241442545890876,0.003652040643686159,0.001966613698467061,0.004790200303232452,0.014470738321588726,0.004426230901153547,0.0016841919188718894
207.92100000020793,0.002656157886293954,0.029902646817631155,0.00045487641951514056,0.0003302959920275355,0.009145694142837517,0.021063652495838688,0.0002031129347154427,9.149882096334141e-05,0.004053996121691347,0.01883982939467111,0.0016766463902517582,0.0005706324049920262,0.0040543233509505484,0.011148672749077089,0.0036739955122530926,0.0019822015355098577,0.005053969914420095,0.014462493106689902,0.004420021377679608,0.0016806396502425124
207.87778216607776,0.0020457973502812526,0.029450005583702917,0.00044904097320850835,0.000322924016027725,0.009027860017452845,0.021207036231994478,0.00020400056673291643,9.08361655203542e-05,0.0059065829192095284,0.018426202169828862,0.0016590274785557406,0.0005784651535819303,0.004767283665735778,0.01056822482508468,0.003664662463000866,0.0020083178856973886,0.004777870786824208,0.014492681345794374,0.004419651153123367,0.0017092192491268419
207.83458229447217,0.0030160438631984666,0.029543170133183486,0.00046953214865344637,0.0003307414544917002,0.00918642558663524,0.021180279212483926,0.00019628849616560941,9.352255659716567e-05,0.0027641291954376723,0.01955743927291387,0.0016349377493844798,0.0006209907905381346,0.00471634119020813,0.009272739967605494,0.003667741307475617,0.0020350313865052727,0.0048609888963879865,0.014637199462252682,0.004434446963419772,0.0017011808946819286
207.79140037419492,0.0030864313041419856,0.02892640770011343,0.00047194680743109074,0.000273038495113555,0.009009605677969936,0.02110760622081679,0.00020213745407520855,7.124813839104556e-05,0.005142754338850416,0.020434495151705225,0.0016764145202759872,0.0004795358557961087,0.003973651241813154,0.01058977189049789,0.003648450864705613,0.0019742729061299658,0.004692634854523877,0.014511690853660487,0.004432225876816319,0.0017024737961359247
207.74823639405903,0.0021795945731686263,0.029319351320144443,0.0004557018024144695,0.00033363053626744887,0.009407897631237677,0.021032045049505167,0.00020471863129653686,9.256938028310417e-05,0.0016754491109793924,0.019495338572385456,0.0016498009606867945,0.0005311702388077627,0.004163928875930244,0.011740281380096014,0.0036428872623089584,0.0019544560868414215,0.004860245010085367,0.014606123889778095,0.0044403226430076185,0.0016866873062259913
207.70509034288682,0.002548638496405844,0.02915845433352039,0.0004116565156032075,0.000327708162020309,0.009303764081299017,0.02132296774273221,0.00021796549490144768,9.036975781024877e-05,0.002279660041836934,0.016610949436438323,0.0016712064102456683,0.0005828956498280973,0.005027354413046745,0.011656622177575283,0.0036398668038078856,0.002013775163417934,0.004648837022136956,0.014479954345961835,0.004435449502381935,0.0016915473871368517
207.66196220951,0.0025503388286811377,0.029344876706931772,0.0004528319192334819,0.0002891660517136312,0.009136779410725953,0.02132924904140557,0.00020752649896742118,8.330765282388037e-05,0.004348821830390717,0.016235375730166254,0.0016559950339414752,0.000569150436213515,0.0043807877886929735,0.011774486510646522,0.003634563273911803,0.00197199583562609,0.0048812713672896565,0.01450585513035851,0.0044376954992335176,0.0016922079006460606
207.6188519827694,0.0026002000932661778,0.02944788089315781,0.00043481464156439043,0.00029807701351805104,0.009149260508549433,0.021394357840579702,0.0002092346053938116,8.632757215036034e-05,0.0026919892880060887,0.01570256682382422,0.0016409399374592516,0.0005830590387181931,0.0057189061246267605,0.0110512828509646,0.0036339021618197465,0.0019829531018496086,0.00479289506279918,0.014515839054581934,0.00443395863270234,0.0016959067046012145
207.57575965151517,0.0025762228234922327,0.029399584676806405,0.0004417083674115969,0.00030060406532254587,0.009052408902015427,0.02136535100820175,0.00020884900471853827,8.421791718732511e-05,0.004943560537691388,0.016645271900605066,0.0016777841921713794,0.0005792186777055423,0.0047810167922348904,0.010762839993673598,0.003662825753719337,0.001999829872859656,0.0048708365696664094,0.014584144928759622,0.004434454385716147,0.0016938311534766652
207.5326852046068,0.0026299582313757596,0.029395362084401574,0.0004441438129077194,0.0003069196499903758,0.00909237906703362,0.021202338503757086,0.0002060479063500413,8.96491821312074e-05,0.003920944704001217,0.018809882470594553,0.0016801283294947949,0.0005804708918773916,0.005145964313434004,0.010362054406778466,0.003678101392934759,0.001962695815782549,0.004841406174964297,0.014505312210953894,0.004433591322792771,0.001687755672517461
207.48962863091288,0.002530350531547655,0.02948640653080785,0.0004434262547794125,0.0003043073592457488,0.009148623113286743,0.021007702181514862,0.00020674776562719689,8.608266458661978e-05,0.0041452241912613656,0.020552503972079448,0.0016392796770565983,0.0005898837852514146,0.004250892797746951,0.010818402233120807,0.0036368505969904966,0.0020090386138891343,0.004802734990061465,0.014488906551972408,0.004437176298654731,0.0016943270149319943
207.44658991931138,0.002498597152902442,0.029391152920660173,0.00044682735265362116,0.0003110777383559553,0.009146385468158366,0.02112302174071872,0.00020626566068261841,8.863463752015206e-05,0.003670630991644663,0.018316909224009983,0.0016508213703220666,0.0005763654395314883,0.005300199252656101,0.01172781267734912,0.003638807333135391,0.0019863545632765687,0.0048840459201616795,0.014545544544460234,0.0044292318355321995,0.0016940543072718167
207.40356905868938,0.0025573280470387438,0.029371477885980705,0.00045612949105128784,0.0003084925623931158,0.009262278148540849,0.020919052275035273,0.0002006575573448603,8.53344255739925e-05,0.0020622290464287064,0.021057021656605064,0.0016307412277210924,0.0005500411555175465,0.005846579861572102,0.011657014749497136,0.0036592321976086357,0.001989239158793519,0.00466383967393119,0.01449985888615324,0.004437840383588504,0.0016934714755305615
207.36056603794322,0.0025511849218548006,0.029377003851113803,0.0004488657469901266,0.00030169068282035437,0.009155882021848794,0.021302316237699757,0.00020474202264384947,8.240384126091173e-05,0.0037325256298055137,0.017341197373788968,0.0016462864122158,0.0005357927739931694,0.0045869438199572805,0.010654707814781518,0.0036479075519354636,0.0019833100692219115,0.004920630442295973,0.014454882094765297,0.004435748638415865,0.0016946009172056301
207.31758084597848,0.002525028045973126,0.029363624402481803,0.0004450653974229271,0.00030836428437912826,0.009059291375766929,0.021005833297152787,0.0002051327591300131,7.987616094526068e-05,0.003632738661028012,0.02019223371422161,0.0016215035906722872,0.0005097714765488853,0.005928806084555494,0.011417350721314792,0.003631325301625306,0.0019892539235974566,0.004762747953725068,0.014453457198793313,0.0044329502806489665,0.0016906573858471302
207.27461347170987,0.002597619601334507,0.029357095543713102,0.0004496257980173932,0.0003052574683563087,0.009329005763258374,0.021086346556890366,0.00020385575048759486,8.872544167373059e-05,0.001018266450220093,0.020510542589224048,0.0016384972258504545,0.0005982119784987042,0.005494636519582781,0.009696815621220715,0.0036519113486993882,0.001992857180265844,0.004867291479718422,0.01455189649933072,0.004436647291765028,0.0016914873961299517
207.23166390406138,0.0026024316924894535,0.02941699456827878,0.00045174209552211326,0.0003055810187030776,0.00910796652988096,0.021241599043361994,0.00020512031094879318,8.32025791819458e-05,0.004526950540552397,0.017415871075330713,0.001662210193498361,0.0005564036787001273,0.004053977336231056,0.011360386712225673,0.0036520355713577524,0.0020032697312624254,0.004886548912367905,0.014462575016686303,0.004435783207912532,0.0016938119842714748
207.18873213196608,0.0025350082150699593,0.029405443144648984,0.0004460274271763219,0.0003066534970553043,0.009409321958683178,0.020957252137967897,0.00020552641677639848,8.681511270979945e-05,0.0041848184390002405,0.02125969599190649,0.0016432179906258164,0.000605545855237451,0.005309982584455769,0.010650351953341831,0.0036424743217576515,0.002024425320620687,0.0047572486939384895,0.014452011445678445,0.0044311294482551646,0.0016944239604958686
207.14581814436622,0.0025635141280064117,0.029426461438311267,0.0004434107528997161,0.000304877585994988,0.00942569390235022,0.021392977903448948,0.00020559371302349074,8.456434267101789e-05,0.002320885649830751,0.01600115340129477,0.001631397657287442,0.0005515496811462246,0.005157607715976361,0.01058946167308076,0.0036263295964472767,0.0019879250934752278,0.004837820202471623,0.0145815144689511,0.004432980261376082,0.001695683093469868
207.10292193021334,0.002598211891534447,0.029423057730849748,0.0004465153060297316,0.0003072236327530066,0.0089439815628532,0.02117496016382176,0.0002135503413322994,8.095953945807246e-05,0.00677757242845256,0.018014105339314416,0.0016993768740923307,0.0005252163168507953,0.004211742118498582,0.011595144040644656,0.0036182420011579798,0.001993041733126143,0.004591075833990764,0.014515092544357254,0.004431591257811592,0.0016889063411362143
207.06004347846795,0.002560896826579276,0.029392690069612846,0.0004463643571581113,0.0003025366447175399,0.009246979333308886,0.020924494952745468,0.00021263759797457034,8.767396790118764e-05,0.0017089203840117758,0.020969373237547665,0.0017248705725111029,0.0005827008765526983,0.005385923441742159,0.011404755688839268,0.0036546384867225472,0.001977584951161538,0.00483292150329327,0.014557182742514396,0.004434621344096711,0.0016929682272701747
207.0171827780998,0.0025391891461561534,0.029423984340342504,0.0004468518474755972,0.00030412689415403293,0.009380279521381717,0.021171078249320147,0.000209697085662537,8.967418520286549e-05,0.0019171185815683748,0.017642450546164288,0.0016765282191979192,0.0006452300560320055,0.004553526931152005,0.011657790278562678,0.003638520070372943,0.002027960827993596,0.004819630776770134,0.014404048120852473,0.004434754976517506,0.0016932516607935592
206.9743398180878,0.002575831958690367,0.029372991618921228,0.0004461174691077507,0.0003020305581845284,0.009295717047912565,0.021287765643532054,0.00020250556124172452,8.734002670399935e-05,0.0019027195473740187,0.017074262550802684,0.001633243214330238,0.0006206606293367345,0.005373845763615823,0.011090721979567278,0.0036661428097576327,0.0020215126966942718,0.004953588967051634,0.01455922005569065,0.004433654151139231,0.0016949292064760227
206.93151458741985,0.002536290425081008,0.0293497329810217,0.00044212857153916974,0.00031930162760300545,0.009051784092981529,0.021116035816633568,0.00020072259872452403,8.841624082915519e-05,0.004765244889545449,0.0186437989806649,0.0015603295464298524,0.0005555785081612809,0.004781967331470367,0.011598019140112726,0.003611636566921986,0.0019925311067512017,0.004740584053218128,0.01451030557528077,0.004433258144158053,0.0017014909543966686
206.88870707509312,0.002269385457160706,0.02928248270042202,0.0004561580784708585,0.00030837560133336277,0.009191050279206343,0.02108951286728627,0.00020293539287833258,8.428338714543429e-05,0.0038759966752747546,0.02002600339672335,0.0016336835943936926,0.0005543061707194403,0.005554277299208429,0.010454418273805199,0.0036433267665507917,0.001994539621379893,0.004814505323796909,0.014618737463373395,0.00443934774127618,0.0016849976082028144
206.8459172701138,0.002743909574032048,0.029320363223361307,0.00045033213263405897,0.0002992384115753421,0.009227020512361786,0.02112132544654925,0.0002050548235463636,8.370406338494074e-05,0.003440543679602979,0.01947125766096448,0.0016263810419540115,0.0005655574641102725,0.004395438747776523,0.01049364419878299,0.003598356710562916,0.00198514007922224,0.0047759082845149564,0.014538566745587131,0.004417813023640727,0.0016855378393794455
206.80314516149713,0.0025696710052919946,0.029462439693491292,0.0004568435340263801,0.00031141524312278314,0.009194480179359315,0.02121551135216455,0.00020456835467569062,8.751351698078742e-05,0.0032862616430515525,0.016666775422342173,0.0016497728076466747,0.0006027645291603655,0.004376274424203919,0.01216346885962811,0.0036361051690709193,0.002045884726358133,0.004822967424513385,0.014597181847840379,0.00443550534959628,0.0017081764749844438
206.76039073826755,0.0025273141929996593,0.029433598539849313,0.00044490352930671637,0.00031361967849887927,0.009235224062654602,0.02134987291455843,0.000201092359290212,8.916419950269662e-05,0.002389281655244027,0.015401255285099249,0.0016437438675801078,0.0005660777205246046,0.005022325191024981,0.012153378992724008,0.00369745473354872,0.0019637721326637124,0.0048307684867459535,0.014356955466490564,0.004446260992444551,0.0016804967269891358
206.71765398945848,0.0025327776373443496,0.0295006042554483,0.00044920421808967173,0.00030580422523152626,0.009045866837906494,0.02129448452637037,0.0002065736571524588,9.444327049761483e-05,0.004296570341326142,0.016292225944803302,0.0015944412106925349,0.0005899189382949461,0.005662267944301337,0.011407820571347357,0.0035570287756898082,0.0019235693427159272,0.00464586597595462,0.014534022893059582,0.004410537679225581,0.0016841244239010817
206.67493490411246,0.0025774071297775393,0.029386762954673414,0.00043940803725641466,0.00030707777765676976,0.008845741549445939,0.021353629463768464,0.0002049543794237564,7.032090110260198e-05,0.007425079328665238,0.015921206341759007,0.001647198112080091,0.0005477547460012706,0.004955621413842219,0.011079670809137479,0.0036794552995948636,0.0021233844737827802,0.00486380832886416,0.014495020148604341,0.004435550859823569,0.0017080130155110135
206.63223347128104,0.002583977174985207,0.029442848529827176,0.00045323107597814306,0.00030103135321458773,0.009044675689913819,0.020957274536700828,0.00018275733769522253,0.00010242252220641434,0.0049700626111489265,0.019908432029816344,0.001608212725179809,0.0005390269945716561,0.00417425475104564,0.012238607554403976,0.0038122994191178276,0.0018065248376909176,0.004613770188949382,0.014483391288001395,0.004442094550103101,0.0016728249212671492
206.58954968002482,0.0025631693525617135,0.029403383519432905,0.0004481372720190982,0.0003020622120128221,0.009039945921112208,0.021296918135703204,0.00022504471318112191,9.994355747835828e-05,0.004701596116869451,0.016086001283562783,0.0016271069783924347,0.0005045883319044717,0.004833187628885771,0.012204628418176728,0.003440414285857938,0.0018010958886705885,0.004936908924233882,0.014699362102908427,0.004420654027414096,0.0016803562053744326
206.5468835194135,0.002570824650617746,0.029356836301229827,0.0004499933188581033,0.0003030241709678354,0.009051827078121317,0.021086419155958113,0.0002180069013098604,8.254179777188373e-05,0.004753979584574039,0.019604914171838694,0.0016597042395000256,0.0005405432157559088,0.005237720943022699,0.010995105731117335,0.003517060765270526,0.0019765015733821272,0.004689908030673018,0.014547499850532645,0.004411539696157779,0.0016750298121589278
206.50423497852572,0.0025740562518474872,0.029509157868627293,0.0004506090730337289,0.000297813491612238,0.009067533287492224,0.021292659933783643,0.00022085975097553545,8.763894901663569e-05,0.004551245059018463,0.01685686201275733,0.001635332945356296,0.0005837171309984509,0.004948866757614776,0.010927755733144853,0.003457657480783839,0.002011751855182334,0.004979287325309593,0.01483838463369388,0.004402216055011834,0.0017107069428006895
206.46160404644925,0.002528397155926783,0.029388178775489056,0.00044320037341616787,0.0003098471425250077,0.009086664803144545,0.020965939889225967,0.00020707181411307187,8.967328307855497e-05,0.0051598827614023225,0.020353893520006005,0.0016435856557451666,0.0006146639990109077,0.004181051973237282,0.01172623767445337,0.0036350982256836218,0.0020237605490711318,0.004670810265173396,0.014342033041745613,0.004430348910006537,0.0017037232572974614
206.41899071228073,0.0025095917899268295,0.029508082898145816,0.00044386312963237343,0.0003013930336212164,0.009142220887488778,0.02111763168946395,0.0002124280686225426,8.726307317578292e-05,0.0036786094305403944,0.018615947696145534,0.0016125211426458164,0.0005478972831455283,0.005757370521095057,0.011210662060612034,0.00355096523451823,0.0019616513852139792,0.004842894111229802,0.014679512804332842,0.004425449735822283,0.001700949780709143
206.37639496512588,0.002397663820945947,0.02933159091987042,0.00044215668074594955,0.00029648843974377066,0.009321593827913135,0.021141718144835554,0.0002000014678269085,8.886438472086604e-05,0.0018611770938723245,0.01860434555122997,0.0015726756570421294,0.0005954949529077382,0.004675151463957713,0.011328720353166689,0.0036342838557420582,0.0019654807774375973,0.004809489391476304,0.014317233803040392,0.004441198994299617,0.0016878328808693787
206.33381679409948,0.002615031852863776,0.029468201008085025,0.0004511114326393428,0.0002997140785039525,0.009143617265560088,0.021223894095409375,0.00021194264723847024,8.347638976048041e-05,0.004255933590345795,0.01770706189781356,0.0016346153085842739,0.0005421446341819584,0.004446754748503108,0.010921129190083603,0.003545896815396925,0.0019725639431636605,0.004756496358694361,0.014712276252276708,0.004422167889381122,0.0016907468201273947
206.29125618832512,0.002728930684028831,0.02935519130851834,0.0004546634242384941,0.0003050855027206811,0.009205136971380751,0.02144868350205904,0.00020268864580775574,8.664742964420426e-05,0.0033199455640077055,0.014230860259313818,0.0016122497322983982,0.0005552495101969943,0.0037368306921429667,0.012184160085821268,0.003619947928037154,0.001970434181983046,0.004889913392233558,0.014315727593951262,0.004432369751952618,0.0016932627122039515
206.24871313693546,0.002514608781238769,0.02935886634244107,0.0004529446676433466,0.00030588559180200415,0.008994905988457974,0.02119900013747807,0.00021255379994662853,8.784715158650638e-05,0.005319755160471453,0.01736872417436175,0.0016293075989132794,0.0005741578601734745,0.004968451876201365,0.011758529376998174,0.0035460991732194935,0.001989855583490567,0.004757090515444481,0.014710237548066067,0.004425245146234691,0.001696089293577708
206.20618762907222,0.002592181159168788,0.02934235174272298,0.0004490481159862638,0.0003078424135385569,0.00936982621853073,0.02132529219025372,0.00020569505660866563,9.088543907275151e-05,0.0004765082043229865,0.015616871882648015,0.0016353945588941756,0.0005825445087794569,0.005008722342906878,0.012312161432940116,0.003632328914841998,0.0019636249299286417,0.00519934439232451,0.014399168346694347,0.004436875260419471,0.0016892938391989242
206.16367965388582,0.002561059160218839,0.029335940654521952,0.0004528625365385074,0.0003047831296420681,0.009056536571796068,0.021502162613187707,0.00020665115703662158,8.577235775346455e-05,0.004867676538407452,0.015351910902347344,0.0016081634728973078,0.0005624418793174089,0.005315235461871293,0.010296438820200272,0.003577539605681776,0.0019748193556227457,0.004422730118241863,0.014514733032246579,0.004427616865002492,0.001691808586585775
206.1211892005359,0.0025756293135945248,0.029388761033676353,0.00045151181781553175,0.0003061937887293982,0.00899498275648777,0.02123267373500915,0.00020495563480548085,9.279365851256464e-05,0.005132927086766629,0.018016338756422563,0.0016060405546031724,0.0006265674711829235,0.005065136483018571,0.011140294953901803,0.0036019033516866013,0.0019840539810188997,0.004994451601402935,0.014630945971522367,0.004431434365974637,0.001691149546925638
206.07871625819087,0.002568617267335011,0.029385948312976418,0.00044904886381786496,0.0003045690507146563,0.009162491270702374,0.021013706669221983,0.00020490276096839726,8.479214986242416e-05,0.004509391183086583,0.020533687075251317,0.001667943295784813,0.000573086208149295,0.004319243669651438,0.010482828845428498,0.0036627856954531716,0.002003775040791816,0.0045250253857270885,0.014395327129284114,0.004425825179896515,0.0016923832716940026
206.03626081602803,0.0025617315912428735,0.029393200762064108,0.000447759056675373,0.0003049396890769181,0.009247151969852341,0.02110719183719955,0.00020462725789756518,9.12628832421455e-05,0.003753428397793883,0.018657624061045437,0.00163611386497716,0.0005657475308581527,0.004041266027862588,0.011672648949091822,0.0036373449991012187,0.0019508654165784857,0.004926222373509937,0.014553333673532703,0.004434732898614772,0.001690695347070536
205.99382286323382,0.0025323364293482705,0.029413520991016948,0.000450056171474287,0.0003013790126274801,0.009233556663857034,0.021154595713741765,0.00020344009824022297,8.404558520146431e-05,0.002557338769628823,0.01706238344758584,0.0016194067293929153,0.0005449960478677193,0.005159686848192992,0.012521891169175806,0.0036158907271143207,0.001982998893800719,0.004633141141284125,0.014349202812199527,0.004431188191737625,0.0016921780319107819
205.9514023890033,0.0025318071797653836,0.02936533040531947,0.0004490504592966966,0.0003080126886183545,0.009159941088888335,0.021159639379002487,0.00020502218643301227,9.023172890769832e-05,0.0033727152979478414,0.017948500807035913,0.0016200627833025773,0.0006013335948637107,0.0049410739609376374,0.01136827646810352,0.003612807497510589,0.0019870668587660093,0.004909879451965767,0.014842850544114184,0.004435184538272639,0.0016903540775810644
205.90899938254069,0.0025851966278776723,0.029379177161599674,0.000448061908536022,0.00030626277593250826,0.009258122286526234,0.021305622887728935,0.00020068488172356966,8.325658922443868e-05,0.003513041135897605,0.01690864067269371,0.001608152822011833,0.0005196757121949564,0.003361801464197017,0.010835993788348184,0.003639997570912243,0.0019608715307942145,0.004901261871925633,0.014463332630951396,0.004430922559338116,0.0016930530580991274
205.86661383305892,0.002533473474613539,0.029399127334110233,0.00044651314667561257,0.0003030840950397282,0.009280171786744859,0.02115479501412547,0.00020290903560985855,8.768078223230387e-05,0.002430865783647002,0.017534904610641142,0.0015938812719028536,0.0005842048562001262,0.004514844095431366,0.011886795473027277,0.003617596682717987,0.0019825508964089558,0.004584513423117179,0.014693828716960622,0.004433415067364077,0.0016924004502960929
205.82424572977982,0.002537223156224856,0.029394075793676477,0.000445088772091798,0.0003092372154596969,0.009329305497352284,0.021247101783933672,0.00020409055377670936,8.576616109875572e-05,0.0020235628854796853,0.017836016331314562,0.0016420821497497137,0.0005646233443648743,0.004346608129564908,0.010686570820653043,0.003648918597405432,0.001999023950144804,0.004854255071254322,0.014339846577356508,0.004428800831212231,0.0016975608372342165
205.7818950619342,0.00255158831764199,0.02940890785366551,0.00044715920906153927,0.0003048658839717207,0.00918777392943943,0.021354538737104464,0.00020632031360198966,8.339153189822912e-05,0.004741103824305908,0.015033092798144645,0.0016028281545813461,0.0005192937470398161,0.004189939102746332,0.011949657375385347,0.003589189991975601,0.0019674189407018912,0.004757531222034146,0.014848698331061174,0.004433275195477266,0.001693195754085896
205.73956181876162,0.002613080281660703,0.02939476477067473,0.00044793519639947584,0.0003049483732384269,0.009120461385113502,0.02127031969134523,0.0002020874252858199,8.441632838779603e-05,0.003936771740451034,0.01716011917780546,0.001637120411950839,0.000544577240461113,0.004254546295943326,0.01184859784405983,0.003657756482603966,0.0019798244219462993,0.005194151193818997,0.01432907907445535,0.004429863995304163,0.0016975257437893297
205.69724598951052,0.002554407823701408,0.029345638982585673,0.00045360115757781184,0.00030520031326047365,0.008932422382906114,0.021251133186897142,0.00020738564706534708,8.191858413348195e-05,0.006344559939367986,0.01743847508913747,0.0016050295466353039,0.0005228812512262613,0.004960986925743909,0.011510218276212894,0.0035785966047481832,0.001982219280344811,0.004379207755104603,0.014528515471863861,0.004432072558148111,0.0016926590266651748
205.65494756343824,0.0025882680835072774,0.02936415226450859,0.00044888152219860086,0.0003026609958216785,0.00893931121241331,0.020932112236649262,0.00020825711044176944,8.645928971988673e-05,0.006819189174969099,0.021051459842875694,0.001633907126347765,0.0005894103120304208,0.004191382113942104,0.011701901457608967,0.0036048146750521748,0.002017488552401275,0.0048217248079208234,0.01445819645466733,0.004431891821902861,0.0016999166015929535
205.61266652981087,0.0025674360335059205,0.02944197943194229,0.0004495149246848374,0.0003053174119864982,0.009397274875442077,0.02079941156449025,0.00020020341001700655,8.894777725081936e-05,0.0029356824282721224,0.022333415045979566,0.001627249893710606,0.0006079616802921503,0.005674791656441699,0.01144395688770021,0.0036709479971259824,0.0020078512782526993,0.004611992159455934,0.014214717678121033,0.004431283499281464,0.0016932707147323273
205.57040287790343,0.0025223462041129253,0.029339065782099053,0.00045012989370111947,0.00030641077342394844,0.009389702289253638,0.02120736544906465,0.00019993058835102284,8.945229718015408e-05,0.0016705302204992904,0.017852001670140685,0.0016032531819597446,0.0005544891393100001,0.004136526615888396,0.01121450123787837,0.0036367990932903178,0.0019572810618782173,0.004883366413346283,0.01461167892708837,0.004431496554080183,0.0016983341717193216
205.52815659699962,0.0025498096332066443,0.02938432653033771,0.00044697711848173884,0.00030382771165089853,0.00927820066755127,0.021152457393103986,0.00019854482501909068,8.144327854313753e-05,0.002432174343723276,0.018361017762897922,0.0015942218498923692,0.0005669878098019563,0.004804801693672648,0.010941059139659303,0.0036434122583952223,0.002026094656509735,0.004741845513429181,0.014577341846197687,0.004428445743324881,0.0016935749241479645
205.48592767639204,0.0025788671450241896,0.029403681401777376,0.0004488028157902345,0.0003064358061517,0.009225168253779068,0.021144480347841832,0.00020333815551815967,8.507578408193026e-05,0.0040060288725751,0.017995351140722336,0.0015744245856102773,0.0005537016102024152,0.004448812380190722,0.011347137937500754,0.0035827884254917967,0.0019811924617087885,0.005042319246312719,0.014789046687554569,0.004429516271841174,0.001698652634140717
205.44371610538212,0.0025756585662741376,0.02935668201606313,0.00044689077271721815,0.0003060769641810676,0.009291181487399252,0.02108454677769271,0.00020593849188162418,8.452506066117456e-05,0.0023863955866760232,0.019534620602473827,0.0016044194360195802,0.0005438041068741194,0.004111064903488769,0.011067478712277388,0.00358574889084213,0.001985734424859857,0.0047437941257050245,0.014348470578836916,0.004427641025914623,0.0016949564021196371
205.40152187327996,0.0024413735324468923,0.029402689730603233,0.00044725244593951045,0.0003056337648682533,0.009497717705979522,0.02118636202839526,0.0002031012195854412,8.564866795487307e-05,0.0012333920855841117,0.016794456039517295,0.001610261345024796,0.0005905309970261171,0.003760186188043199,0.012335418530876744,0.0036170203023132568,0.002019645765161936,0.004729928258612151,0.014722190048360548,0.004429754100126316,0.0016972188802456324
205.35934496940456,0.0025584013532670077,0.02937473268764777,0.0004488386996467374,0.00030460718778912277,0.009084000590557901,0.021480978654883354,0.00020860694518786687,7.972918587783058e-05,0.006637123670329175,0.013443111213212856,0.0016103297780670658,0.000550917129376803,0.0043228156531453414,0.012737552931959913,0.003571487741027193,0.0020283930146960667,0.004582407507053572,0.014581439133092212,0.004427792874191567,0.001695423435690406
205.3171853830836,0.0025526336421203173,0.02937841542953659,0.0004479943839514039,0.0003058998072431048,0.008828488238558922,0.02120089687405636,0.00020665918781256405,9.13819631987105e-05,0.007255002523039457,0.019074971364502986,0.00160424461029645,0.0005577547862723721,0.005248371576222711,0.010775565273029107,0.0035898807491670645,0.0019282242887369485,0.004944251158968878,0.01484314400677801,0.004428455192201423,0.001694493946416651
205.27504310365356,0.002561750880178166,0.029369404233142955,0.0004462748970907481,0.00030631603999278767,0.009092538713978382,0.020967763682311433,0.00019629657646993363,7.740571792918317e-05,0.004404142915893551,0.020666869517366918,0.0016078011661589235,0.0005595851604854132,0.004145614593276281,0.01155890895373526,0.0036924664955823527,0.0020644641452785997,0.005101269252318985,0.014260441338336392,0.004424960712682159,0.0016954128910098456
205.23291812045971,0.0025594893178536417,0.02938041999296082,0.0004468751328065504,0.00030611571755222606,0.009161152018402625,0.020894825882156146,0.00022126004061115212,7.36330678908779e-05,0.004067138164179796,0.021154690899789223,0.001616302958279675,0.0005068211587995665,0.004597930052972226,0.011564793968130834,0.003481483785623504,0.0020670707911487076,0.004552004821758152,0.0147013766900634,0.004429002183868196,0.0016938348653592517
205.19081042285603,0.0025566382978289164,0.02937713363736198,0.0004470587618473658,0.000305225739716471,0.009393429335917918,0.021004658053513297,0.00021961258778854543,9.512683344884512e-05,0.002286098321363476,0.019480188760516028,0.001582611830984522,0.000499101840880657,0.004659658125167674,0.012198683945416832,0.0034363903983187973,0.0018599111541581855,0.005214334475876505,0.01460966878906817,0.004421886152949934,0.0016954717219993891
205.14872000020515,0.002568228942336955,0.029373110957472272,0.0004473973020624597,0.0003045445624716866,0.009321968833558012,0.021288331816077487,0.00020952202396644568,9.129720520531409e-05,0.0022843132893379256,0.018267517378755264,0.0016649585146228936,0.0005646443995250328,0.005520685621812619,0.01021086932239237,0.0036103027073563615,0.0019327515336224625,0.004631616792312332,0.014150210214197814,0.004426502534104422,0.001692006414758095
205.10664684187864,0.0025743577352291334,0.029368164739368763,0.00044799660577691527,0.0003056197065343471,0.009127095928315882,0.02109229193005819,0.00020408001149917082,9.556772272235312e-05,0.004374166742055487,0.019126540740582367,0.0016184852888300374,0.0005882155995150376,0.004535421535878299,0.011291659397214335,0.0036174876367973353,0.001926522783110214,0.00455657324583812,0.014447230044879762,0.004425461727809755,0.001694511340740904
205.06459093725653,0.0025631181039047065,0.02939372759047309,0.00044639399167468004,0.00030486451824470893,0.009237367412527762,0.020987311504432657,0.00019927760689226554,8.742321794980929e-05,0.0037446487876181224,0.019276819178355435,0.0016376338106941705,0.0005520663672998364,0.003315745163284227,0.011956351998664353,0.0036839696027512335,0.0019548830842470756,0.004604802144119444,0.014565739321604928,0.004429110861219721,0.0016892123181204107
205.02255227572778,0.0025721913254763726,0.029365861750061593,0.0004481544201116181,0.00030489162880692434,0.009330487621061402,0.02107665651554868,0.00020028772916079931,8.799680560461807e-05,0.0025124444198652506,0.018667601498477147,0.0015977749152977067,0.0005867956968195339,0.0038773280216846248,0.011383764522078878,0.0036357523910503326,0.001992377406770602,0.004736595167955653,0.014613503257210678,0.004427541324686638,0.0016929501410452611
204.98053084668993,0.0025622850063058778,0.029373625890082272,0.000447927299907535,0.0003057936155631415,0.00921407379591339,0.021400888878189358,0.00019904937608396914,8.38753823353146e-05,0.004431991572623761,0.015894560829277222,0.0015825878136851974,0.0005327094333736152,0.004287323207826353,0.010745469721328987,0.0036205284152792732,0.0019645916995513738,0.004731711150345922,0.014595848698019963,0.00442283499841595,0.0016886709081350303
204.9385266395492,0.0025656226456652297,0.029350671061075417,0.0004469563267060394,0.000304860443885808,0.008998668976858542,0.021254598542851985,0.00020851790335983133,8.355235036766579e-05,0.0063521925211792365,0.0171463601158879,0.0016347250896054004,0.0005743446909408391,0.003796630412992144,0.011366042003104355,0.0036004488439019015,0.002014676281149357,0.0047305374660321226,0.014684734215551701,0.004425638543650792,0.0016929392915779069
204.8965396437206,0.002581067696417117,0.029363834496985906,0.0004481105716064516,0.00030444293680845366,0.00899281633026944,0.021134593700463836,0.00020071917000879047,8.82111845825284e-05,0.005802695122964613,0.01849406494708451,0.00159479371512256,0.0005716808181103626,0.004233018780916216,0.011307293330927113,0.003621587201291032,0.001968727053724127,0.004776525736634793,0.014666970249687463,0.0044244522473375625,0.0016876929843371987
204.85456984862762,0.0025536341149912578,0.02934970166215863,0.00044857531598429883,0.0003025817493886871,0.009139625403797485,0.020985633063388267,0.00020333461799427284,7.832044426691469e-05,0.004266114402537879,0.019425128291929068,0.0016169181657709755,0.0005189560829628617,0.003909207037250239,0.012363942090187442,0.003631313148443379,0.002007938510064766,0.004899493574081893,0.014834151215165162,0.004427873838524967,0.0016929527357991778
204.81261724370268,0.0025519729992555212,0.02937023165585743,0.00044347921114485864,0.0003120657501269712,0.009278357877474462,0.021007926984549515,0.00021002387245557192,8.66645421504742e-05,0.003843495016734105,0.01980025958713474,0.0016316232904584156,0.0005437329677852321,0.003931862161948647,0.011643793173350955,0.0035863425923534633,0.001976938951706842,0.004950532501175288,0.01429983192280445,0.0044274402312491825,0.001689234486900206
204.7706818183866,0.002530908687200683,0.02934588298842369,0.0004426368482998054,0.0003031019849398937,0.009306320156439883,0.021209837227924022,0.0002030196265468176,8.7255005924064e-05,0.0033149944140245823,0.01767837676545823,0.001617593247766558,0.0005891838558189588,0.0036386197198392312,0.010849451495660394,0.003631764010675231,0.001995108588477895,0.004539980002188169,0.014678449487204284,0.004428655236209965,0.0016925482946431732
204.728763562129,0.0025336212961283733,0.029372114933095713,0.000448877101697671,0.0003026655637647642,0.00905738018318162,0.021177168039548222,0.0002075251448768056,8.3728003915877e-05,0.007048772486318691,0.018438911004960284,0.001682199491528942,0.0005875707105724693,0.0016394010349130715,0.010592222811075303,0.0036481072174045304,0.002020837072948745,0.005165152830000744,0.014621697929133053,0.004426233094889403,0.0016872654986671844
204.68686246438807,0.0025320059823694284,0.02934268143793561,0.00044807933360843557,0.0003084174218315463,0.009387770543590626,0.02112135069714691,0.0002033934585671521,8.452504955902932e-05,0.002135241765215016,0.01706855931550549,0.001615715067868659,0.0005138089158716567,0.0035126611916624713,0.013038106521382984,0.0036265169149129386,0.00194850871768086,0.004858882125695326,0.014175450304307384,0.004430694281481822,0.0016890117282126985
204.64497851463068,0.0025432861420076522,0.029379196130706244,0.0004400371969010372,0.00030445821089723383,0.009199559792668278,0.02115957220989347,0.0002094991517496703,8.62783365532135e-05,0.003991176797239235,0.018182649683326366,0.00162937209074811,0.0005362526482884887,0.0040022060095389654,0.011141625442280872,0.003588100528164536,0.0019577784783333945,0.004692108933110613,0.014620114953246234,0.004426232443216395,0.0016895445634515375
204.60311170233226,0.0025554497064166322,0.029349047181617093,0.00044281614921542556,0.00029874960156225293,0.009362581386346342,0.02116548941767578,0.00020457166198865507,8.241413194733267e-05,0.0024939959443291996,0.01699537762090929,0.0015640448881819346,0.0005294216602172448,0.0037912601295118143,0.01280203024810768,0.0035616207631906614,0.0019658448752516698,0.005059111201050627,0.014532234947473178,0.004430296007243256,0.0016879171881863983
204.56126201697694,0.002529514946867379,0.0293663136382176,0.0004526026098005498,0.0003020713808945376,0.009173072861247961,0.02135956992213592,0.00020524586015083663,8.54232447828168e-05,0.0047546971325147305,0.016133913271967972,0.001647330498348627,0.0006068196589971993,0.004627244270420714,0.011208169181611343,0.0036360698119369973,0.0020207441800156466,0.004682471146214165,0.014421230071905456,0.0044273158178718105,0.0016906584104040923
204.51942944805728,0.0025230207807328555,0.02936574281222223,0.0004445521891057232,0.000303516103732643,0.009012648333639697,0.021143784205190624,0.00020632593576871386,8.666098171687237e-05,0.00508363720935247,0.019449232721019834,0.0015932102842968034,0.0005638537714265321,0.005529714460669297,0.010794557793841045,0.003588064572425982,0.0019705201363809485,0.004635491595840122,0.014828152829751178,0.00443248720688135,0.0016886500630306077
204.47761398507467,0.002561425072796057,0.02938491690447856,0.0004597629130673868,0.0002998407763791256,0.00920279309405738,0.020973607781146444,0.00020027121843501234,8.135175793957375e-05,0.002903366548941687,0.020971711119285134,0.0015892185759799951,0.00049220122166506,0.00481652481629064,0.010448166412716486,0.0036109016645554963,0.0019492311051930657,0.005226345905155266,0.014608304153543668,0.004429245995494107,0.0016935434662353661
204.43581561753888,0.002522723566151873,0.02935690808771644,0.00043434445123407547,0.0003048586743056012,0.009171948330439484,0.0212088541544857,0.00020860933027982975,8.108094145175911e-05,0.0028304019236068817,0.016025581836876742,0.001616780208397133,0.0004951710401308434,0.0049620243517578795,0.013403883196988126,0.0036004406145847,0.0019574274574987787,0.0050444372911249485,0.014096503211580198,0.004429916668766769,0.001688506009448094
204.39403433496835,0.0025499075287087,0.029368595103851078,0.00044697113422528475,0.00034822067622450087,0.009249097767900817,0.021076460399866048,0.0002059315286901563,8.967537225469118e-05,0.003012552710574113,0.018218473798670434,0.0016067173037592802,0.0005348309664361189,0.004776423684600866,0.013001962056313952,0.0035931593908856566,0.001989033519296245,0.004539319811708157,0.014172965466329204,0.0044284593951662374,0.0016930920738163348
204.35227012689012,0.0025773802823662283,0.0293765622773627,0.0004637976657315812,0.0002956630262448461,0.009273000052492979,0.02106242192448392,0.00020547683884120297,8.317690341393913e-05,0.004011087416938568,0.018765962964649115,0.0015698206690726718,0.00054270016830495,0.0034676007127519485,0.011974975342076758,0.0035370931719572703,0.001967772532772608,0.004242844587055641,0.01469971917709275,0.004431810040761041,0.0016896169198706015
204.31052298283964,0.0025663624287244704,0.029368514170982598,0.0004539385286620113,0.0003072237629886512,0.009309822578753934,0.02119304452850705,0.00020230747484488337,8.542449184586714e-05,0.003314343122130919,0.017548887217031454,0.0016095239381979534,0.0005187717892320122,0.002885476530099297,0.011302938576633632,0.003625962975398776,0.0019524667941733576,0.004803409302996074,0.01493595246155392,0.004428544250496452,0.0016946017026583818
204.26879289236115,0.002597531576960244,0.029347408007370433,0.0004546805882813747,0.00031740985843030275,0.009128969301414045,0.021224246683942176,0.00020445659307622937,8.682807206371589e-05,0.004717164415793784,0.017532491264784764,0.0016093216133805479,0.00054844748278423,0.004102980378347528,0.011022928211019349,0.003592862548389083,0.0019826306870969227,0.0047314839067631185,0.01475908004374924,0.004429206405046514,0.0016893852184840356
204.22707984500718,0.0025409492791913925,0.02930971926781411,0.0004327805777156527,0.0003121346516029087,0.009344440733987906,0.02109757646675188,0.00020812952020150596,8.550444525929264e-05,0.0033621144371402036,0.018974784052122447,0.0016441884470706374,0.0005076392529082265,0.00257076603467136,0.011564421928554744,0.00363099443796275,0.001946523680128349,0.004968322320690177,0.01479746219764978,0.004430268474948413,0.0016925724833857325
204.18538383033894,0.002537897995345337,0.029336864944095008,0.00044502421329912004,0.0002897107997911733,0.009243137840008272,0.021245565234533963,0.00020433298683682143,8.545807217035222e-05,0.003888124861231459,0.017391547491697443,0.0016387505899796064,0.0005387209493615734,0.0032317900586194075,0.01149866104757368,0.0036385587449083243,0.0019388507557770304,0.004897510082724932,0.01453761960732488,0.004426620469264792,0.0016909483636595973
204.14370483792615,0.0025473156544772967,0.029369230524437667,0.0004453211860157657,0.00029865770295863214,0.009049963966125335,0.021165402553208354,0.00020706866035549525,8.454015162839484e-05,0.006380056817571711,0.018855176020606775,0.001613536091033177,0.0005308704715286198,0.002792864691353071,0.010897578595157196,0.0035898389462433794,0.0019556536270872544,0.004582224280938755,0.014510276623058625,0.004429693465953718,0.0016928700754705
204.10204285734696,0.0025851532996325755,0.029319057797865773,0.0004615218458866507,0.00028819891785198553,0.009248597910636104,0.020908703433000168,0.00020027178445412562,8.536393723904892e-05,0.0035202039741139874,0.02136831633094577,0.0015965658611185787,0.0005776400403977233,0.003243373507522036,0.010665807622553352,0.0036084295863825873,0.001977211953853581,0.004823767845244593,0.015108617758103661,0.004427044224445552,0.0016905383755583682
204.06039787818816,0.0025588383520822673,0.02935564843476324,0.0004597636857707495,0.00031150527172611536,0.009250357017246308,0.02130171498956839,0.00020287921215290692,8.89486749239817e-05,0.0040671361737940484,0.016704569873332853,0.0015982106722989297,0.0005565523475275511,0.0024335351618374815,0.0107300084618791,0.0035899583448171144,0.0019600294847584125,0.005440720980598663,0.01481790627985424,0.004426704065829035,0.0016927135342400556
204.01876989004492,0.002608955807618988,0.029357429209664224,0.00044705317299648963,0.00029837648006205347,0.009014471871694966,0.020943670859491545,0.00020262861612208887,8.46613181729732e-05,0.006918995270995594,0.02123667980341352,0.0015964201959513236,0.0005175476615443065,0.0019734014610401467,0.010882693832363103,0.003607322495607126,0.0019382876574722413,0.005238561142864591,0.014221626975189255,0.004426937764002716,0.001688748643648536
203.97715888252094,0.0025867584938275723,0.02926377623947372,0.00045918875064834055,0.0003055632692343424,0.009265328821788613,0.02108847156341319,0.0002023973044451693,8.363067495813124e-05,0.004218516544731196,0.01825354065049546,0.001608986615794707,0.000518807812054797,0.0027127946583942134,0.012363944319697421,0.0036141977440571037,0.0019642604221274586,0.0048073219732404525,0.014276614985872708,0.004430002367039817,0.0016925509483268644
203.9355648452284,0.002572908137000278,0.02933246748742304,0.00044685003198965533,0.00030635739739426023,0.009295376631141447,0.021206989501767873,0.00020285102707884965,8.861914233293277e-05,0.003850780733119855,0.01797820452094622,0.0016360967644467861,0.0005449418469766421,0.0027937303119750117,0.010978316965108289,0.0036505647650089284,0.001938352801280532,0.004717777680623648,0.0144834983752848,0.004426310379012432,0.0016890741947881045
203.89398776778802,0.0025741657011270768,0.02927219661114021,0.00045276418413399237,0.0002965832225598253,0.009243056213566622,0.021111460268902385,0.00020233357136609093,8.294473621002988e-05,0.002855534642757071,0.0190136370235653,0.0016145534430178628,0.00053774535074625,0.005106439018102268,0.011913803932987348,0.0036302090156759637,0.00197428454775139,0.004869357032606224,0.014414314767524168,0.004430917751128159,0.001691495056164211
203.85242763982882,0.0024868208540360214,0.02933649578641948,0.000452908591341535,0.00030249331961737204,0.00934479615630521,0.021176585173666218,0.00020228476197003297,8.546451298687976e-05,0.002863959770804055,0.018465696026409198,0.0015997388050337014,0.0005731205663012838,0.003483850615868373,0.010895248447745271,0.00360244064492842,0.0019964744057629625,0.004671826001304605,0.014328559401627021,0.004422357599240614,0.0016940894573807695
203.81088445098842,0.002632985446638887,0.029303308330668496,0.0004593589385520894,0.0003000034312062542,0.009177958657687934,0.02131279400650773,0.00020442617864965368,8.515534946424993e-05,0.004853117778417352,0.017084732929872053,0.0016401515995477936,0.0005385081079956612,0.002963374718340547,0.01074257919364446,0.0036239586816013834,0.0019568152725690673,0.004481028662699671,0.014789662341030312,0.004433319635119276,0.0016874456207306616
203.7693581909128,0.002480935421893502,0.029296454696723866,0.0004580403132895493,0.00030949611824331334,0.009176552972528052,0.020994710806398028,0.0002041299685616282,8.440184776799654e-05,0.004645728179156,0.02018875002064921,0.0016008594127767707,0.0005520618019745943,0.00311288868038969,0.011197796267276577,0.00358404459160819,0.001993959976022969,0.00498561268218581,0.014623866878546617,0.004428610198036148,0.0016963231318137021
203.7278488492565,0.0025699245933161687,0.029333265404374684,0.00045250506166686857,0.0003087540403317483,0.009244406807539504,0.021230958377379035,0.0002059708445736711,8.527762729379565e-05,0.0030357498002914216,0.01811372893163929,0.001625564000402727,0.0005749396947362252,0.004122620082695572,0.010964103053449243,0.003604493190606527,0.0019988709050306223,0.004928287960225129,0.014423556722979671,0.004428001850499148,0.0016858324357374751
203.68635641568233,0.0025336261602964013,0.02919787565527537,0.00045123830617132453,0.0003089379653473963,0.009245021069967815,0.021236664309723263,0.0002032138929094064,8.708384746414116e-05,0.0036564506737466725,0.01883622255072564,0.0016002811642028092,0.0005443785908513723,0.004113077094841956,0.010807927625545272,0.003605582834012285,0.001958062983682578,0.004795231055264528,0.014355646129974413,0.0044264889739871905,0.0016919925734394745
203.64488087986155,0.002559592457294167,0.02927140535345802,0.00045090354219845416,0.0003055095033411878,0.009038700585567591,0.021019753975905716,0.00020599673230035166,8.735499654408494e-05,0.007330210870173607,0.021400221688591185,0.0016615056727088298,0.00055278654547512,0.0026616100899786834,0.009374418574790213,0.003641149384285442,0.0019538847874411495,0.0045314956717936224,0.014602447214008548,0.004426906812334904,0.001687013823194994
203.60342223147398,0.0024028525945934656,0.02917707759926988,0.00045126947917600526,0.0003073060694325763,0.009407792521322646,0.021158770015867637,0.00020309856778262013,8.653809786578202e-05,0.0027269151449623567,0.02014254897453837,0.001638132278170209,0.0005488120370227039,0.003621108042297049,0.009404896071753162,0.003641730106701218,0.001964566143715935,0.0049072635361377005,0.014897663555154874,0.004427835098519285,0.0016917430643404122
203.56198046020762,0.0024280925260281947,0.029421020814332517,0.00044856076795833524,0.00030545508655802095,0.00923657343422861,0.021078480958938026,0.00020651930990376672,8.606494748971679e-05,0.004252205350713421,0.01885135103321977,0.0016054084663296915,0.0005200334978631641,0.002787751964281496,0.011412593025092068,0.003582254894433588,0.0019249642298976343,0.005197869011409227,0.014382769948501751,0.004429479775525637,0.0016838470273226984
203.52055555575907,0.0025263446367175205,0.02933135313902079,0.00045080640310531697,0.000304498825358334,0.009262428508211143,0.021174279581659662,0.0002034446673314979,8.362142131697891e-05,0.004495530711545263,0.018774649079333752,0.0015962157061532483,0.0005279548465606869,0.0025183641163418124,0.010671086465940388,0.003606138602066039,0.0019797884818089284,0.004684443584059113,0.014200234881189143,0.0044331380816004405,0.001694712743901492
203.4791475078332,0.0025333521280270018,0.029330926307091356,0.00045126152974287674,0.0003086357451862866,0.009365367887741536,0.021241579827269343,0.00020315137371278987,8.292631996376441e-05,0.0026064356711104765,0.017050137494126087,0.0015732435724035087,0.0005379941473357046,0.004190475826846767,0.01190241859593204,0.0035739280743584327,0.0019917676066417513,0.0044860733112873225,0.014576184519080385,0.004425872933493347,0.0016913322776248522
203.43775630614323,0.002563622572638231,0.02925056843629529,0.0004500305090757604,0.00030882048758623366,0.009067128895912595,0.02132854006076801,0.00020672333067075387,7.937900166378745e-05,0.005841733664085454,0.01792355016854746,0.0016379349429137217,0.0005112218994279883,0.0033345776183773637,0.009983534919913875,0.003617532733642288,0.0020016511484673267,0.004823012849518638,0.0148082031531024,0.004431714744684411,0.0016932456295649652
203.39638194041086,0.0024149228949438646,0.02932131158044103,0.0004483094284121317,0.00030932050139975215,0.009356162219877694,0.021058405291977795,0.00020607814334328462,8.238920350435243e-05,0.0028903243450232262,0.02066734770336917,0.001598243240901361,0.0005225732789616496,0.0035876791054750166,0.010258437195422694,0.003567302710395954,0.001980437108672137,0.004756401989827963,0.014452326837106953,0.004423087675441486,0.0016867413425648058
203.35502440036606,0.0026374849621019045,0.02929217284782448,0.00044657233732295706,0.0003049467415389758,0.009228849177288343,0.021271803174748926,0.0002110120173110663,8.676767897773141e-05,0.002894308840721646,0.017303030343521254,0.0016105241450197706,0.0005648916929282767,0.0041474676846369515,0.01086335462371482,0.0035473683804146013,0.0019670684201433726,0.0046095664725930435,0.014607039097606295,0.0044349110719353445,0.001687588479707795
203.31368367574714,0.0023061270805846716,0.029197699218023506,0.00044932920237326555,0.00030655105355172725,0.009354499175391938,0.021122690023935572,0.00019785746292602711,8.436864288854534e-05,0.0044535837659682165,0.0191446879243109,0.0016463432409884549,0.0005341278254989395,0.0018284095927652384,0.01103129211954256,0.003715160080542956,0.0019824524444530768,0.004634814940010559,0.01484379039238588,0.004426775575656173,0.001696802448954652
203.27235975630086,0.0024188870743785925,0.029572650824826425,0.00044540282860940664,0.00030562878082945297,0.00927235071043763,0.021311154272181294,0.00021446201347504823,6.374264413499879e-05,0.002751583313231011,0.017632888186676635,0.001602754147477688,0.0005810879960961879,0.004855313133700785,0.009614938326458806,0.0035204545917709353,0.0022344161360104762,0.00495608130715149,0.01492962052555473,0.0044257979668832605,0.0016852611919241506
203.23105263178218,0.0024859385036970568,0.029355056710074344,0.0004533718193705012,0.00030457352482725456,0.009082800025479853,0.021130162947061607,0.00023109862376843992,9.595081043934294e-05,0.004931797550402193,0.01879998894561252,0.0016738315058427954,0.0005602763969309278,0.0035154009421755105,0.011407847944864352,0.0033933831381606225,0.0019016956346133527,0.0053003641178646504,0.014589845078326922,0.004433002148446197,0.0016900136137743547
203.1897622919545,0.0026675004094160477,0.029658499690593858,0.0004478377683790855,0.00031214420821248473,0.00912069458890089,0.020909614541113293,0.00020365914411442568,9.126243572637884e-05,0.004763910336369447,0.021207858385019988,0.0016476953582895853,0.0005273743533067175,0.003372047182771748,0.010990166744354572,0.003654679204509023,0.0018949783992486407,0.00494812238739091,0.014075787759450085,0.004428758734256989,0.001693580164994157
203.14848872658953,0.0028469647830370384,0.029225237078069323,0.0004477096423179749,0.0003060310181291292,0.009238249904737955,0.021236611532659183,0.00021144934976084147,9.475670321048561e-05,0.0028636339856469672,0.01853969888673768,0.001621877465505524,0.0005595148630909123,0.0033502658542337196,0.010311435011468527,0.0035486288551041484,0.0018913691117926031,0.004751557672043022,0.0143433581490364,0.00442520585161311,0.0016916717041257352
203.10723192546712,0.0025694330719169345,0.029203068236586912,0.00045165828374485234,0.0003013689823228971,0.009250669726474167,0.02101859749583982,0.00019957092561926558,8.370297373285686e-05,0.0032569059289187853,0.021070712829481884,0.0016083774190496399,0.0005446632963074386,0.003999618488858235,0.010977027980822946,0.0036530652939270446,0.001977740459937916,0.0043465633717540975,0.014332743181079466,0.004430661123324927,0.0016871670785442278
203.06599187837568,0.002636752410794377,0.029367896283202074,0.0004480199257046027,0.000303406065404359,0.00925607265830862,0.021136491023769216,0.00020917974974537395,8.548026586019005e-05,0.0031404087331461674,0.020047141795032152,0.001619981318189352,0.0005351197608337053,0.00464573946449914,0.009091635621020219,0.003562945984264018,0.001956126719701272,0.004416095592220238,0.01520432211972743,0.004428026815200763,0.001694868126285584
203.02476857511166,0.0028177443995070503,0.029821307835135986,0.00044376243787257365,0.000303804243074825,0.00926502243971538,0.021157043153265987,0.00020427353050121166,8.524791170101468e-05,0.002985892538574188,0.01831570712103521,0.0016498284890091369,0.0005710345904180969,0.0026890159850387007,0.009394016038124352,0.0036637924196399685,0.0019883699564103696,0.005425847546080616,0.01520793638218912,0.004428727830050498,0.0016874192052303543
202.98356200548002,0.0023247239649978415,0.02925753125083884,0.0004483495804282011,0.000305307157376964,0.009299147018000962,0.021169563432673514,0.00020934920358334843,8.886841440632527e-05,0.004181524393380835,0.018527874130170135,0.0016329275132124428,0.0005500185430026162,0.0030260029036484437,0.01137064631110269,0.0035809367248464076,0.0019432411043329876,0.005454085430229024,0.014346379083159035,0.0044290288973136485,0.00169202371044223
202.94237215929388,0.0023147622035331198,0.02923217172110641,0.00044860393608345543,0.0003099955466494132,0.009289485832658735,0.021162414875669687,0.00020309806510808253,8.28878627754697e-05,0.004296559584076764,0.020204334488539324,0.0016319343758600634,0.0005407560719583882,0.002201231547803851,0.009772028008142527,0.0036417487988668075,0.001992870605902711,0.005059559658116701,0.014217543836716503,0.0044248614049155945,0.0016860950893319553
202.90119902637454,0.0026401421071399235,0.029322342945575446,0.0004484361868608967,0.0003056979807808833,0.009264094916840928,0.02119754079615113,0.00020651977194734646,8.736441130156209e-05,0.0037253143003090406,0.017432384944456356,0.0016126320186309465,0.0005227041144663507,0.0033274342143220074,0.011818114424938365,0.0035902608514415523,0.0019347369083495308,0.004722609881210144,0.013979061002181315,0.004435376583953098,0.0016926291539326357
202.86004259655175,0.0025435585150504684,0.029249864991388215,0.0004527058783275019,0.00030227281282312914,0.009247231685034796,0.021131995120930402,0.0002057850578766801,8.040176722380705e-05,0.0046289483082058306,0.02016321328356974,0.0016726389904057855,0.0005088252813103454,0.0028293729548439397,0.009576040575567612,0.0036439293305914945,0.001981121075639014,0.004465293496069537,0.0147793890824697,0.004423318922990732,0.0016990512710477184
202.81890285966335,0.002560362694623709,0.029335454625793664,0.00045046667929308,0.0003105833987498075,0.00932999021581244,0.02114577524733504,0.0002055823915655311,8.804828349267176e-05,0.002201321026654323,0.0197911134639999,0.0016480714908507109,0.0005696343183751882,0.0035804436696177397,0.00925908606221601,0.003632791504158235,0.001963148671545766,0.005465641595437619,0.014566279737871843,0.00442511674411023,0.0016864265092101766
202.77777980555558,0.002630259640836598,0.02931384144242795,0.0004432229306407697,0.00030701585335184194,0.009291124048650474,0.02125805290166874,0.00020633389842224185,8.403048025784577e-05,0.004445132626902025,0.01890416993393436,0.0016715184712340352,0.0005405981910072483,0.0029100093429179426,0.010324171031638275,0.003660984388289536,0.001975090898370014,0.004976754901416858,0.013745733888026582,0.004427632213368881,0.001688481004082827
202.73667342408274,0.0024520755696691163,0.029281971763782895,0.0004508526199984655,0.00030449728454792833,0.009183491453858585,0.021159872134470587,0.0002019130003276092,8.955365602537141e-05,0.005265706960915962,0.021311288431513746,0.0016358741319665623,0.0005935911290110622,0.0029028019467170732,0.008949513945608422,0.003655169865992236,0.001971046069037523,0.004275796224437558,0.014029190125942753,0.004426142111167522,0.0016936159767042696
202.69558370510742,0.002579995735105335,0.02930699978450041,0.0004471551690199335,0.0003062200369324671,0.009290471568033112,0.02120260290696158,0.00020658202788157928,8.18641485236168e-05,0.003979163792163341,0.01885891951494006,0.0016286896768379908,0.000557228992820189,0.0028861892976484796,0.010084467323576686,0.0036002127688499804,0.0020152445896580687,0.003864297951033345,0.01462451271113792,0.004419504590277611,0.0016864994458019292
202.65451063850054,0.002600095489062865,0.029214557907810287,0.0004524919188676104,0.0003018961227867903,0.009137458271729682,0.021271053562985046,0.0001980279298410953,8.426434447099035e-05,0.004466715320524815,0.019424264197691513,0.001568755142443522,0.0005774984224047099,0.0037377049584451346,0.008832270184888576,0.003624632131850616,0.001998791416725746,0.0045320831290768014,0.015538715630600547,0.0044288062607241154,0.0016843753749878115
202.61345421414106,0.002694552947088452,0.029167938268658614,0.0004522863197506554,0.0003109080078226375,0.009185663509922224,0.021175746157928766,0.00020363675233309183,8.400953660005575e-05,0.004128056283524852,0.02013818971012304,0.0016152172444786842,0.000555372036707331,0.002866812377776111,0.008579085297469143,0.003619313412592859,0.002000665399912078,0.005419934018125394,0.01496008084214551,0.004433452180896324,0.0016924627933087362
202.57241442191616,0.002719036848591926,0.029082721715569675,0.0004479237883798207,0.0003064891097016855,0.00931592674086854,0.02134290424223027,0.00020351865115686004,8.242323846506584e-05,0.0026078249110475767,0.019294137357624943,0.0016578565155715918,0.00058210069492887,0.003298742972984625,0.008515060384804816,0.003664721473693871,0.002031837394524397,0.004774149837280874,0.014462310764869214,0.004425808399029649,0.0016897991777121996
202.53139125172137,0.0025349234748219497,0.028851379152598087,0.0004498655000307377,0.0003096281425541321,0.009248447796113488,0.021209685076699267,0.00020350215961320223,8.671227691676008e-05,0.004259369229362447,0.02020333334045042,0.001661594331277718,0.0005902710848827174,0.0027129433437835873,0.009667333403280362,0.0036736144590171897,0.002007501793327846,0.00515197820359162,0.014819270811557792,0.004431746314080524,0.0016919121047837507
202.49038469346024,0.0025739683445348115,0.02895405637255064,0.000446330083281196,0.00030844618243285185,0.009383509909512084,0.021226436817043434,0.0002031294419685247,8.832635009698217e-05,0.0026839189737617934,0.020634441681153033,0.0016730752481211564,0.000553735847814687,0.002718114759821572,0.008937742497305045,0.0036909563422220823,0.001957850916040411,0.005137978713718562,0.014144935267829055,0.0044265900155481645,0.0016940145570584616
202.44939473704457,0.0023458062838433045,0.02867850731299264,0.0004494367849221573,0.00030601001291152006,0.009315285892104118,0.021330700745893237,0.00020420256520805216,8.584213219770693e-05,0.0028411279881403796,0.01978470270158569,0.0016081974603523444,0.0005457493008175976,0.004368494813455174,0.009585867006967794,0.0036024108317391653,0.001968845535125346,0.004706173115005712,0.014368223899709674,0.004422895107895475,0.001693913139635801
202.4084213723943,0.001994774991832746,0.029245284398423138,0.00044846213137011043,0.0003067359714741207,0.00948714111772837,0.021151430261821466,0.00020034511782374766,8.286645061866952e-05,0.0034826373333499317,0.02037388313450565,0.0016480996942570972,0.0005446672002244538,0.003144740881105902,0.009457758584833624,0.003682957986064344,0.0019864240682017412,0.004664200903687059,0.014428787281203023,0.0044215786028611705,0.0016829352133158825
202.3674645894375,0.002735677840928224,0.029022493693760015,0.0004495060053648126,0.00030520786487925447,0.009287597806536589,0.02120875590270855,0.00020314699782397017,8.701018931234557e-05,0.002783428889849112,0.02009403713862036,0.001651199655254051,0.0005421773547142464,0.0036686897722881715,0.009180840950529472,0.003663828719506073,0.001930779799760711,0.004420574718566945,0.014766300809304057,0.004432055608551925,0.0016795381655771112
202.3265243781105,0.0021619457000113845,0.028658601317482983,0.00044961448241156483,0.0003082590302125051,0.009437584919723664,0.021391687931375417,0.0002042284316226186,8.29645830504372e-05,0.002857410303762424,0.019181823416631934,0.0016622648425814476,0.000548975080461566,0.002819075767796734,0.008985372226271271,0.0036720302197927697,0.001998190254606267,0.005080202013425437,0.015006426691661965,0.0044354443999295575,0.0016906398514992362
202.28560072835762,0.0024376514306405465,0.029203990901764492,0.0004486800726307368,0.000308247543097282,0.00934385753302277,0.021105461529253442,0.00020474338966083738,9.060425192456181e-05,0.0021809862300914183,0.02237232106159432,0.0016607934198498496,0.000575785775846794,0.004110977615253258,0.008453846612686382,0.003655500680576618,0.0019449671388864153,0.005028092828363328,0.014267385848693886,0.0044265313260216516,0.0016913098629451433
202.24469363013148,0.0022917587747702233,0.028435993586690172,0.0004462240922631948,0.0003091671078180968,0.009310429443291959,0.021463278731955946,0.00020490167477540762,8.653391761228252e-05,0.003528470755136216,0.01886472605523377,0.0016494840399634797,0.0005628889674472879,0.0035959184843557656,0.008819369563554724,0.0036544036216449296,0.001973096911995842,0.004814036369488793,0.014542659616429176,0.004431728081755702,0.0016879645809006602
202.2038030733927,0.002009170134164942,0.02863919797975843,0.00044366240547870573,0.0003040810517164781,0.009399427473747451,0.021385078934273386,0.000201538188974382,8.783564330545543e-05,0.004583764109277698,0.019984174110486773,0.0016643466404965563,0.0005783294065177375,0.0023931250182653062,0.008360567036780005,0.0037036206508474037,0.0019738253280787653,0.004863601639743866,0.014331161505943383,0.004430511515912883,0.0016930199982330846
202.16292904811,0.0012498135660000765,0.028648121266613057,0.00044830187646603784,0.00030534557203646615,0.009383014364548073,0.021334810878760154,0.00020219984219611126,8.786402490689638e-05,0.004746134729527817,0.019782882739662604,0.001618877605067814,0.0005494495814141654,0.004633031255275425,0.009648867110094314,0.0036492036665725165,0.0019420026983407873,0.004675936228744377,0.014594909927080879,0.004433365189326655,0.0016901292216111679
202.12207154426034,0.001356283957656841,0.03021305560679311,0.0004429630980983063,0.00030484608138067466,0.009568670174747763,0.02093362428694079,0.0002031009689865931,8.794062475857414e-05,0.004142528332457314,0.020232364796865056,0.001599431368666739,0.0005443597205678939,0.003290967062320342,0.009761482920829255,0.0036264884465989143,0.0019584216373200714,0.004951929974633825,0.014572397579907942,0.004433469108199527,0.0017069856081695133
202.0812305518287,0.00177844815602535,0.029643816957663837,0.0004513143053619914,0.0003079961281731518,0.009407410022638066,0.02119890024593072,0.00020171762293409704,8.523811397935539e-05,0.0030900313171301325,0.019093019061467358,0.0015615777421296518,0.0005614467718427958,0.003975107833145512,0.009317456437857545,0.0035700719701497836,0.0019958906184499455,0.004621170163095783,0.014411858470162919,0.0044118649510465615,0.0016994570356694662
202.0404060608081,0.0028149319621202534,0.030396217925463296,0.00044288100321813475,0.00030688897682088493,0.009171423539774685,0.021029192893830526,0.00020649847749249948,9.318662230796463e-05,0.003902716969534192,0.020227729668573207,0.0016181610456071998,0.0005643610377176079,0.003780216867761478,0.008131869064831588,0.003600266264329993,0.0018973817418523706,0.00483245070064387,0.014787641974135993,0.004425298060980864,0.0016860600810303782
201.9995980611998,0.002995247101149615,0.028255947814964873,0.0004518246309177483,0.0003017117585661222,0.009180478257359192,0.0212247214213597,0.00021458095992651964,8.456800302533002e-05,0.004317953220042402,0.022788814246821925,0.0016707822641555108,0.0005928983672411702,0.002572430105128284,0.00817182336602322,0.0035521667713947504,0.002029733015494339,0.005055076634229838,0.014496173009243534,0.004425218650574847,0.0016947052296600147
201.95880654301294,0.0008734839362568986,0.030172940204091923,0.00044629261712563384,0.0003103733891449545,0.009804519971331473,0.021043073593499398,0.0001981428530494686,8.625446673166604e-05,0.002848994442134501,0.020113151309569383,0.0016474857892480415,0.0005605424035552185,0.0030340854644632497,0.008431872469578335,0.0037081103221469347,0.0019766291505544016,0.005061565967388662,0.01440487372087257,0.004419053560505776,0.0016848316672814414
201.91803149626492,0.0038433373218193507,0.029390906543184474,0.00043993714240311653,0.0002976504807103384,0.009115226924397436,0.02105308316624735,0.0002119185812914098,9.83178368070243e-05,0.0015966503880725143,0.020572604096744943,0.0016460690793455768,0.0005823515676103871,0.004250665057474996,0.010035725456457237,0.003585414639906163,0.001844874844129348,0.0047732423349199984,0.01411974258082332,0.004431119780080937,0.001681689980758387
201.87727291098108,0.0013931639852576795,0.028359055439713596,0.0004507815201268917,0.00030096100180451615,0.009809765226231485,0.02152633299508369,0.00022033623888388675,8.363146275146115e-05,0.0034811421294721266,0.019408917665722863,0.0016539881640619642,0.0006042769668012288,0.004253004576720565,0.008930340166955014,0.0034803163660715075,0.002063969642604972,0.004479564116551579,0.014497157749085124,0.0044248935119738,0.0016951823755391707
201.83653077719478,0.004762798302825556,0.03347743573393273,0.0004477669713695857,0.0002936858232146698,0.00935493078882042,0.020116750329441786,0.00020982020730887888,7.379026339677033e-05,0.0028631077127441395,0.023092072161648502,0.0017173411039545596,0.0005473360185611383,0.003389463976263872,0.00821351281920117,0.0036685324744075956,0.002068444897749964,0.004744367868795171,0.014464845770739882,0.004426568978735089,0.0016856156996595006
201.79580508494757,0.0032346399884948317,0.02958534624871266,0.0004652850499024633,0.0003002559647945666,0.009135374982191814,0.02119882415428742,0.0002022229312806564,7.69244898192641e-05,0.002773980217879665,0.02007100512948163,0.001675402227629163,0.0005985573278331218,0.004191027456901362,0.008660165839642006,0.0036877106964776645,0.00210598665240006,0.004604848089509187,0.014589468719356326,0.0044302940642387545,0.0016920021359483107
201.7550958242889,0.006242087487944538,0.032891024577919745,0.00045109994963980245,0.000313956612935487,0.008754839119090602,0.020404600354728717,0.00019465358713878164,8.324357187863042e-05,0.003210178693568457,0.022342771124721588,0.0016429319847401267,0.0005698146110441042,0.003052701103888252,0.007150313698223509,0.003741682224652625,0.002027889123478793,0.0047850338648021,0.014837522168655541,0.004423397881187707,0.0016893351396514945
201.71440298527634,0.00840049621438892,0.02640299332111101,0.00045758193739341786,0.0003039338401034149,0.008264663938909247,0.021876816866121092,0.00020104720887741177,8.848728619057635e-05,0.002768900146674815,0.02155637652187595,0.0016639579193133862,0.0006021867514153191,0.003684043637805055,0.0076489802763024,0.0036923053899637855,0.001974122532936735,0.004867533279672194,0.014673559566817576,0.004427435727381482,0.0016836959055615292
201.67372655797544,0.002458852183857844,0.02710111136826587,0.00044357792196929834,0.0002807088106310581,0.009799161452501839,0.021768073921600472,0.00020180578275193504,8.352075578655889e-05,0.002647861695352891,0.019653016708136618,0.0016296613763689878,0.000559078032208716,0.0028828651624117872,0.007710441556511616,0.0036638702504668387,0.001969604722383683,0.00510770405164503,0.014623064061907292,0.004425670336561072,0.0016905093490284853
201.6330665324597,0.005901698790777231,0.02595748374062043,0.00044070672796576955,0.00031362353064304054,0.008844340364288652,0.022025918152568925,0.00020422202531569818,9.134649217297889e-05,0.0036256030449897643,0.018479990432830412,0.0016213873823957981,0.0005694764341806104,0.003751307244220489,0.009299520062522989,0.0036292927858161046,0.001931096198369523,0.004889627225964535,0.014092670680024785,0.004427788880868098,0.0016845564609092925
201.59242289881075,0.011938280235584367,0.035401615832987635,0.00044629723148527074,0.00030730763696182816,0.007601616466939464,0.020323255608381673,0.0002056997433232972,8.460470274083737e-05,0.001848618503538784,0.02025379326991609,0.0016348938616553652,0.000575210978273079,0.005211049356343514,0.008311539668515732,0.0036252401625073956,0.0020118197746804203,0.004522551267564766,0.014583302874654862,0.004433792858307771,0.0016979936909316679
201.55179564711815,0.0013290273065036868,0.030884439915908207,0.00044249494761485376,0.00030548041530011543,0.00968686876842265,0.020718192891396186,0.0002026105164609467,8.628923977337981e-05,0.004296686590125654,0.023244977029697887,0.001648292678774153,0.0005591073964602738,0.0034214634062042035,0.007205920284872728,0.0036748594237122315,0.0019770344706708403,0.004691792335180118,0.01464421202808517,0.004428664745806745,0.0016974389643077336
201.51118476747936,0.001558129816337018,0.030442993491386072,0.0004470222647192373,0.00030444262317082786,0.009583669392059084,0.021021284670069213,0.00020783130511903356,8.62565785554973e-05,0.0024159197860978603,0.020040031717591503,0.001677596725041298,0.0005988322901043731,0.0039027453842441872,0.007679419945114003,0.003640491658037937,0.0020127110643021486,0.004668007892171508,0.014862392680985348,0.004423571051494124,0.0016947888501578155
201.47059025000004,0.0019829715295311117,0.03124873496169366,0.0004434541000875412,0.000304175001469049,0.009521344462996992,0.020892211874256342,0.0002050818180261389,8.234417249988183e-05,0.004173645748422089,0.019722226252265492,0.001698473764952263,0.0005892728065536084,0.003276099001393691,0.007564835756743419,0.0037031975342884204,0.0020331505836872115,0.005157583009489661,0.014708790585627256,0.004428555847594125,0.001684322154714071
201.43001208479356,0.002236522753846279,0.029667984757802267,0.0004474133149616171,0.00030089870412568486,0.009252851684642559,0.021038409057129174,0.00020486666647689982,9.010138447419167e-05,0.004915845891344493,0.022373940276465106,0.0016527420336807242,0.0006266692154382478,0.0033671237216594836,0.0075596828426227666,0.003653676865811778,0.00199756050595581,0.0049923891184695994,0.014264334861205418,0.004429072958003024,0.0016961990589208777
201.3894502619815,0.0023053842036437518,0.031155408728843897,0.0004508428709073769,0.00030520606399051203,0.00957081022690948,0.020575544792297357,0.00020607071643335663,8.930763877334859e-05,0.001935486792891431,0.024222620376989294,0.0016542509753449943,0.0006027685508802208,0.0034908196660054357,0.006958277160789467,0.003622047779955275,0.0019799310956614387,0.004925037521207959,0.014546943954292978,0.004415823559281331,0.00168970907243689
201.3489047716932,0.003807314176358607,0.030962880342322387,0.0004466168591948724,0.0003062817891760789,0.009122331759860583,0.020950352303913598,0.0002055189785206686,8.798655544018597e-05,0.002672133810568228,0.019515985828659,0.001632171207210633,0.0005863457241008872,0.0034483820704230535,0.00791211590281078,0.0036281412665861135,0.0019605824243316295,0.004795740440734535,0.014128103493421735,0.004431877758226055,0.0016738910017115058
201.30837560406604,0.0034272945471846786,0.028831392558547365,0.00044710069954553725,0.0003040088053109948,0.009066559248437881,0.021152931495383515,0.00020382596711832526,8.476867393487263e-05,0.0033907468361487007,0.021909171779074393,0.0015994698824667627,0.0005889022755211507,0.0040027095974802035,0.008517536410749463,0.003611702522389637,0.002020215843422883,0.004441235163099686,0.014606602295639214,0.004428514857270342,0.0016980184316659104
201.26786274924535,0.002135893440544498,0.02970071254773731,0.0004486638580541819,0.0003050937456454685,0.009313434203035717,0.02113625169173642,0.00020316497892817632,8.441239676619304e-05,0.003077272969066998,0.02171633525015862,0.001660379032378206,0.0005716074085302607,0.0044415952595549,0.006536219959193466,0.0036662578738154753,0.0020004508118692654,0.0047883800698412474,0.014493553853487502,0.004419091250443836,0.0016889594808298732
201.22736619738433,0.0030732524449781492,0.030249410507854207,0.0004492703553436065,0.00030611179467845,0.009238308499190238,0.02103946033551429,0.00020680395342753268,8.628708854856195e-05,0.0025082282882050062,0.01992177143437731,0.001694594264589457,0.0005719955540759426,0.0036922486937969287,0.007609875137744946,0.0036724651148968865,0.0019861052247256584,0.004460642178651414,0.014833498475166039,0.004429241269951415,0.0016937007307666675
201.18688593864417,0.003018888200234019,0.029493318515030346,0.0004465286644433963,0.000305717904957459,0.009022804119896366,0.021230410025080918,0.0002034564476219147,8.612883539679953e-05,0.004420561048528825,0.019357910614129347,0.0016210337687403047,0.0005851525818872798,0.003862190133282877,0.008377364601137924,0.003630903269072681,0.002008086489790743,0.005053328091246674,0.014765073771175146,0.004425542778534093,0.0016987597525216483
201.14642196319392,0.0023339440981623655,0.02910459812690046,0.0004468353026573099,0.0003040098905005399,0.00930549469598402,0.02114041630568348,0.000207663685660771,8.76446187991325e-05,0.0025138934848073415,0.022504018813519204,0.0016420724833321615,0.0005854459602031877,0.004293643591092025,0.007366112478525356,0.003595019153217951,0.001980430883018289,0.004960582346531681,0.014341365574799085,0.004411689850506057,0.0016922801888329328
201.10597426121055,0.0027270945216915816,0.030017606771421183,0.0004473793360078105,0.0003047077642383128,0.00911632474150186,0.021050150299774716,0.000202620791509728,8.687075323156582e-05,0.004223418735361051,0.020756850790817998,0.0016217094504876854,0.0005962799941822716,0.00373444600236986,0.007394574925643507,0.0036331499400587995,0.001991032293352928,0.004923722823299102,0.01465170403478956,0.004419448266261477,0.0016821281429306814
201.065542822879,0.002677125860518469,0.029690215031009607,0.0004457871478734171,0.00030548860093566877,0.009263381919695113,0.02116807669583899,0.00020683258021827447,8.576687257466101e-05,0.002649414962585916,0.0200864791897506,0.0016518334037000516,0.0006224220364735251,0.004236176429791245,0.00796921603343274,0.003635626802966133,0.002021414097022402,0.0048656298465475575,0.014295365475943508,0.0044336289902520256,0.0016733607502603096
201.025127638392,0.002723525511401863,0.02978332720182828,0.0004467369997193765,0.0003052448125289506,0.009146310196290594,0.021119385877856806,0.00020617655251158504,8.189653892921097e-05,0.003701348252751935,0.021041282029316342,0.0016750105417413178,0.0005947945205487805,0.0041090190693576735,0.007189359617818378,0.0036653533535850203,0.0020513845271057274,0.004622320943542192,0.014642414491042435,0.004435946809897514,0.0016942145588937456
200.98472869795017,0.0026562897194284864,0.029630242120574572,0.00044605136352229234,0.0003051180065424314,0.00915873872906155,0.021091596054571136,0.00020535575421987042,8.562050863173976e-05,0.003568840496004415,0.021466908699067415,0.0016821152078490484,0.0005922351243023856,0.004249305668228653,0.007723919551075392,0.0036812721731019366,0.0020125792990876882,0.004935982094796485,0.014323641604303137,0.0044309551196150205,0.001692671327533522
200.94434599176213,0.0026847005751219903,0.029876425981040095,0.000444048935626022,0.0003042768624580242,0.009207932662914906,0.02104077485679328,0.00020661110109531408,8.444740643347487e-05,0.002872250527773422,0.02202801315045693,0.0016381096435738984,0.0006065005354743623,0.00455744107780505,0.006924534255807614,0.003623160893333177,0.0020479160520096495,0.0045822684494097625,0.014445636235570955,0.0044277707143261956,0.0016996552110421408
200.90397951004422,0.002787762991350582,0.02962641485573343,0.00044365596890388263,0.00030921382545592743,0.009167976291053165,0.021192642649084242,0.00020236783839831096,8.557876724266073e-05,0.0026646135912850345,0.02077008144453075,0.0016074086499574193,0.0005625343492668295,0.004702588726465725,0.006823988698428707,0.003634940742110929,0.0019849325109687387,0.004901208344736995,0.01462034878580945,0.004425138270701899,0.0016910164335445504
200.8636292430207,0.002606259630534781,0.02957023682365843,0.000453689206680726,0.00031172771032267056,0.009267200207477745,0.020890985687931032,0.00020617928925617039,8.713989921909851e-05,0.0024041388850440234,0.024144753080010635,0.001686152903979727,0.000599151248882742,0.004420746224703403,0.0070420303447843065,0.003667342349957746,0.0020032840536806096,0.004653153684545768,0.014472015162735968,0.004431088768594163,0.0016835090085561585
200.82329518092374,0.002754113843314526,0.029753428164143836,0.00044791728151991105,0.0002893964491651083,0.009218024104039298,0.021085725968346295,0.00020579555274310779,8.524113844213775e-05,0.002944002101786379,0.021795178213720203,0.0016537387492467483,0.0005969474119079791,0.0039330496189282,0.006558645339026416,0.003661407292399448,0.0020068892121022225,0.004954394032724782,0.014653776909319653,0.004442707371450654,0.0017030840207150199
200.7829773139932,0.002832577479852307,0.02961349238608424,0.0004554210132106007,0.000298840820997938,0.009233132285091037,0.021205383074129266,0.00020437770024051935,8.926724030260453e-05,0.001699148177671018,0.02000015525530183,0.0016288390688328953,0.0006150128347141569,0.004614271212873511,0.007635591388590815,0.003602728413796623,0.0019955433955208633,0.00486987782545093,0.014410254760517851,0.00441492504830483,0.0017049018119127954
200.74267563247696,0.002722368646083148,0.02961881693886496,0.00044881741252374987,0.0003020705952524074,0.009195560420627486,0.021042293910947984,0.00020297841708749319,8.640415742287242e-05,0.0032506885355363725,0.023459576986855243,0.0016364641439902219,0.000630287673800505,0.004142305645268302,0.005787343195890708,0.0036335011579460962,0.0020324502299490592,0.004601518585438305,0.014559901208003823,0.004411749974815057,0.0016922239143113444
200.70239012663055,0.0027018948095618484,0.029540023166898036,0.000446898887871884,0.00030406753188873926,0.009283145040658638,0.02109632678839476,0.00020652812736414978,8.395521558969417e-05,0.0019559444976838987,0.022241755296359286,0.0016634234637976095,0.0006264824430616818,0.0043617527172270945,0.006609671896636391,0.0036362812412497904,0.0020507784026452145,0.004843672270718684,0.014481853908355345,0.004417589837656771,0.0016858227328086265
200.66212078671754,0.0026437013776847555,0.02961471316907071,0.0004551272498014476,0.00030207446706041145,0.009199008887922229,0.02128085766803838,0.0002081400344930815,8.678913237418041e-05,0.0038979301052801773,0.020088194849255395,0.0016967726171456358,0.0005981280205081413,0.003281051472968088,0.006286877789016204,0.003636295644214477,0.0019999230384679114,0.00451698115497913,0.014682904870577213,0.004417541711394102,0.0016950866895930376
200.62186760300906,0.002548754664978755,0.029631968206722644,0.0004464634520486905,0.00029819069371271085,0.009297513371934341,0.021157890050848192,0.00020034537072862176,8.758832477042872e-05,0.0024951318757138147,0.020916749919100516,0.001664259335628712,0.0005599760907342088,0.0036808203630430514,0.006986158856149134,0.0037138365373027833,0.0019346794385921486,0.004907561995970058,0.014527466442182821,0.004426708837749785,0.0016854861127939165
200.58163056578422,0.0026879834308143565,0.029594005142381773,0.0004551612079312926,0.00030583960988016874,0.009125466711508573,0.021179157762413393,0.00020454287492427086,8.625285895250106e-05,0.004441601857327338,0.020981814295383146,0.0016717193017310864,0.0006219131588232447,0.003453116827772667,0.00663114137190623,0.0036544607178107587,0.0020261494421118923,0.00484648828428576,0.014498144257288447,0.00442165995718424,0.001686116204698287
200.5414096653299,0.002718449995846365,0.02955159004465232,0.0004481020707904138,0.00030663866240901384,0.009221051601916566,0.021032543522208246,0.00020721597367375129,8.575480128854704e-05,0.002764901780892812,0.022149302360571426,0.0016931231075539824,0.0006290828933786237,0.004230289011875713,0.007240756336487017,0.003685457275552324,0.0020394227887473707,0.004907117255461426,0.014650536651119,0.0044400065793013975,0.0016825062120688454
200.50120489194066,0.0024532332202333593,0.02954131677254211,0.0004482903870392793,0.0003027224371093228,0.009176886906565058,0.021269498340210306,0.00020730893981621735,8.649451150009304e-05,0.003297982782303248,0.019755396906512204,0.0017108261551361395,0.0005842409925365367,0.004639070430937288,0.007138262356075347,0.003682514179624798,0.001993943936193075,0.00488017672165786,0.014476182774072772,0.004428690934390611,0.001693825426743111
200.46101623591906,0.0028435417349368278,0.029615858742066917,0.0004504738453902475,0.0003033959479742834,0.009192224477529353,0.021052901378173013,0.0002071320724484876,8.206207791346778e-05,0.0035577225660293013,0.022978876985054894,0.0017137448362816309,0.0005370129472713058,0.0033728535857618994,0.006107724581550498,0.0036838645465055325,0.00197967225374627,0.004813391112979364,0.014538608424824743,0.0044207085185124905,0.001684698557677994
200.4208436875752,0.0025298396090289695,0.029257524718727626,0.0004498991657878384,0.00030368313745631484,0.009265702600237352,0.02106727352335441,0.00020460637699314324,8.732024549692934e-05,0.0021336228860198195,0.023360864161858695,0.0016549309306035764,0.0006231376871798485,0.004804289731420434,0.006464449194307155,0.003654141630898933,0.0020117621830214303,0.00487266139725846,0.01431569530874687,0.004426734778200621,0.001682133699521116
200.38068723722702,0.002601106267887463,0.029717487805930295,0.00045400166937559634,0.00030611230554805586,0.009281569086314858,0.021139729098404083,0.00020412700542419643,8.459440710448551e-05,0.002561727347152679,0.021606771638552458,0.0016664068161851696,0.0006131342208468271,0.004288898484181056,0.006107127700645337,0.0036523996839440344,0.0020433293107701925,0.004607292577768876,0.01457053418881408,0.00441772748614793,0.0016938248753594239
200.34054687520035,0.0023603136782410056,0.029383834335422368,0.0004494553303594,0.0003082988406895935,0.009346446376632728,0.02119319923247794,0.0002058381781128505,8.619031107724546e-05,0.0019040841851265377,0.020933403274420358,0.0016714642777359674,0.0006224974483710937,0.004256281396114757,0.006865838829603061,0.0036638325013318277,0.002029684498433697,0.004851219422965005,0.014637952480130008,0.004434106423467681,0.0016867531492808275
200.3004225918286,0.0024439959644101976,0.030068851164448396,0.00045247293491128087,0.00030736002763025107,0.009288241082641672,0.020927205117272328,0.00020376367669641001,8.632869357503358e-05,0.0024595077043301867,0.022398195814707325,0.0016413798229916049,0.000630711616559892,0.00454671220441371,0.006959267724555264,0.0036433507315349464,0.002048505181229658,0.00466860471908007,0.014669366464500847,0.004425487832942661,0.0016989381908788011
200.26031437745297,0.0029536382817041584,0.029809430962885557,0.0004504058211405974,0.0002986777370306797,0.009122672828423318,0.021132732933134876,0.00020570085336444035,8.66097918269222e-05,0.003387836417582335,0.020447844880030222,0.0016576816491040715,0.0006429148796177225,0.004091585271009272,0.007125262132460208,0.0036443931703376495,0.0020383646814355004,0.004772049886454491,0.01470439892456897,0.004426392346303511,0.0016871675956934282
200.22022222242245,0.002951716225258733,0.029996448646576933,0.000448148647246692,0.0003059942885225491,0.009131448418527323,0.021146761836170924,0.00020424108585742666,8.710696157988678e-05,0.0030540833341721387,0.020416274988726116,0.001652744140933125,0.0006134269563062651,0.004421886748651576,0.007032385674880469,0.0036512883543376594,0.0020165060511670523,0.004703044594215601,0.014373662333106526,0.004425305788234915,0.001691153635387205
200.1801461170937,0.001990997315524101,0.029662813536436444,0.0004492031872760468,0.00030538326890806,0.009384372096389327,0.02091061210893755,0.00020708379160087957,8.699256463998808e-05,0.002724607522814631,0.02453357932566618,0.001676368009247607,0.000602473672473448,0.004031450481801302,0.00576855993225557,0.0036457953595181764,0.0020065726698491127,0.004745916682687609,0.014614058201068135,0.004422031551889336,0.00169280275634532
200.14008605183113,0.002612685622033494,0.029738638983539373,0.0004480943424631743,0.0003040179358173415,0.00920317989990072,0.02110529656945378,0.00020699906287202497,8.539351149372362e-05,0.0027828662883952943,0.02112790060670969,0.0016751543642114278,0.0005998732045292417,0.004504165071776739,0.00717616846524804,0.003649028792145166,0.002017311913429176,0.004789605653988569,0.014381683295517832,0.004426141901446999,0.0016921679230053677
200.10004201700684,0.0025033804909124825,0.029452042779149642,0.00044931942120978363,0.0003041438987956666,0.009241369555748323,0.021230379512796178,0.00020673697328236403,8.563124790670655e-05,0.0031324689385573887,0.02035487390804971,0.0016778107801950321,0.0005894813477263369,0.004079801221100395,0.007244947436856544,0.0036468541096615643,0.0020076146357379736,0.004733002382590887,0.014361839292252668,0.004417828785073235,0.0016930832121565557
200.06001400300062,0.0025305464480332783,0.029276556981062372,0.0004498621169723346,0.0003040379790968391,0.009133089096735197,0.021239518982077415,0.0002041623951097498,8.760438198642667e-05,0.003803012009990969,0.021619041054563644,0.001609112314842555,0.000622633796801216,0.0043424491157767805,0.005826111175428427,0.0036079479935502315,0.0020159601309900485,0.004991067094905801,0.014621795567985577,0.004428368797030249,0.00168944646903923
200.02000200020004,0.0025071141268151464,0.02965205126990833,0.00045018259857609877,0.00030212190359946156,0.0092583139128104,0.020953651403838425,0.00020510803150619594,8.379297832417087e-05,0.0024931548703825968,0.024217127132986294,0.0016628305131769494,0.0005910689980341832,0.0044882100582430695,0.005473375765236765,0.0036587504700333895,0.002029992656888968,0.004804364218673918,0.01455533046747659,0.004431401917404099,0.0016995946094926495
